179	533	504	224	189	217	183	-7.95	-46.75	-9.57	12007.27	-1634.17	11146.77	698.90	229.02	1612.19
179	533	504	224	189	217	183	-7.76	-46.68	-9.49	11989.11	-1615.06	11141.63	703.76	240.17	1577.73
179	533	504	224	189	217	183	-7.75	-46.53	-9.57	11968.45	-1629.71	11169.55	702.57	229.21	1544.80
179	533	504	224	189	217	183	-7.68	-46.45	-9.62	11952.43	-1636.62	11197.87	705.24	218.55	1491.76
180	533	504	224	188	217	184	-7.61	-46.45	-9.64	11942.81	-1638.39	11224.18	706.08	196.57	1437.67
180	533	504	224	188	217	184	-7.60	-46.40	-9.68	11935.47	-1645.47	11229.17	700.23	186.50	1385.18
180	533	504	224	189	217	182	-7.60	-46.37	-9.76	11922.29	-1661.20	11218.51	713.91	181.52	1308.23
180	533	504	224	189	217	184	-7.39	-46.43	-9.69	11900.98	-1643.94	11203.39	718.57	160.19	1221.71
180	533	504	224	189	217	184	-7.26	-46.54	-9.58	11884.53	-1615.74	11167.62	690.79	153.09	1165.28
181	533	503	224	189	217	184	-7.18	-46.54	-9.59	11861.90	-1614.15	11148.24	692.45	147.38	1112.11
180	533	504	224	189	217	184	-7.05	-46.48	-9.58	11846.01	-1610.45	11131.42	711.08	157.36	1054.71
181	533	503	224	188	217	184	-6.94	-46.39	-9.56	11836.91	-1603.32	11117.45	715.82	183.44	1012.47
180	533	504	224	189	217	184	-6.94	-46.25	-9.57	11825.66	-1605.36	11105.38	719.98	215.37	984.30
180	533	504	224	186	217	184	-6.99	-46.02	-9.62	11809.98	-1612.09	11123.91	716.03	242.90	953.68
180	533	504	224	187	217	184	-7.03	-46.02	-9.63	11804.68	-1612.69	11133.31	697.78	226.61	908.00
180	533	504	224	187	218	184	-7.12	-45.99	-9.62	11793.64	-1610.05	11135.65	664.84	219.83	881.05
180	533	504	224	187	217	184	-7.28	-46.07	-9.70	11790.16	-1625.95	11121.46	641.05	205.79	853.90
180	533	504	224	187	217	184	-7.40	-46.13	-9.76	11780.45	-1637.05	11098.39	629.95	197.70	807.00
180	533	504	224	187	217	184	-7.38	-46.14	-9.75	11770.63	-1632.20	11063.67	615.40	212.06	765.30
178	533	504	225	187	217	184	-7.39	-46.05	-9.71	11746.50	-1621.99	11066.69	587.53	206.96	730.69
177	533	504	223	187	217	184	-7.37	-46.06	-9.66	11752.38	-1611.89	11051.55	568.85	208.41	710.20
175	533	504	223	186	217	184	-7.44	-45.99	-9.70	11738.56	-1615.90	11052.58	552.11	216.44	694.79
174	533	503	224	187	217	184	-7.54	-46.02	-9.72	11743.23	-1621.30	11049.75	528.71	213.17	676.10
173	533	504	224	187	217	184	-7.62	-45.97	-9.76	11740.27	-1628.04	11047.46	509.92	226.81	655.55
172	533	503	224	187	217	184	-7.58	-45.94	-9.76	11745.85	-1630.43	11036.69	501.62	234.92	625.32
173	533	503	224	186	217	185	-7.55	-45.77	-9.78	11740.56	-1633.31	11062.45	500.69	255.87	594.35
172	533	504	223	185	217	184	-7.46	-45.72	-9.71	11734.13	-1617.05	11076.93	478.16	263.13	560.94
173	533	504	223	186	217	184	-7.57	-45.61	-9.70	11723.02	-1614.79	11096.88	430.00	263.52	559.34
173	533	504	224	188	217	184	-7.71	-45.58	-9.77	11725.47	-1629.85	11115.84	405.85	252.50	538.72
173	533	504	224	188	217	184	-7.78	-45.61	-9.79	11716.60	-1631.56	11112.45	382.06	239.07	504.44
173	533	504	224	187	217	184	-7.80	-45.62	-9.76	11712.77	-1624.98	11119.22	353.51	226.32	479.11
174	532	504	224	187	217	184	-7.93	-45.64	-9.80	11710.53	-1633.73	11126.46	325.93	209.30	450.61
174	533	504	224	188	217	184	-8.06	-45.65	-9.89	11703.00	-1649.05	11143.34	304.73	181.94	422.28
174	533	504	223	187	217	184	-8.22	-45.75	-9.96	11709.25	-1664.79	11142.97	283.55	157.34	389.61
174	533	504	224	187	217	184	-8.32	-45.78	-10.01	11700.59	-1673.76	11138.02	264.82	141.17	356.33
174	533	504	224	187	218	184	-8.39	-45.74	-10.04	11691.96	-1677.07	11149.52	247.73	124.66	320.92
174	533	504	224	188	217	184	-8.31	-45.82	-9.94	11678.96	-1655.81	11148.05	220.74	93.13	288.42
174	533	504	224	187	218	184	-8.33	-45.90	-9.92	11675.02	-1650.82	11160.24	193.10	52.83	273.85
174	532	504	224	187	217	184	-8.26	-45.97	-9.93	11669.66	-1651.08	11170.83	192.55	22.38	247.76
174	533	504	224	188	217	184	-8.04	-46.14	-9.75	11672.78	-1615.73	11142.89	186.27	5.46	227.32
173	533	504	224	188	217	185	-7.98	-46.27	-9.66	11675.14	-1598.34	11109.14	172.46	5.79	232.30
173	533	504	224	188	218	184	-8.03	-46.38	-9.66	11683.98	-1599.42	11076.49	170.64	9.25	225.09
173	533	503	224	188	217	185	-8.15	-46.42	-9.73	11681.19	-1612.05	11056.46	163.95	9.84	219.48
173	533	504	224	188	217	184	-8.47	-46.50	-9.87	11689.33	-1642.45	11042.64	138.31	-5.80	205.51
173	533	504	223	188	217	184	-8.74	-46.54	-9.99	11693.66	-1668.93	11030.71	113.09	-9.71	183.68
173	533	504	224	188	217	185	-8.89	-46.54	-10.05	11690.18	-1679.68	11021.37	88.04	-18.23	153.50
173	533	504	224	188	217	185	-8.97	-46.61	-10.04	11682.67	-1676.90	10989.30	61.98	-20.92	142.63
173	533	504	224	188	218	185	-9.22	-46.57	-10.17	11669.13	-1700.25	10973.84	29.74	-12.42	144.44
173	533	504	224	188	217	185	-9.64	-46.56	-10.35	11668.68	-1738.64	10977.55	-19.55	-17.45	115.97
173	533	504	224	188	217	183	-10.00	-46.58	-10.49	11688.84	-1770.11	10985.47	-75.02	-19.78	78.72
174	533	504	224	188	218	185	-10.28	-46.62	-10.60	11704.60	-1796.60	10985.60	-114.52	-25.39	40.59
173	533	504	223	188	218	184	-10.34	-46.63	-10.58	11702.77	-1790.97	10977.52	-144.45	-23.97	-3.99
174	533	504	224	188	217	184	-10.24	-46.59	-10.54	11694.63	-1780.02	10989.64	-155.87	-32.32	-45.09
174	533	503	223	187	217	183	-10.06	-46.66	-10.39	11676.70	-1747.42	10984.36	-181.73	-61.65	-61.94
174	533	503	223	187	218	184	-10.06	-46.84	-10.28	11682.46	-1726.45	10956.34	-223.39	-79.42	-46.39
174	532	503	223	187	217	185	-10.23	-46.99	-10.29	11695.54	-1729.53	10924.12	-260.67	-75.65	-49.77
174	532	503	223	186	217	184	-10.28	-46.97	-10.30	11703.96	-1734.65	10918.52	-268.79	-58.47	-70.83
174	532	503	222	187	218	184	-10.30	-46.92	-10.30	11711.57	-1735.32	10921.79	-287.20	-43.19	-98.94
174	532	503	223	186	218	185	-10.35	-46.84	-10.26	11721.99	-1728.95	10919.90	-311.24	-18.08	-120.09
175	532	503	223	186	218	184	-10.37	-46.78	-10.28	11731.69	-1735.91	10930.91	-324.93	-7.53	-162.99
175	532	502	222	186	217	185	-10.18	-46.79	-10.20	11738.30	-1719.31	10931.96	-315.18	-6.85	-215.54
175	532	502	222	185	218	185	-9.99	-46.75	-10.09	11723.79	-1693.15	10929.76	-322.82	-5.06	-242.26
175	532	503	222	185	218	185	-10.09	-46.73	-10.12	11726.40	-1700.49	10913.07	-341.73	13.59	-243.60
175	532	502	223	185	218	185	-10.39	-46.57	-10.32	11716.88	-1740.66	10912.42	-344.80	37.16	-257.77
175	532	502	222	185	217	185	-10.41	-46.61	-10.38	11710.44	-1750.23	10907.00	-341.11	28.60	-273.88
175	532	503	222	185	218	185	-10.57	-46.58	-10.40	11716.91	-1757.72	10903.05	-376.60	45.37	-273.69
175	532	503	222	185	218	185	-10.70	-46.45	-10.46	11705.67	-1767.83	10905.10	-403.32	65.16	-291.45
175	532	502	222	185	218	186	-10.81	-46.32	-10.42	11692.98	-1755.04	10920.44	-431.20	82.80	-301.43
175	532	502	222	185	218	185	-11.08	-46.31	-10.48	11694.93	-1768.29	10924.42	-480.69	86.16	-311.01
175	532	502	222	185	218	185	-10.99	-46.33	-10.40	11699.79	-1753.47	10918.00	-497.46	94.80	-333.31
175	532	503	222	186	218	185	-10.93	-46.23	-10.24	11687.40	-1717.20	10917.50	-531.79	123.71	-313.79
175	532	503	222	186	218	185	-11.01	-46.15	-10.22	11683.63	-1712.74	10908.42	-571.40	147.82	-301.05
175	532	503	222	186	218	186	-11.15	-46.07	-10.22	11685.65	-1713.30	10900.80	-612.93	176.28	-294.45
174	532	502	222	186	218	185	-11.33	-46.00	-10.30	11695.16	-1732.64	10902.36	-630.08	202.92	-321.58
174	532	503	222	186	218	185	-11.02	-45.85	-10.13	11691.20	-1695.81	10901.64	-632.03	246.32	-353.60
175	532	503	223	186	218	186	-10.83	-45.70	-9.97	11681.84	-1662.42	10916.16	-657.68	273.86	-354.37
175	532	503	222	186	218	185	-10.83	-45.57	-9.94	11673.95	-1655.10	10922.75	-670.14	297.26	-363.20
174	533	503	222	186	218	185	-10.86	-45.47	-9.97	11661.85	-1658.74	10932.62	-678.38	311.20	-376.44
175	532	503	223	186	218	185	-10.99	-45.42	-10.08	11663.36	-1680.60	10930.99	-680.92	330.19	-394.12
174	532	503	223	186	218	185	-11.22	-45.34	-10.22	11665.19	-1710.17	10930.64	-694.57	353.68	-411.66
174	532	503	223	186	218	185	-11.63	-45.28	-10.48	11664.33	-1763.26	10926.90	-711.84	367.05	-431.78
174	532	502	223	186	218	185	-12.00	-45.27	-10.71	11667.92	-1811.10	10911.36	-723.25	381.74	-465.19
174	531	503	222	187	218	185	-11.95	-45.19	-10.75	11658.12	-1818.35	10925.59	-713.59	384.76	-498.13
174	532	503	223	187	218	186	-12.01	-45.27	-10.74	11663.21	-1816.03	10916.51	-743.66	382.12	-492.47
174	532	503	223	187	218	185	-12.30	-45.26	-10.88	11670.25	-1846.63	10936.08	-783.67	370.96	-468.75
174	532	503	223	187	218	185	-12.33	-45.23	-10.97	11666.74	-1863.50	10972.08	-783.34	344.62	-464.71
174	532	503	223	187	218	184	-12.28	-45.16	-10.92	11652.40	-1851.52	10982.08	-807.27	346.38	-440.98
174	532	503	223	187	218	185	-12.34	-44.90	-11.00	11592.18	-1854.15	11002.17	-837.56	343.02	-415.58
175	532	503	223	187	218	186	-12.09	-44.69	-10.89	11543.98	-1823.44	11008.06	-839.73	347.36	-392.25
174	532	502	223	187	218	186	-11.74	-44.49	-10.72	11505.78	-1781.07	11022.46	-837.45	362.05	-350.59
174	532	503	223	187	218	185	-11.66	-44.28	-10.65	11513.89	-1770.41	11060.34	-847.17	400.14	-288.91
174	532	503	223	188	218	186	-11.73	-44.22	-10.80	11532.19	-1803.49	11112.52	-828.86	399.19	-265.06
174	532	502	223	187	218	185	-11.56	-44.36	-10.76	11576.78	-1803.12	11132.69	-795.42	391.78	-272.91
174	532	503	223	187	218	185	-11.31	-44.47	-10.64	11625.35	-1788.36	11148.46	-760.85	398.64	-275.36
174	532	502	223	187	218	185	-10.94	-44.59	-10.46	11675.28	-1760.54	11183.04	-722.16	383.36	-282.00
174	532	503	223	187	218	185	-10.56	-44.74	-10.31	11718.31	-1738.72	11230.48	-669.80	350.44	-281.45
174	532	503	223	187	218	186	-10.44	-45.01	-10.32	11767.00	-1748.18	11272.16	-628.41	274.42	-276.92
174	532	503	223	187	218	185	-10.32	-45.32	-10.38	11806.25	-1768.37	11294.75	-568.54	201.15	-286.08
174	532	502	224	187	218	185	-10.10	-45.64	-10.40	11828.14	-1776.15	11300.61	-495.61	127.94	-308.22
175	532	503	223	188	219	185	-9.80	-45.93	-10.36	11844.33	-1772.15	11297.98	-422.13	59.04	-325.01
175	532	503	223	187	218	186	-9.54	-46.14	-10.34	11849.71	-1768.74	11304.88	-366.82	0.24	-324.96
175	532	503	223	186	219	185	-9.42	-46.32	-10.37	11851.03	-1775.90	11310.04	-315.88	-58.72	-320.81
174	531	502	223	187	218	185	-9.25	-46.56	-10.40	11850.07	-1780.51	11306.14	-246.24	-131.09	-324.17
175	532	502	223	187	219	185	-9.05	-46.76	-10.43	11830.57	-1782.28	11287.83	-173.48	-187.38	-327.91
174	532	502	223	187	219	185	-8.87	-47.06	-10.41	11817.64	-1777.57	11247.04	-104.25	-248.76	-330.12
174	531	502	223	187	219	185	-8.70	-47.27	-10.43	11795.76	-1777.89	11209.49	-38.64	-296.22	-329.46
174	532	502	223	187	219	185	-8.57	-47.53	-10.44	11776.37	-1776.39	11175.21	15.24	-348.56	-325.84
174	532	502	223	187	218	184	-8.43	-47.68	-10.45	11760.95	-1774.97	11130.05	75.13	-370.19	-315.05
174	531	502	223	186	219	184	-8.26	-47.72	-10.44	11742.50	-1769.03	11096.15	125.57	-369.63	-284.40
174	532	502	223	187	219	184	-8.31	-47.70	-10.52	11727.18	-1783.57	11075.54	155.79	-377.84	-263.88
174	532	502	223	187	218	183	-8.31	-47.73	-10.56	11732.22	-1793.00	11058.76	188.15	-375.00	-254.53
175	531	502	223	186	218	184	-8.25	-47.74	-10.55	11744.01	-1793.35	11047.22	221.55	-362.40	-247.66
174	531	503	223	187	219	183	-8.14	-47.79	-10.50	11756.61	-1784.28	11037.46	241.52	-366.33	-260.72
174	531	502	223	187	218	183	-7.94	-47.99	-10.36	11767.98	-1758.26	11021.19	262.39	-388.87	-271.64
174	531	502	222	187	219	183	-7.78	-48.15	-10.24	11782.98	-1735.35	10997.13	274.97	-401.82	-277.05
175	531	502	223	187	217	183	-7.54	-48.35	-10.09	11805.03	-1709.98	10969.67	311.77	-418.98	-301.55
175	531	503	223	187	219	182	-7.16	-48.57	-9.88	11810.38	-1666.28	10927.79	345.24	-432.83	-318.32
174	531	502	223	187	219	182	-6.95	-48.85	-9.75	11824.06	-1642.17	10891.20	376.12	-468.64	-326.26
174	532	502	224	187	219	182	-6.72	-49.18	-9.64	11846.66	-1622.46	10865.04	429.97	-520.71	-362.40
174	532	503	223	187	219	182	-6.13	-49.63	-9.27	11867.92	-1549.94	10824.99	460.92	-590.92	-382.43
174	531	503	224	188	219	183	-6.19	-49.86	-9.16	11888.33	-1531.04	10770.74	444.77	-593.83	-355.20
174	531	503	223	188	219	182	-6.21	-50.13	-9.15	11907.91	-1530.09	10738.60	461.94	-631.44	-367.84
174	531	502	223	188	219	182	-5.96	-50.35	-9.00	11914.51	-1501.78	10691.27	490.19	-640.16	-388.80
173	531	502	223	187	219	182	-5.83	-50.43	-8.83	11922.39	-1466.30	10641.51	476.63	-614.56	-376.36
174	532	502	223	187	220	182	-5.85	-50.51	-8.73	11932.47	-1448.58	10608.03	457.40	-605.73	-360.99
174	532	502	223	188	218	182	-5.74	-50.59	-8.55	11937.85	-1411.35	10566.43	430.83	-591.09	-345.59
174	531	502	223	187	219	182	-5.80	-50.66	-8.39	11945.35	-1380.78	10531.31	392.19	-574.49	-308.36
174	531	502	223	188	219	182	-5.89	-50.70	-8.33	11964.09	-1370.54	10500.94	365.88	-551.81	-283.90
174	531	502	224	187	219	182	-5.98	-50.72	-8.27	11984.08	-1361.42	10481.90	339.93	-528.67	-265.60
174	531	502	223	188	219	182	-6.03	-50.65	-8.21	11994.88	-1350.75	10467.40	315.84	-497.64	-253.17
174	532	502	224	187	219	183	-5.96	-50.69	-8.06	12008.13	-1319.01	10440.23	292.34	-480.81	-244.56
174	531	502	223	188	219	182	-5.74	-50.70	-7.86	12027.33	-1281.06	10424.02	284.73	-459.67	-238.28
175	531	502	223	188	219	183	-5.33	-50.61	-7.58	12028.76	-1224.01	10385.62	277.84	-402.38	-208.82
175	531	502	223	188	220	183	-5.07	-50.51	-7.35	12029.92	-1175.01	10367.94	260.40	-361.81	-161.53
176	531	502	223	188	219	182	-4.79	-50.45	-7.11	12053.62	-1128.26	10346.14	244.63	-308.67	-109.20
176	532	502	223	187	219	183	-4.71	-50.20	-6.98	12057.34	-1103.64	10351.83	228.80	-249.54	-39.74
177	531	503	223	188	218	183	-4.68	-50.08	-6.89	12077.88	-1086.46	10360.44	217.36	-210.51	18.89
178	531	502	223	187	218	183	-4.58	-49.93	-6.77	12092.78	-1062.74	10357.22	218.79	-162.49	81.60
178	532	502	223	187	218	182	-4.45	-49.90	-6.61	12116.34	-1033.40	10358.36	206.30	-135.41	158.67
179	532	502	224	187	219	182	-4.59	-49.76	-6.67	12134.53	-1046.53	10381.64	209.09	-113.34	229.19
179	532	502	223	187	218	182	-4.62	-49.84	-6.65	12149.40	-1044.20	10384.56	213.83	-125.97	289.18
180	531	503	223	187	218	182	-4.81	-49.91	-6.74	12169.73	-1065.79	10368.33	213.59	-116.53	358.02
180	532	502	223	188	218	182	-4.88	-49.94	-6.79	12179.04	-1077.90	10348.51	237.56	-100.80	391.12
181	532	503	224	188	216	182	-4.85	-49.99	-6.77	12195.09	-1076.01	10326.69	257.53	-78.06	415.61
181	532	502	223	187	218	181	-4.72	-49.99	-6.72	12202.94	-1064.21	10310.95	277.41	-52.11	458.28
182	532	503	224	187	217	181	-4.77	-49.91	-6.76	12222.39	-1076.60	10302.60	297.89	-20.30	505.47
182	531	503	223	188	217	182	-4.98	-49.81	-6.86	12245.27	-1101.17	10303.07	297.49	11.11	538.09
182	531	503	223	188	216	181	-5.23	-49.75	-7.05	12265.41	-1142.71	10322.32	317.07	20.21	561.54
183	532	503	224	188	217	182	-5.29	-49.79	-7.14	12285.74	-1164.57	10333.60	355.21	11.85	570.66
183	532	503	224	188	217	181	-5.19	-49.82	-7.04	12299.05	-1144.55	10331.52	357.05	12.11	585.53
183	532	502	223	188	217	182	-5.42	-49.80	-7.17	12306.30	-1172.52	10346.95	351.25	4.55	597.70
183	532	503	224	188	217	181	-5.47	-49.95	-7.20	12330.58	-1183.29	10346.80	360.39	-23.68	602.02
183	532	503	223	187	217	181	-5.51	-50.03	-7.22	12337.65	-1187.53	10345.06	361.97	-45.34	621.67
183	532	503	224	188	217	181	-5.52	-50.14	-7.26	12338.77	-1196.75	10347.01	377.92	-76.28	632.78
183	532	503	224	187	217	181	-5.41	-50.33	-7.28	12326.83	-1200.51	10333.26	422.02	-119.91	622.99
183	532	503	223	188	217	181	-5.34	-50.51	-7.27	12316.29	-1196.69	10309.79	455.52	-152.02	612.99
183	531	503	223	188	217	181	-5.31	-50.75	-7.28	12320.47	-1198.85	10273.10	480.60	-179.82	605.14
183	532	503	224	188	217	180	-5.45	-50.79	-7.40	12331.45	-1226.31	10242.45	515.57	-159.28	580.24
183	532	503	223	188	217	181	-5.25	-50.76	-7.42	12329.48	-1229.40	10213.53	570.54	-128.41	541.53
183	532	503	224	188	217	181	-4.90	-50.74	-7.28	12312.60	-1197.73	10186.05	598.86	-100.39	521.80
184	532	502	223	188	217	181	-4.83	-50.64	-7.24	12325.97	-1190.64	10164.35	607.67	-51.52	537.76
183	532	502	223	188	217	181	-4.81	-50.35	-7.29	12322.47	-1201.71	10171.13	635.13	21.05	540.52
183	532	502	223	188	217	180	-4.54	-50.11	-7.21	12318.95	-1184.42	10198.77	685.88	58.60	541.00
184	532	502	223	187	217	181	-4.33	-49.96	-7.11	12330.00	-1163.40	10221.63	705.43	90.77	570.35
184	532	502	223	188	217	181	-4.36	-49.71	-7.12	12340.90	-1167.63	10240.55	709.51	152.03	624.18
183	532	502	223	188	217	181	-4.37	-49.52	-7.15	12339.46	-1174.25	10247.52	726.39	195.78	670.92
183	532	502	223	188	217	181	-4.25	-49.54	-7.11	12346.68	-1165.14	10261.15	744.32	184.89	695.62
184	532	501	223	188	216	181	-4.38	-49.34	-7.11	12348.15	-1165.28	10270.29	712.70	242.15	736.49
184	532	501	223	188	216	181	-4.74	-49.14	-7.28	12352.74	-1201.02	10294.18	682.07	277.19	765.17
184	532	500	223	188	215	181	-4.68	-49.01	-7.27	12349.11	-1199.97	10295.07	700.11	294.53	782.36
184	532	499	223	188	216	181	-4.68	-48.88	-7.26	12337.05	-1196.77	10308.91	698.71	312.90	810.69
183	532	499	223	187	216	181	-4.85	-48.78	-7.37	12330.20	-1218.13	10335.47	694.52	316.61	842.66
183	531	499	223	187	216	181	-5.07	-48.63	-7.51	12319.49	-1247.82	10352.69	701.90	328.33	864.72
183	531	499	223	188	216	181	-5.15	-48.55	-7.63	12314.91	-1271.43	10370.86	721.35	324.01	864.64
183	532	499	222	188	216	181	-5.10	-48.47	-7.63	12296.77	-1270.86	10397.72	738.18	313.51	852.91
183	531	499	223	188	217	181	-5.07	-48.48	-7.64	12289.33	-1271.92	10408.43	749.27	305.24	858.36
183	532	499	223	188	216	181	-5.05	-48.42	-7.65	12283.06	-1272.72	10407.61	754.96	317.97	871.24
183	531	499	223	188	216	181	-5.14	-48.22	-7.68	12265.71	-1276.88	10414.03	738.66	352.28	904.98
183	532	499	223	188	216	181	-5.40	-48.14	-7.78	12245.02	-1295.44	10443.53	698.88	339.71	935.13
183	532	499	223	188	216	182	-5.58	-48.04	-7.90	12232.17	-1318.87	10470.15	677.39	327.18	960.12
184	532	499	222	188	216	182	-5.67	-48.01	-7.99	12230.36	-1337.92	10484.44	679.42	322.57	970.97
183	531	500	223	188	216	182	-5.63	-47.99	-8.05	12214.05	-1347.03	10501.82	702.85	317.69	972.17
183	532	499	222	188	216	182	-5.68	-47.99	-8.13	12202.14	-1362.48	10516.33	713.15	289.55	973.06
184	532	499	223	188	216	182	-5.72	-48.04	-8.22	12205.64	-1381.75	10519.71	734.80	275.88	972.66
184	532	499	222	188	216	183	-5.67	-48.00	-8.26	12204.75	-1389.47	10542.33	763.61	267.13	967.73
184	532	500	222	188	216	182	-5.58	-48.07	-8.28	12196.12	-1392.59	10563.21	793.28	234.73	959.74
184	532	499	222	188	216	183	-5.55	-48.11	-8.35	12187.11	-1406.96	10562.45	826.81	209.54	952.05
183	532	499	222	188	216	183	-5.47	-48.25	-8.35	12181.75	-1406.41	10565.53	847.22	173.26	946.00
183	531	499	222	188	216	182	-5.47	-48.32	-8.35	12182.67	-1407.49	10563.85	860.81	152.30	960.40
184	532	499	223	188	216	183	-5.52	-48.35	-8.44	12178.13	-1425.52	10560.06	882.87	142.33	964.03
184	532	500	222	188	216	183	-5.52	-48.35	-8.51	12174.83	-1438.64	10559.65	902.18	136.82	957.98
184	532	499	223	188	216	183	-5.62	-48.32	-8.60	12179.08	-1459.71	10564.67	910.72	138.03	946.18
184	531	499	222	187	216	182	-5.65	-48.26	-8.65	12172.13	-1467.33	10562.44	921.28	146.73	919.87
184	532	499	222	187	216	183	-5.74	-48.17	-8.71	12153.92	-1478.36	10567.12	916.87	150.29	897.63
184	532	499	222	187	216	183	-5.72	-48.19	-8.69	12150.83	-1473.24	10564.16	909.62	150.68	873.05
184	531	499	223	187	216	183	-5.60	-48.18	-8.63	12144.09	-1460.38	10561.35	915.79	154.89	857.84
184	532	499	222	188	216	183	-5.60	-48.18	-8.62	12142.08	-1456.36	10560.49	906.25	157.80	850.90
184	532	499	222	188	216	183	-5.62	-48.18	-8.64	12144.38	-1461.94	10568.86	909.59	152.06	831.76
184	532	499	222	188	216	183	-5.45	-48.20	-8.53	12144.56	-1438.25	10570.82	906.81	151.20	815.57
184	531	499	223	187	216	183	-5.44	-48.20	-8.49	12147.53	-1430.13	10579.88	889.47	147.89	817.04
183	532	499	223	187	216	182	-5.42	-48.20	-8.49	12145.35	-1430.23	10587.48	894.80	140.60	814.49
184	532	499	223	187	216	182	-5.31	-48.20	-8.48	12144.09	-1427.71	10597.51	916.46	130.77	798.61
184	532	499	222	187	216	182	-5.18	-48.32	-8.38	12151.88	-1408.33	10587.23	915.38	119.58	790.03
183	532	499	222	187	216	183	-5.29	-48.30	-8.41	12150.69	-1413.51	10593.47	895.96	118.25	796.33
185	532	499	222	188	216	183	-5.45	-48.36	-8.53	12159.75	-1440.84	10614.60	893.32	94.64	765.71
184	532	499	223	187	216	182	-5.39	-48.43	-8.48	12167.17	-1432.20	10617.87	909.85	67.06	721.38
184	532	499	222	188	215	183	-5.40	-48.52	-8.47	12163.81	-1429.19	10620.97	901.61	50.50	695.56
184	531	499	223	187	215	183	-5.38	-48.60	-8.45	12155.62	-1423.73	10616.52	897.03	25.78	661.48
184	532	499	222	188	215	183	-5.30	-48.70	-8.36	12149.24	-1404.74	10603.50	889.23	-0.01	633.06
185	532	499	222	188	215	183	-5.17	-48.78	-8.26	12137.17	-1381.50	10587.92	876.92	-8.81	625.95
185	532	499	222	188	216	183	-5.23	-48.80	-8.23	12115.32	-1372.43	10561.33	848.02	-7.52	641.31
184	531	499	222	187	216	183	-5.37	-48.79	-8.25	12092.15	-1371.81	10544.26	813.67	-11.49	661.54
184	531	499	222	187	214	183	-5.57	-48.78	-8.29	12073.94	-1378.42	10528.25	775.18	-10.07	685.76
185	532	499	222	187	215	183	-5.96	-48.77	-8.40	12050.25	-1398.30	10514.63	707.08	-13.01	716.28
184	532	499	223	187	215	183	-6.37	-48.72	-8.60	12027.73	-1436.98	10506.50	666.22	-2.61	735.16
185	531	499	222	187	215	183	-6.66	-48.61	-8.72	12006.75	-1456.33	10482.98	625.36	21.72	722.85
184	532	499	222	187	216	184	-6.92	-48.47	-8.77	11982.41	-1463.11	10471.03	582.94	53.28	721.16
184	532	499	222	185	216	184	-7.21	-48.30	-8.87	11972.89	-1483.56	10466.88	538.10	93.62	717.20
185	532	499	221	184	216	184	-7.47	-48.12	-8.97	11958.84	-1503.18	10462.13	505.59	135.29	696.49
185	531	499	220	184	216	184	-7.68	-47.91	-9.10	11961.50	-1530.22	10477.03	484.16	176.02	667.07
185	531	499	220	184	216	184	-7.92	-47.64	-9.22	11956.63	-1554.91	10488.17	442.55	225.32	635.37
185	532	499	219	184	215	184	-8.20	-47.48	-9.35	11954.20	-1581.77	10512.17	399.38	244.95	592.85
185	531	499	220	184	215	184	-8.37	-47.38	-9.41	11957.29	-1593.68	10542.56	364.76	264.96	538.30
185	532	499	220	184	216	183	-8.45	-47.28	-9.39	11959.02	-1590.99	10576.43	321.07	274.86	498.69
185	532	499	220	184	216	184	-8.54	-47.21	-9.40	11977.47	-1595.04	10609.81	266.92	278.17	465.61
185	532	499	221	184	216	184	-8.47	-47.13	-9.35	11983.20	-1585.89	10641.12	229.17	280.41	432.57
185	531	499	220	184	215	184	-8.39	-47.29	-9.22	11989.63	-1560.20	10636.46	192.76	250.49	417.65
184	531	499	220	184	216	184	-8.45	-47.31	-9.20	11976.35	-1553.19	10632.24	144.62	232.26	414.16
185	532	499	221	184	216	184	-8.57	-47.49	-9.20	11987.14	-1555.33	10620.03	111.99	211.75	410.31
185	531	499	221	184	215	184	-8.70	-47.48	-9.23	11994.98	-1561.36	10602.23	75.64	233.21	407.54
185	532	499	220	185	216	185	-8.78	-47.44	-9.25	12006.43	-1567.29	10614.71	51.36	245.15	394.36
185	531	499	220	185	216	185	-8.87	-47.38	-9.25	12020.51	-1570.73	10654.98	20.49	253.29	377.45
185	531	499	221	185	216	185	-8.96	-47.38	-9.28	12030.28	-1578.99	10686.23	-7.78	224.88	359.47
185	531	499	220	185	216	185	-9.06	-47.38	-9.37	12034.77	-1597.44	10707.72	-27.34	204.39	335.25
185	531	499	220	185	216	185	-8.98	-47.44	-9.32	12028.23	-1586.37	10708.13	-36.73	183.02	309.84
185	531	499	220	185	216	185	-8.94	-47.41	-9.28	11995.02	-1572.45	10695.33	-60.99	177.52	315.39
185	531	499	220	185	216	185	-9.08	-47.47	-9.36	11989.07	-1587.43	10691.36	-74.74	157.94	310.38
185	531	499	220	185	216	185	-8.94	-47.51	-9.29	11974.82	-1571.86	10671.19	-73.65	159.79	298.26
185	531	499	220	185	216	185	-8.84	-47.49	-9.24	11957.87	-1558.46	10659.63	-77.12	165.10	301.84
185	531	499	221	185	216	185	-8.81	-47.42	-9.25	11942.38	-1558.54	10658.05	-74.61	173.50	291.35
185	531	499	220	185	217	185	-8.74	-47.26	-9.26	11920.46	-1556.01	10666.55	-68.53	191.22	277.18
185	531	499	220	185	217	185	-8.77	-47.09	-9.32	11891.84	-1564.61	10672.22	-65.36	205.66	271.92
185	531	499	220	185	217	185	-8.86	-46.94	-9.41	11867.25	-1577.98	10671.01	-67.39	228.38	271.98
185	532	499	220	185	215	185	-8.98	-46.71	-9.52	11843.68	-1597.48	10665.26	-65.52	276.71	291.38
185	531	499	221	185	217	185	-9.18	-46.37	-9.70	11814.90	-1630.61	10697.40	-74.34	316.77	305.41
185	531	499	221	185	217	185	-9.38	-46.15	-9.86	11811.16	-1662.48	10729.53	-84.43	348.69	321.94
185	531	499	220	185	217	185	-9.79	-45.97	-10.11	11801.20	-1711.76	10743.05	-106.01	375.40	340.69
185	531	499	220	185	216	185	-10.23	-45.80	-10.39	11794.94	-1769.37	10761.70	-129.31	394.28	334.66
185	531	498	220	185	217	186	-10.43	-45.60	-10.55	11781.19	-1798.70	10785.61	-146.79	416.82	306.63
185	531	499	220	185	216	186	-10.50	-45.46	-10.62	11765.13	-1811.96	10802.13	-160.20	432.28	286.34
185	531	499	220	185	216	185	-10.47	-45.41	-10.61	11760.67	-1808.37	10802.83	-182.74	454.41	278.23
185	531	499	220	185	217	185	-10.55	-45.34	-10.59	11764.24	-1805.35	10813.68	-216.80	469.84	285.42
185	531	499	220	183	217	185	-10.65	-45.25	-10.70	11762.23	-1826.08	10841.40	-223.36	472.05	271.99
185	531	498	220	184	217	185	-10.65	-45.22	-10.71	11767.52	-1829.18	10865.33	-232.59	475.25	260.35
185	531	499	220	185	216	186	-10.72	-45.23	-10.76	11778.34	-1841.92	10890.66	-243.87	471.78	253.28
185	531	499	220	185	216	185	-10.62	-45.21	-10.72	11775.42	-1834.82	10900.73	-242.92	468.35	230.11
185	531	499	220	185	217	185	-10.43	-45.19	-10.60	11762.05	-1806.48	10919.09	-258.38	455.28	231.26
185	531	499	220	184	217	185	-10.46	-45.23	-10.61	11755.75	-1807.56	10933.54	-279.81	431.56	244.35
185	531	499	220	185	216	185	-10.41	-45.12	-10.59	11726.56	-1797.58	10948.86	-285.92	423.14	259.33
185	531	499	220	186	216	185	-10.43	-45.15	-10.65	11708.43	-1805.50	10955.62	-288.07	396.33	287.71
185	531	499	221	185	217	186	-10.60	-45.17	-10.79	11700.01	-1833.42	10954.04	-285.27	385.16	316.43
185	531	499	220	185	217	185	-10.77	-45.06	-11.03	11671.01	-1877.95	10951.33	-266.30	386.50	316.60
185	531	498	220	186	217	186	-10.76	-44.87	-11.16	11637.26	-1896.66	10932.17	-234.64	405.08	294.17
185	531	499	220	185	217	186	-10.76	-44.77	-11.21	11599.40	-1900.02	10906.16	-228.71	435.98	286.07
185	531	499	221	186	217	186	-11.00	-44.48	-11.41	11568.03	-1935.22	10906.05	-232.52	484.88	283.71
185	531	499	221	185	217	186	-11.02	-44.15	-11.56	11545.22	-1960.26	10928.55	-210.15	537.78	250.38
185	531	499	220	185	217	187	-11.03	-43.78	-11.70	11517.56	-1983.05	10971.12	-199.39	578.04	223.46
185	531	499	220	186	217	186	-11.12	-43.51	-11.84	11501.88	-2008.10	11009.16	-199.97	604.04	211.24
185	531	499	221	185	217	186	-11.15	-43.28	-11.91	11477.99	-2018.09	11030.51	-203.72	635.74	209.47
185	531	499	220	186	216	186	-11.27	-43.11	-12.05	11468.29	-2044.59	11060.18	-201.93	652.60	210.55
185	531	499	220	185	217	186	-11.33	-42.99	-12.13	11462.48	-2058.76	11080.17	-204.14	667.57	206.47
185	531	499	220	186	217	186	-11.46	-42.88	-12.21	11460.95	-2075.82	11112.96	-216.18	677.69	211.35
185	531	499	220	186	217	186	-11.59	-42.83	-12.34	11458.50	-2101.43	11130.71	-214.97	682.41	202.63
184	531	499	221	186	217	186	-11.50	-42.73	-12.37	11447.38	-2104.76	11152.98	-199.67	692.69	182.30
185	531	498	220	186	217	187	-11.49	-42.72	-12.38	11437.41	-2104.72	11184.33	-213.14	677.65	186.33
184	531	499	220	185	217	186	-11.62	-42.73	-12.50	11431.94	-2127.08	11207.91	-228.98	658.67	190.12
184	531	499	221	185	217	186	-11.75	-42.70	-12.62	11420.94	-2149.33	11222.32	-234.23	649.64	190.21
185	532	499	220	186	217	186	-11.85	-42.76	-12.73	11412.90	-2170.26	11231.80	-232.67	624.71	182.10
185	531	499	220	186	217	187	-11.93	-42.71	-12.79	11397.25	-2178.75	11241.21	-245.94	616.82	186.85
184	531	499	220	185	217	187	-12.03	-42.69	-12.90	11374.39	-2195.61	11252.95	-255.04	588.88	198.55
184	531	499	220	185	217	186	-12.24	-42.70	-13.01	11359.07	-2215.23	11259.70	-280.64	568.29	207.33
184	531	499	220	185	217	186	-12.45	-42.72	-13.15	11350.72	-2241.67	11281.32	-305.01	539.22	213.56
184	531	499	220	186	217	186	-12.64	-42.76	-13.29	11344.38	-2268.39	11299.85	-322.36	509.76	206.38
184	531	499	220	186	217	186	-12.71	-42.77	-13.39	11333.56	-2286.37	11314.06	-331.34	484.67	203.76
184	531	499	221	185	217	187	-12.80	-42.79	-13.49	11313.28	-2301.05	11322.55	-336.97	458.89	200.52
184	531	499	220	186	218	186	-12.92	-42.79	-13.62	11291.62	-2322.60	11326.43	-342.17	435.74	193.70
183	531	499	220	185	217	186	-13.01	-42.71	-13.76	11262.04	-2342.67	11332.91	-340.61	423.71	180.36
184	531	499	220	186	217	185	-13.06	-42.59	-13.91	11231.34	-2365.13	11347.66	-329.68	424.02	158.10
184	531	499	220	185	217	187	-13.07	-42.45	-14.00	11193.17	-2374.88	11354.48	-330.65	420.87	135.34
184	531	499	220	186	217	187	-13.18	-42.31	-14.14	11161.71	-2395.53	11371.75	-336.77	414.78	119.22
183	531	499	220	186	217	186	-13.20	-42.19	-14.27	11131.03	-2413.76	11373.77	-330.78	424.44	89.61
184	531	499	221	185	217	187	-13.18	-42.01	-14.35	11108.07	-2423.27	11397.88	-330.59	425.82	56.83
184	531	499	220	186	217	186	-13.19	-41.90	-14.44	11090.07	-2436.30	11426.78	-326.26	418.48	19.34
184	531	499	220	186	217	187	-13.26	-41.80	-14.51	11077.57	-2448.89	11443.64	-336.25	420.25	-7.58
184	531	499	220	186	217	187	-13.37	-41.83	-14.61	11067.69	-2464.84	11458.66	-341.29	401.44	-33.80
184	531	499	220	186	217	187	-13.38	-41.81	-14.69	11066.30	-2480.00	11466.53	-321.32	405.42	-59.01
184	531	499	220	186	218	187	-13.39	-41.68	-14.77	11047.79	-2492.00	11473.00	-303.50	422.75	-86.06
183	531	499	221	186	218	187	-13.46	-41.71	-14.81	11046.40	-2499.60	11454.75	-306.38	436.36	-97.25
183	531	499	220	186	217	187	-13.60	-41.56	-14.96	11041.68	-2527.82	11478.41	-307.51	456.39	-101.89
184	531	499	220	186	218	186	-13.78	-41.54	-15.13	11073.99	-2571.83	11526.89	-308.69	452.47	-114.45
184	531	499	220	185	217	187	-14.17	-41.70	-15.42	11102.29	-2637.24	11567.95	-335.45	404.25	-112.53
184	531	498	220	186	217	186	-14.83	-42.06	-15.79	11144.78	-2724.38	11569.35	-374.53	330.39	-130.70
184	531	499	221	186	217	187	-15.37	-42.33	-16.09	11159.94	-2789.36	11536.88	-408.10	287.72	-184.51
184	531	499	220	186	217	186	-15.73	-42.52	-16.31	11158.14	-2834.49	11517.64	-431.45	247.18	-276.44
183	531	499	220	186	217	187	-15.96	-42.58	-16.35	11133.83	-2835.57	11497.76	-494.17	217.12	-361.72
184	531	499	220	185	218	187	-16.37	-42.70	-16.45	11117.74	-2851.59	11481.47	-585.67	178.47	-418.38
183	531	499	220	186	217	186	-16.70	-42.68	-16.55	11091.05	-2863.21	11450.60	-656.38	181.84	-500.91
184	531	499	220	186	218	187	-16.87	-42.61	-16.55	11070.90	-2858.65	11443.87	-717.11	189.50	-585.87
184	531	499	220	186	217	187	-16.85	-42.44	-16.47	11052.76	-2836.31	11448.47	-773.46	215.57	-669.02
183	531	498	220	186	217	186	-16.82	-42.30	-16.35	11023.32	-2803.70	11472.25	-841.28	219.25	-711.72
184	531	499	221	185	217	187	-16.93	-42.18	-16.35	11010.95	-2799.91	11481.04	-898.62	230.98	-749.84
184	531	499	220	186	218	186	-16.92	-42.12	-16.28	10993.81	-2780.32	11478.39	-936.99	238.88	-808.19
184	531	499	220	186	217	186	-16.89	-42.05	-16.22	10962.32	-2758.30	11475.47	-985.19	239.84	-869.98
184	531	499	220	186	217	187	-16.71	-41.95	-16.04	10940.80	-2716.99	11480.69	-1028.63	252.60	-913.33
184	531	499	220	186	217	187	-16.49	-41.88	-15.83	10930.56	-2671.54	11476.26	-1060.60	276.62	-926.92
183	531	499	220	186	217	187	-16.38	-41.82	-15.67	10917.03	-2635.36	11486.84	-1105.27	276.99	-921.22
184	531	499	220	185	217	187	-16.40	-41.74	-15.61	10909.78	-2622.39	11500.90	-1146.91	288.99	-887.66
184	531	499	220	186	218	187	-16.33	-41.72	-15.59	10925.29	-2622.27	11520.66	-1146.96	297.79	-879.28
184	531	499	220	186	217	187	-16.18	-41.73	-15.47	10928.23	-2599.16	11528.02	-1155.91	299.05	-859.91
184	531	499	220	185	217	187	-16.35	-41.80	-15.54	10939.81	-2617.40	11538.22	-1184.72	285.65	-823.62
184	531	499	220	185	217	187	-16.44	-41.86	-15.65	10955.02	-2642.13	11538.71	-1176.43	287.16	-823.99
184	531	499	221	185	217	187	-16.43	-41.91	-15.68	10961.47	-2650.22	11525.18	-1161.26	294.51	-837.84
184	531	499	220	185	217	187	-16.56	-41.91	-15.72	10964.40	-2658.31	11481.52	-1158.60	330.08	-830.75
184	531	499	220	186	217	187	-16.88	-41.83	-15.91	10951.18	-2693.20	11484.64	-1184.42	339.78	-837.76
184	531	499	220	186	218	187	-17.11	-41.78	-16.03	10976.22	-2725.74	11495.81	-1204.35	361.84	-869.27
183	531	499	221	186	218	187	-17.24	-41.68	-16.13	10994.01	-2749.05	11534.42	-1228.18	364.25	-893.91
184	531	499	220	185	217	187	-17.44	-41.76	-16.31	11007.71	-2790.80	11553.70	-1237.72	333.08	-924.36
184	531	499	221	186	218	187	-17.63	-41.88	-16.42	11008.72	-2812.46	11548.81	-1251.38	309.93	-952.04
184	531	499	220	185	217	187	-17.80	-41.99	-16.59	11001.49	-2845.23	11546.17	-1250.16	271.18	-998.09
183	531	499	220	185	218	187	-17.74	-42.08	-16.57	10990.01	-2838.97	11532.66	-1247.11	256.07	-1032.64
184	531	498	220	186	218	187	-17.66	-42.09	-16.59	10979.31	-2838.82	11532.23	-1232.25	236.67	-1040.36
184	531	499	220	185	218	187	-17.33	-42.09	-16.47	10967.54	-2810.68	11540.22	-1196.64	229.59	-1043.64
183	531	499	220	186	218	186	-17.01	-42.08	-16.35	10947.17	-2780.95	11546.81	-1170.71	221.71	-1011.91
183	530	499	220	185	217	187	-16.74	-41.97	-16.25	10946.61	-2761.50	11544.67	-1137.22	240.32	-966.86
183	530	499	220	186	218	188	-16.58	-41.86	-16.26	10930.48	-2758.23	11570.23	-1118.01	231.56	-943.47
183	530	499	220	186	218	187	-16.32	-41.81	-16.19	10922.15	-2742.92	11584.12	-1084.86	229.03	-924.09
184	530	498	220	185	218	187	-16.03	-41.85	-16.09	10924.85	-2721.17	11574.12	-1043.52	225.78	-894.19
183	530	498	220	185	218	187	-15.85	-41.83	-16.08	10920.80	-2718.31	11568.81	-1002.89	238.39	-863.08
183	530	498	220	186	218	188	-15.86	-41.89	-16.10	10929.56	-2725.80	11569.97	-981.05	235.47	-828.08
183	529	498	220	186	218	187	-15.90	-41.93	-16.22	10940.89	-2753.71	11575.47	-946.09	230.35	-812.62
183	530	498	220	186	218	187	-15.80	-41.96	-16.26	10947.44	-2762.02	11560.10	-901.99	231.33	-811.09
183	530	499	220	186	218	187	-15.80	-41.99	-16.29	10936.47	-2766.32	11544.89	-876.74	222.26	-787.54
183	530	498	220	185	218	187	-15.78	-42.07	-16.33	10930.65	-2771.80	11515.05	-847.85	220.85	-763.51
183	530	498	220	185	218	187	-15.58	-42.05	-16.34	10902.91	-2765.21	11498.50	-800.36	216.66	-752.98
183	530	498	220	185	218	187	-15.52	-42.09	-16.35	10893.57	-2764.55	11487.77	-773.04	213.82	-723.23
183	530	498	220	186	218	187	-15.63	-42.09	-16.48	10892.29	-2791.52	11489.18	-752.89	205.58	-697.27
183	530	499	220	186	218	187	-15.67	-42.13	-16.60	10905.28	-2818.15	11483.12	-716.55	204.75	-688.91
183	530	498	220	186	218	187	-15.79	-42.20	-16.69	10928.01	-2842.04	11463.77	-693.27	209.72	-689.06
183	530	498	220	185	218	187	-15.83	-42.32	-16.73	10956.01	-2859.94	11453.38	-667.80	211.13	-695.36
183	530	499	220	186	218	187	-15.73	-42.30	-16.71	10967.41	-2860.14	11462.11	-646.56	219.82	-704.89
183	530	498	220	185	218	187	-15.70	-42.36	-16.62	10970.84	-2842.13	11447.80	-663.74	223.23	-689.85
183	530	498	220	185	218	187	-15.75	-42.35	-16.64	10960.90	-2843.03	11461.81	-683.35	203.57	-665.36
183	530	498	220	186	218	187	-15.66	-42.39	-16.59	10959.05	-2832.08	11468.12	-680.58	187.84	-654.44
183	530	498	219	185	218	187	-15.48	-42.41	-16.51	10952.10	-2814.07	11460.92	-660.90	183.45	-644.67
183	530	498	219	185	218	187	-15.41	-42.41	-16.51	10948.09	-2813.77	11453.07	-639.31	186.08	-641.63
183	530	498	219	185	219	187	-15.30	-42.38	-16.51	10946.69	-2813.88	11459.62	-610.99	186.97	-658.30
183	530	498	219	185	218	187	-15.10	-42.37	-16.45	10935.55	-2797.59	11454.84	-581.64	186.07	-665.24
183	530	498	219	185	218	186	-15.19	-42.39	-16.54	10931.78	-2815.71	11438.89	-563.21	185.97	-651.32
183	530	498	219	185	218	187	-15.15	-42.50	-16.56	10949.79	-2824.32	11408.15	-518.85	199.67	-650.66
183	530	498	219	184	218	187	-15.23	-42.47	-16.66	10949.10	-2844.51	11419.74	-507.21	191.24	-622.22
183	530	498	219	184	218	187	-15.54	-42.51	-16.88	10960.64	-2892.28	11440.75	-516.80	160.78	-599.31
183	529	498	219	185	216	187	-15.83	-42.50	-17.06	10969.41	-2931.07	11449.32	-533.06	153.54	-596.50
182	529	498	220	185	218	187	-16.03	-42.40	-17.22	10951.94	-2958.11	11435.45	-533.80	170.06	-627.17
183	529	498	219	185	218	187	-16.04	-42.44	-17.17	10953.54	-2949.81	11401.28	-538.61	192.61	-672.21
183	529	498	218	185	218	187	-15.85	-42.37	-17.04	10954.27	-2922.72	11394.41	-535.53	223.98	-712.05
182	529	498	219	185	218	186	-15.49	-42.20	-16.81	10945.95	-2873.58	11410.09	-531.76	256.23	-710.65
182	529	498	219	185	218	187	-15.17	-42.25	-16.58	10955.05	-2829.30	11421.19	-529.02	252.62	-688.17
183	529	498	219	185	218	187	-14.78	-42.26	-16.31	10958.10	-2776.64	11434.93	-520.02	249.84	-644.66
182	529	498	219	185	218	187	-14.54	-42.36	-16.13	10974.80	-2743.00	11453.38	-517.47	229.14	-572.13
182	529	498	218	185	218	187	-14.43	-42.51	-16.00	11003.46	-2726.45	11469.51	-519.04	207.09	-506.52
182	529	498	219	185	218	187	-14.46	-42.57	-16.04	11028.68	-2742.13	11494.84	-501.54	187.08	-454.84
182	529	498	219	185	218	187	-14.34	-42.73	-16.01	11070.45	-2748.63	11517.69	-460.06	162.33	-448.90
182	529	498	218	185	218	187	-14.06	-42.88	-15.90	11101.33	-2734.39	11543.01	-418.11	131.81	-449.26
182	529	498	218	185	218	187	-13.80	-43.08	-15.83	11121.66	-2725.67	11559.26	-366.91	85.87	-441.14
183	529	498	218	185	218	187	-13.53	-43.46	-15.78	11135.58	-2719.59	11564.70	-297.11	-10.62	-481.94
182	529	498	219	185	218	186	-13.28	-43.82	-15.68	11151.40	-2703.61	11564.66	-251.10	-96.44	-515.09
182	529	498	218	185	218	187	-13.20	-44.14	-15.69	11169.43	-2710.23	11577.03	-211.40	-185.72	-543.39
182	529	498	219	186	218	187	-12.98	-44.46	-15.58	11197.16	-2695.12	11540.18	-155.83	-221.03	-569.22
181	529	498	218	185	218	187	-12.68	-44.69	-15.44	11191.90	-2665.36	11499.37	-98.89	-249.48	-573.51
181	529	498	218	184	217	187	-12.47	-44.90	-15.34	11194.90	-2647.09	11466.20	-61.79	-289.86	-548.03
182	529	498	219	185	218	187	-12.36	-45.03	-15.36	11218.16	-2656.94	11472.89	-10.45	-312.61	-541.63
182	529	498	218	185	218	187	-12.20	-45.15	-15.25	11224.05	-2636.09	11476.64	7.92	-346.18	-521.50
181	529	498	218	185	218	187	-12.23	-45.49	-15.23	11271.45	-2644.69	11485.41	24.82	-415.77	-508.17
181	529	498	218	185	218	187	-12.15	-45.82	-15.21	11307.67	-2651.05	11475.94	74.18	-476.34	-535.06
181	529	498	218	185	219	187	-12.07	-46.23	-15.09	11337.89	-2634.90	11442.54	97.07	-538.32	-542.71
181	530	498	219	184	218	187	-12.03	-46.56	-15.03	11349.59	-2625.16	11405.42	124.92	-593.30	-552.38
181	529	498	218	185	218	187	-11.81	-46.99	-14.86	11358.12	-2591.70	11342.75	158.97	-646.89	-581.91
181	529	498	218	184	218	187	-11.57	-47.27	-14.57	11353.41	-2532.11	11279.01	150.07	-675.19	-572.96
181	530	498	219	184	219	187	-11.49	-47.63	-14.40	11355.94	-2497.51	11194.46	144.42	-702.83	-544.51
180	529	498	219	184	218	186	-11.37	-47.88	-14.21	11352.54	-2458.23	11125.74	148.85	-713.19	-540.69
181	529	498	219	184	218	186	-11.25	-47.96	-14.09	11369.51	-2437.32	11072.65	165.11	-684.18	-536.10
181	529	498	218	184	218	186	-11.00	-47.99	-13.89	11385.24	-2399.25	11025.42	188.10	-639.07	-529.55
181	529	498	218	184	218	186	-10.94	-47.91	-13.77	11402.58	-2380.29	11015.35	184.70	-613.42	-500.42
181	529	498	218	184	218	186	-10.89	-47.89	-13.67	11428.85	-2364.68	11011.38	189.36	-597.50	-477.95
181	529	498	218	184	218	186	-10.93	-47.89	-13.62	11449.01	-2360.24	11022.21	187.39	-605.87	-458.90
181	529	498	218	184	218	186	-10.99	-48.12	-13.49	11475.16	-2340.83	11005.90	152.27	-644.58	-454.76
181	530	498	218	184	218	186	-11.33	-48.47	-13.53	11512.60	-2357.19	11004.80	104.71	-723.20	-466.82
180	529	498	218	184	218	186	-11.30	-48.88	-13.45	11584.97	-2358.33	10956.56	136.07	-740.84	-490.18
180	529	498	218	184	218	186	-10.87	-49.06	-13.13	11617.32	-2299.41	10889.14	171.37	-699.65	-463.17
180	530	498	218	184	218	186	-10.83	-49.27	-12.95	11647.25	-2269.24	10829.88	158.10	-685.72	-417.71
180	530	498	218	184	218	185	-10.74	-49.48	-12.73	11692.49	-2233.58	10761.99	159.90	-649.18	-383.58
180	530	498	218	185	218	185	-10.68	-49.52	-12.57	11721.87	-2205.90	10726.29	152.00	-609.42	-335.75
180	530	498	218	184	218	185	-10.72	-49.61	-12.45	11750.57	-2188.41	10710.17	131.20	-611.60	-325.01
180	530	498	219	184	218	185	-10.73	-49.79	-12.26	11793.44	-2158.59	10683.26	97.64	-603.22	-298.91
180	529	498	218	184	218	185	-10.78	-49.86	-12.18	11829.57	-2147.06	10663.30	83.21	-591.36	-281.46
180	530	498	218	184	218	185	-10.63	-49.89	-12.01	11855.89	-2117.90	10654.93	75.35	-579.34	-282.64
180	530	498	218	184	218	185	-10.53	-50.00	-11.88	11887.70	-2098.01	10638.99	71.63	-575.72	-273.31
180	530	498	219	184	218	185	-10.48	-50.12	-11.73	11920.91	-2072.31	10603.64	54.85	-555.74	-250.49
180	530	498	218	184	218	185	-10.54	-50.23	-11.61	11956.67	-2054.09	10574.46	26.56	-542.95	-224.97
180	529	498	218	184	218	185	-10.64	-50.28	-11.57	11973.63	-2049.59	10532.33	13.93	-511.50	-197.77
180	530	498	218	184	218	184	-10.87	-50.22	-11.63	11975.95	-2063.51	10502.12	-12.42	-481.38	-177.98
179	530	498	218	184	218	183	-11.03	-50.19	-11.67	11993.75	-2076.53	10482.61	-8.60	-432.76	-185.38
178	530	498	218	184	218	183	-10.89	-50.10	-11.49	12020.47	-2042.91	10451.68	-8.47	-360.62	-202.26
178	530	498	219	184	218	182	-10.84	-50.04	-11.35	12034.44	-2016.96	10436.10	-29.64	-320.69	-209.70
178	530	498	218	184	218	183	-10.81	-50.03	-11.20	12070.52	-1990.51	10421.89	-57.21	-279.86	-207.61
178	530	498	218	184	218	183	-10.77	-50.01	-11.13	12090.19	-1980.39	10424.60	-64.50	-265.91	-216.58
178	530	498	218	184	218	183	-10.67	-50.11	-11.03	12110.68	-1962.17	10398.97	-62.82	-250.17	-231.05
177	530	498	218	185	218	183	-10.57	-50.14	-10.95	12120.35	-1947.66	10383.22	-54.28	-239.81	-238.90
178	530	498	219	184	218	183	-10.48	-50.19	-10.88	12135.33	-1935.68	10368.66	-50.72	-226.37	-239.86
178	529	498	218	185	218	183	-10.50	-50.26	-10.84	12146.77	-1930.69	10342.42	-41.68	-218.30	-221.56
178	530	498	219	185	218	183	-10.53	-50.33	-10.87	12165.83	-1938.56	10296.70	-7.65	-184.64	-207.79
178	530	498	218	184	218	183	-10.46	-50.14	-10.96	12176.14	-1959.83	10316.67	39.98	-152.55	-225.75
178	530	498	218	185	218	183	-10.39	-49.98	-10.96	12190.33	-1963.84	10343.63	60.28	-135.73	-266.11
178	530	498	219	184	218	184	-10.27	-49.94	-10.89	12187.61	-1948.05	10338.45	52.97	-131.29	-279.55
178	530	497	219	185	218	183	-10.17	-49.98	-10.78	12176.63	-1921.64	10310.73	36.17	-123.83	-277.98
178	529	498	219	184	218	183	-10.03	-49.92	-10.63	12171.20	-1889.36	10299.59	23.06	-100.98	-267.73
179	530	498	219	184	218	183	-9.80	-49.70	-10.51	12173.24	-1863.89	10341.41	27.91	-83.83	-265.44
178	529	498	219	185	218	183	-9.40	-49.59	-10.32	12179.18	-1825.30	10378.94	54.11	-82.89	-257.32
179	530	498	219	185	218	183	-8.92	-49.68	-10.10	12187.42	-1779.23	10397.59	75.76	-121.10	-232.85
179	530	497	219	184	218	183	-8.68	-49.93	-9.91	12215.05	-1742.87	10380.91	79.77	-146.74	-190.76
179	530	498	219	185	218	182	-8.51	-50.02	-9.74	12231.89	-1709.73	10363.07	74.53	-139.76	-142.52
179	530	498	219	185	218	182	-8.23	-50.12	-9.57	12248.90	-1675.04	10369.52	90.01	-156.32	-104.45
179	530	498	219	184	218	183	-7.88	-50.14	-9.36	12256.85	-1632.89	10369.64	125.26	-158.15	-61.77
179	530	498	219	183	218	182	-7.58	-50.10	-9.23	12267.61	-1606.85	10379.96	170.09	-152.29	-10.64
179	530	498	219	183	218	182	-7.38	-49.95	-9.20	12265.83	-1599.30	10395.16	220.79	-132.83	42.55
179	530	498	219	184	218	182	-7.29	-49.82	-9.23	12246.94	-1603.34	10416.60	261.85	-141.89	66.87
179	530	498	219	184	218	182	-7.06	-49.81	-9.17	12234.99	-1587.77	10402.17	315.21	-135.74	78.18
179	530	498	219	184	218	182	-6.90	-49.83	-9.11	12235.24	-1576.98	10384.46	358.80	-122.06	104.12
179	530	498	219	184	218	181	-6.80	-49.89	-9.11	12236.08	-1576.13	10369.04	407.36	-128.65	117.96
179	530	498	219	184	218	181	-6.56	-49.97	-9.03	12243.68	-1559.73	10332.99	467.74	-112.57	131.66
179	530	498	219	184	218	182	-6.37	-50.00	-8.96	12244.29	-1545.34	10307.94	511.25	-85.24	161.83
179	530	498	219	184	218	181	-6.24	-50.05	-8.93	12241.68	-1538.47	10291.74	565.04	-80.08	184.99
179	530	498	219	184	218	181	-5.95	-50.05	-8.86	12248.39	-1523.95	10263.55	619.79	-48.38	220.04
179	530	498	219	183	218	182	-5.74	-49.88	-8.79	12237.37	-1508.35	10243.78	669.10	3.49	281.09
178	530	498	219	184	218	182	-5.65	-49.81	-8.76	12240.50	-1502.53	10234.99	705.44	35.87	345.08
179	530	498	218	183	218	182	-5.63	-49.66	-8.77	12249.28	-1506.41	10246.64	744.27	66.67	409.63
179	530	498	218	182	218	181	-5.57	-49.58	-8.78	12254.61	-1507.89	10259.31	791.66	82.59	464.75
179	530	497	217	179	218	182	-5.55	-49.50	-8.81	12257.08	-1514.69	10261.54	823.72	95.66	514.51
179	530	497	217	178	216	182	-5.55	-49.51	-8.82	12268.43	-1518.76	10271.86	845.24	90.28	571.08
180	530	497	216	177	218	182	-5.62	-49.51	-8.89	12278.61	-1535.62	10284.87	869.63	85.31	618.78
179	530	497	216	177	218	182	-5.56	-49.55	-8.88	12284.68	-1535.64	10292.03	902.34	64.75	651.34
179	530	497	216	177	218	182	-5.65	-49.73	-8.89	12295.24	-1538.66	10281.63	900.78	35.01	690.27
179	530	497	216	177	218	182	-5.84	-49.90	-8.93	12313.68	-1550.32	10266.14	903.49	11.01	719.31
179	530	497	217	177	218	182	-5.95	-50.00	-8.99	12314.20	-1563.01	10257.24	907.51	-9.84	734.44
179	530	497	216	177	218	182	-6.06	-50.24	-8.99	12333.49	-1566.06	10245.37	898.89	-39.00	743.72
179	530	497	216	177	218	182	-6.10	-50.22	-8.97	12340.61	-1562.36	10244.31	893.14	-27.50	760.49
179	530	497	216	177	218	182	-6.25	-50.19	-9.06	12343.58	-1582.24	10258.29	894.39	-37.92	757.61
179	530	497	217	178	218	182	-6.14	-50.25	-8.98	12352.80	-1566.13	10246.78	899.22	-34.18	759.33
179	530	497	216	178	218	182	-6.21	-50.26	-8.96	12349.36	-1561.82	10240.44	877.01	-35.67	785.06
179	530	497	216	178	218	182	-6.39	-50.31	-9.00	12361.69	-1571.53	10222.01	858.81	-24.68	802.46
179	530	497	216	178	218	182	-6.49	-50.29	-9.04	12357.81	-1579.55	10212.51	854.07	-18.00	802.09
179	530	497	216	178	218	182	-6.55	-50.25	-9.06	12355.72	-1584.17	10218.89	848.46	-18.30	802.53
179	530	497	216	178	218	182	-6.57	-50.21	-9.05	12357.33	-1581.57	10237.94	833.49	-26.84	805.36
179	530	497	216	178	217	182	-6.60	-50.18	-9.04	12355.46	-1580.69	10245.05	821.76	-30.59	815.04
179	530	497	216	178	218	182	-6.62	-50.25	-9.01	12361.89	-1575.05	10234.59	809.83	-35.81	824.29
180	530	497	217	179	218	182	-6.68	-50.24	-9.04	12363.20	-1581.30	10229.66	809.54	-28.52	822.27
179	530	497	216	178	218	182	-6.69	-50.18	-9.05	12355.04	-1581.43	10234.38	805.86	-24.65	810.81
179	530	497	216	179	218	182	-6.78	-50.15	-9.06	12357.29	-1583.36	10230.06	783.67	-17.26	808.32
180	530	497	216	176	218	182	-6.83	-50.06	-9.10	12354.82	-1593.39	10235.36	781.68	-8.50	794.85
179	530	497	217	178	216	182	-6.77	-50.00	-9.07	12347.68	-1584.32	10230.99	788.50	16.67	787.36
179	530	497	216	178	218	183	-6.71	-49.99	-9.02	12342.70	-1573.11	10212.04	789.12	36.74	798.44
179	530	497	216	178	219	182	-6.86	-49.97	-9.09	12358.96	-1591.65	10212.04	787.37	53.90	816.27
179	530	497	216	178	218	183	-7.01	-49.81	-9.21	12354.01	-1617.87	10231.64	791.20	74.71	830.56
179	530	497	216	178	218	183	-7.12	-49.74	-9.28	12357.91	-1631.78	10261.25	786.34	59.72	842.68
179	530	497	216	178	218	182	-7.17	-49.82	-9.29	12360.22	-1634.59	10267.99	775.52	33.44	860.14
179	530	497	216	179	218	183	-7.34	-49.96	-9.34	12360.81	-1644.06	10242.39	753.20	19.56	889.59
180	530	497	216	178	218	183	-7.71	-50.04	-9.45	12367.57	-1670.66	10218.07	726.09	24.89	906.81
179	530	497	216	178	219	183	-8.15	-50.04	-9.67	12374.39	-1718.32	10206.57	702.38	26.99	884.57
179	530	497	216	179	218	183	-8.50	-50.04	-9.84	12380.47	-1757.61	10199.04	682.91	30.74	839.64
179	530	497	216	179	218	183	-8.75	-50.01	-9.94	12395.04	-1781.53	10195.09	661.87	47.96	790.36
179	529	497	216	179	218	183	-8.83	-50.01	-9.96	12403.49	-1787.45	10186.33	638.82	64.91	741.09
179	530	497	216	178	218	183	-8.96	-49.96	-9.98	12400.12	-1791.28	10187.22	598.53	76.41	705.49
179	530	497	216	178	218	182	-9.19	-50.01	-10.03	12408.71	-1803.71	10187.66	556.11	72.19	674.31
179	530	497	216	179	218	183	-9.26	-50.02	-10.05	12415.67	-1807.33	10195.27	532.40	71.23	641.05
179	529	497	216	179	218	183	-9.23	-49.95	-10.02	12410.89	-1800.16	10198.71	511.63	82.12	616.34
179	530	497	216	179	218	183	-9.35	-50.02	-9.99	12403.75	-1793.95	10200.97	465.50	71.26	603.23
179	530	497	216	179	218	183	-9.65	-50.12	-10.08	12426.36	-1817.86	10183.93	432.42	72.35	584.71
179	530	497	215	179	218	183	-9.92	-50.11	-10.21	12437.84	-1846.76	10179.13	408.95	93.38	542.58
179	529	497	216	179	218	182	-9.95	-50.02	-10.20	12443.95	-1845.62	10191.77	378.91	116.71	484.30
180	530	497	216	179	218	183	-9.91	-49.95	-10.12	12454.55	-1830.14	10200.78	342.86	133.63	431.23
179	530	497	216	179	218	183	-9.73	-49.93	-10.02	12460.22	-1809.64	10220.34	313.92	143.95	386.12
179	530	497	216	179	218	183	-9.55	-49.92	-9.89	12468.81	-1782.75	10235.53	292.37	140.30	353.97
179	530	497	216	179	218	183	-9.47	-49.98	-9.80	12491.77	-1767.82	10247.35	270.10	132.98	342.67
180	530	497	216	179	217	183	-9.54	-50.05	-9.80	12516.98	-1772.63	10256.18	250.90	122.84	336.64
179	530	498	216	179	218	182	-9.71	-50.08	-9.88	12528.53	-1791.39	10254.97	234.75	119.09	330.50
179	530	497	216	178	218	182	-9.99	-50.06	-10.02	12538.31	-1822.82	10251.02	217.16	128.84	306.43
179	530	497	216	179	218	183	-10.20	-50.07	-10.12	12554.59	-1849.68	10261.07	204.06	127.00	254.41
180	530	497	216	179	217	183	-10.26	-50.05	-10.17	12559.86	-1860.40	10283.22	188.35	115.75	197.04
179	530	497	217	180	218	183	-10.18	-50.13	-10.14	12557.67	-1852.78	10295.86	167.64	88.86	128.58
179	530	497	216	179	218	183	-9.93	-50.27	-9.99	12549.78	-1818.94	10296.66	153.00	51.42	66.61
179	530	497	217	179	218	183	-9.64	-50.39	-9.83	12528.09	-1779.19	10287.03	143.75	16.45	21.78
180	530	497	217	180	218	182	-9.37	-50.48	-9.69	12499.89	-1743.03	10271.88	141.42	-22.83	-17.66
179	530	498	216	179	218	183	-9.09	-50.50	-9.52	12472.69	-1703.48	10267.08	136.50	-51.98	-48.93
180	530	497	217	179	218	182	-8.85	-50.53	-9.41	12445.06	-1673.71	10266.73	130.67	-88.09	-68.88
179	530	497	217	180	218	183	-8.76	-50.64	-9.35	12435.21	-1660.62	10270.19	141.44	-131.63	-78.54
179	530	497	217	179	218	184	-8.72	-50.77	-9.30	12421.65	-1647.59	10257.88	136.32	-164.40	-81.41
179	530	497	217	179	217	183	-8.88	-50.88	-9.37	12415.36	-1661.01	10244.59	126.85	-192.58	-80.64
180	530	498	217	179	218	184	-9.11	-50.98	-9.50	12407.00	-1688.36	10240.96	120.46	-236.25	-111.01
180	530	497	217	179	217	183	-9.28	-51.17	-9.52	12421.05	-1694.74	10216.71	108.63	-261.39	-154.36
179	530	497	217	179	218	183	-9.37	-51.37	-9.52	12432.99	-1697.61	10192.08	97.55	-287.97	-183.64
179	529	497	216	179	218	183	-9.61	-51.44	-9.64	12433.34	-1721.73	10171.07	87.82	-297.87	-191.36
179	530	497	217	179	219	183	-9.84	-51.71	-9.74	12434.28	-1743.64	10153.92	67.03	-357.48	-240.94
179	530	497	217	180	218	184	-9.79	-51.98	-9.67	12453.76	-1732.26	10115.02	56.58	-378.85	-297.34
179	530	497	217	179	217	183	-9.91	-51.86	-9.67	12443.28	-1730.24	10109.27	18.30	-356.26	-329.08
179	530	497	217	179	218	183	-10.05	-51.98	-9.65	12464.71	-1730.73	10113.41	-25.81	-386.15	-384.92
180	530	498	217	180	218	183	-10.02	-52.21	-9.51	12503.68	-1706.60	10099.33	-64.52	-399.79	-440.18
179	530	497	217	179	218	183	-9.98	-52.31	-9.36	12540.09	-1678.27	10056.37	-110.50	-367.30	-463.67
179	530	497	217	179	218	182	-9.67	-52.45	-9.16	12550.49	-1636.55	10032.55	-124.57	-377.74	-506.28
180	530	497	217	180	218	182	-9.20	-52.71	-8.82	12568.96	-1565.72	9990.72	-148.84	-389.85	-539.57
179	530	497	217	179	218	182	-8.98	-52.85	-8.55	12593.51	-1511.84	9954.59	-194.80	-379.96	-537.44
179	530	497	217	180	218	182	-8.88	-53.02	-8.47	12609.04	-1494.25	9942.26	-199.76	-406.46	-566.82
180	530	497	217	180	218	182	-8.80	-53.19	-8.37	12628.19	-1476.73	9932.34	-211.67	-435.44	-610.03
180	530	497	216	180	218	183	-8.78	-53.49	-8.22	12657.98	-1448.10	9888.93	-255.49	-453.41	-631.18
179	530	497	217	180	218	183	-8.98	-53.45	-8.31	12668.68	-1469.29	9868.48	-267.91	-429.69	-651.42
179	530	497	217	180	218	183	-9.00	-53.54	-8.26	12687.44	-1460.63	9846.86	-284.72	-425.76	-722.75
179	530	497	217	179	219	183	-8.99	-53.62	-8.13	12706.47	-1434.20	9839.51	-323.53	-429.62	-769.86
179	530	497	216	180	218	184	-9.11	-53.88	-8.02	12739.95	-1415.49	9803.14	-387.26	-442.74	-804.72
179	530	498	217	180	218	184	-8.92	-54.11	-7.86	12772.95	-1384.31	9754.18	-392.29	-440.30	-847.28
179	530	498	217	181	218	184	-8.78	-54.21	-7.71	12786.50	-1353.50	9720.47	-412.48	-429.19	-889.62
179	530	498	217	181	218	184	-8.65	-54.29	-7.56	12797.98	-1321.42	9692.65	-449.00	-412.33	-917.59
179	530	498	217	180	219	184	-8.37	-54.38	-7.29	12809.68	-1263.55	9655.02	-494.95	-393.11	-921.46
179	530	498	217	181	218	185	-8.28	-54.36	-7.14	12827.19	-1231.97	9638.86	-539.21	-365.06	-911.48
179	530	498	217	181	218	184	-8.22	-54.28	-7.00	12830.43	-1201.77	9631.32	-580.70	-339.60	-909.61
180	530	498	217	181	218	185	-8.25	-54.26	-6.89	12842.31	-1179.89	9629.16	-629.81	-333.97	-904.93
179	530	497	217	181	218	185	-8.14	-54.42	-6.74	12875.40	-1149.89	9601.70	-656.77	-327.72	-904.38
179	530	498	217	181	218	184	-8.21	-54.27	-6.67	12873.23	-1133.80	9605.41	-703.28	-300.99	-894.46
180	530	498	218	181	219	185	-8.44	-54.42	-6.64	12903.16	-1129.51	9580.94	-761.72	-301.04	-900.04
179	530	498	218	182	218	185	-8.49	-54.44	-6.56	12921.81	-1114.83	9564.89	-803.08	-283.24	-901.24
179	530	497	218	181	218	185	-8.55	-54.43	-6.45	12930.52	-1092.69	9546.25	-864.78	-257.27	-895.08
180	530	497	218	182	218	186	-8.73	-54.42	-6.40	12929.79	-1080.06	9542.14	-931.54	-251.86	-879.97
179	530	498	218	182	218	186	-8.82	-54.41	-6.33	12937.10	-1066.25	9541.83	-985.51	-247.87	-870.62
179	530	498	218	182	218	186	-8.88	-54.42	-6.29	12939.44	-1057.74	9532.14	-1023.19	-248.22	-867.59
179	530	497	218	182	218	186	-8.96	-54.51	-6.25	12949.27	-1049.65	9495.93	-1053.18	-228.06	-854.91
180	530	498	218	182	218	186	-8.95	-54.47	-6.20	12952.61	-1037.77	9484.73	-1073.52	-207.86	-853.02
180	530	498	218	182	218	187	-8.84	-54.49	-6.12	12964.38	-1020.48	9471.90	-1079.89	-187.37	-848.72
179	530	498	218	182	218	186	-8.75	-54.44	-6.05	12974.36	-1007.86	9473.50	-1085.95	-161.80	-832.13
179	530	498	218	182	219	187	-8.63	-54.45	-5.96	12978.64	-986.66	9453.03	-1093.90	-141.01	-806.62
180	530	498	218	183	218	186	-8.39	-54.33	-5.90	12987.31	-975.13	9448.18	-1061.76	-109.41	-780.74
180	530	498	218	180	218	186	-8.25	-54.21	-5.83	12988.34	-960.17	9449.37	-1054.22	-79.84	-763.36
180	530	498	218	182	218	187	-8.16	-54.10	-5.77	12997.93	-947.17	9453.90	-1049.91	-44.60	-736.29
180	530	498	218	183	218	187	-8.31	-54.00	-5.84	13001.63	-962.61	9460.60	-1045.71	-27.22	-712.82
180	530	498	218	183	218	187	-8.32	-54.01	-5.87	13036.15	-972.48	9442.17	-1025.43	8.19	-697.68
180	530	498	218	182	218	186	-8.28	-53.86	-5.86	13046.14	-971.45	9431.66	-995.40	66.28	-678.90
180	530	498	218	183	218	186	-8.14	-53.84	-5.82	13055.43	-963.48	9434.68	-974.73	81.37	-674.75
181	530	498	218	183	218	186	-8.09	-53.76	-5.80	13061.06	-961.71	9449.35	-966.00	90.75	-646.47
181	530	498	218	183	218	187	-8.18	-53.83	-5.85	13080.61	-974.62	9453.88	-959.25	76.61	-612.89
181	530	498	218	183	218	187	-8.31	-53.83	-5.91	13087.18	-987.69	9441.58	-952.24	88.53	-589.30
181	530	498	218	183	218	187	-8.32	-53.85	-5.96	13087.42	-999.11	9430.31	-924.37	94.16	-574.63
181	530	498	219	182	218	186	-8.22	-53.87	-5.93	13089.05	-993.15	9415.79	-894.90	110.70	-562.55
181	530	498	219	182	217	187	-8.20	-53.71	-5.97	13078.59	-999.29	9428.40	-877.96	127.86	-537.52
182	530	498	219	182	217	187	-8.07	-53.62	-5.96	13082.66	-997.73	9431.58	-843.01	147.67	-522.55
182	530	498	219	183	218	187	-8.03	-53.43	-5.99	13074.33	-1004.24	9444.40	-821.66	175.69	-503.17
182	531	498	220	184	218	186	-7.87	-53.28	-5.94	13063.41	-991.83	9466.18	-806.33	186.45	-486.46
182	531	499	219	184	217	186	-7.76	-53.18	-5.85	13054.24	-970.64	9463.67	-820.96	216.63	-451.44
182	531	499	220	184	218	185	-7.78	-52.97	-5.93	13038.93	-986.71	9472.49	-788.76	253.50	-433.87
183	531	499	220	185	217	185	-7.57	-52.76	-5.88	13023.38	-973.57	9486.66	-760.28	289.27	-424.77
183	531	500	221	185	217	185	-7.42	-52.65	-5.81	13020.82	-957.49	9501.33	-761.51	312.66	-394.78
177	532	501	221	185	216	185	-7.48	-52.47	-5.88	13017.77	-973.42	9499.46	-787.09	356.48	-355.65
176	532	501	222	186	217	185	-7.50	-52.34	-5.95	13002.69	-988.75	9525.89	-757.73	365.05	-334.76
173	532	501	222	186	216	185	-7.49	-52.35	-5.99	13004.35	-996.11	9536.80	-726.55	354.35	-323.42
172	532	501	222	186	216	184	-7.40	-52.37	-5.96	13010.13	-990.70	9529.56	-703.97	352.43	-293.35
174	532	501	222	186	215	184	-7.65	-52.26	-6.10	13008.43	-1021.97	9530.88	-685.02	365.61	-258.89
174	532	502	223	186	216	184	-7.67	-52.32	-6.19	13019.00	-1044.07	9533.13	-634.77	362.48	-250.09
176	532	501	222	187	215	184	-7.70	-52.31	-6.26	13009.85	-1057.27	9529.28	-606.63	376.26	-237.64
177	532	502	223	186	215	184	-7.77	-52.36	-6.33	13023.16	-1075.60	9531.41	-582.95	372.34	-232.41
177	532	502	222	187	213	184	-7.82	-52.29	-6.45	13021.80	-1101.62	9554.84	-550.20	376.23	-237.28
178	532	502	223	187	215	184	-7.91	-52.24	-6.53	13026.71	-1120.34	9573.10	-533.54	378.52	-236.92
178	532	502	223	188	215	185	-7.87	-52.17	-6.55	13008.58	-1123.13	9593.04	-519.61	366.04	-234.67
176	533	502	223	187	215	184	-8.05	-52.19	-6.64	13004.15	-1142.97	9605.59	-536.48	342.79	-230.39
177	533	502	223	186	215	185	-8.19	-52.15	-6.71	13008.94	-1157.82	9612.91	-545.96	345.35	-237.57
174	533	502	223	187	215	184	-8.30	-51.94	-6.68	12999.29	-1150.13	9618.87	-576.11	390.58	-248.69
175	533	502	223	188	215	185	-8.24	-51.81	-6.63	12978.93	-1137.82	9637.12	-593.71	398.60	-268.61
183	533	502	223	190	215	184	-8.21	-51.69	-6.64	12968.18	-1137.13	9658.07	-603.17	407.77	-271.28
183	533	502	224	190	214	183	-8.02	-51.54	-6.57	12948.37	-1119.47	9680.16	-598.81	419.98	-273.51
181	533	502	223	190	214	183	-7.76	-51.54	-6.45	12917.95	-1090.70	9679.95	-578.12	407.83	-265.04
183	533	502	224	189	214	183	-7.60	-51.40	-6.39	12881.25	-1071.37	9684.16	-576.12	417.99	-238.19
183	533	502	224	190	214	183	-7.51	-51.32	-6.40	12854.59	-1071.60	9714.75	-557.81	394.24	-201.68
181	533	502	224	190	214	183	-7.43	-51.33	-6.43	12843.66	-1076.22	9734.21	-519.77	373.58	-158.04
181	533	503	224	190	214	182	-7.35	-51.38	-6.43	12829.08	-1074.81	9728.30	-488.38	372.15	-100.39
181	533	503	224	190	214	183	-7.49	-51.41	-6.55	12817.03	-1099.27	9722.69	-466.46	363.49	-46.67
183	533	503	224	191	213	183	-7.67	-51.39	-6.69	12812.97	-1131.50	9727.75	-442.79	361.12	-24.29
183	533	503	224	191	214	183	-7.70	-51.30	-6.76	12806.33	-1144.33	9743.96	-420.50	362.61	-8.22
182	533	503	224	190	214	182	-7.70	-51.25	-6.82	12802.41	-1157.31	9755.36	-386.92	366.13	1.69
182	533	503	224	191	213	183	-7.62	-51.20	-6.88	12790.49	-1169.25	9763.20	-338.33	367.58	6.80
181	533	503	224	191	213	183	-7.52	-51.20	-6.90	12780.96	-1174.18	9773.44	-311.86	347.10	4.96
184	533	503	224	191	214	183	-7.64	-51.25	-6.98	12778.32	-1191.87	9770.96	-301.92	335.84	22.57
181	534	503	224	191	213	183	-7.78	-51.31	-7.08	12782.00	-1212.08	9756.02	-292.02	329.65	44.99
184	533	502	224	190	214	183	-7.91	-51.40	-7.20	12790.70	-1240.08	9756.41	-266.67	314.07	49.89
184	533	503	224	191	214	183	-8.01	-51.43	-7.30	12802.56	-1264.67	9756.79	-239.14	316.36	56.54
184	533	503	224	190	214	183	-8.22	-51.37	-7.47	12797.84	-1301.24	9756.35	-231.18	326.80	61.32
183	533	503	224	191	214	182	-8.37	-51.44	-7.57	12802.94	-1323.58	9761.74	-218.47	313.41	49.10
183	533	503	224	192	214	183	-8.38	-51.46	-7.61	12810.80	-1334.80	9765.85	-197.65	308.24	34.85
180	533	503	225	191	214	184	-8.35	-51.49	-7.63	12811.06	-1338.06	9763.76	-184.87	305.57	15.30
183	534	503	224	191	214	183	-8.43	-51.51	-7.67	12795.30	-1346.36	9787.37	-187.92	268.25	-1.91
184	533	503	224	191	214	183	-8.47	-51.79	-7.70	12799.14	-1353.24	9803.00	-199.28	188.33	-24.32
184	534	503	224	191	214	183	-8.44	-51.89	-7.69	12800.18	-1351.18	9802.05	-200.06	167.37	-43.55
184	534	503	224	191	214	183	-8.45	-51.96	-7.66	12790.97	-1343.62	9775.55	-211.56	173.30	-51.17
184	534	503	224	191	214	183	-8.45	-51.92	-7.65	12777.02	-1338.84	9762.37	-223.88	176.83	-57.56
185	534	503	224	191	214	183	-8.47	-51.86	-7.68	12765.37	-1343.69	9774.85	-221.34	168.74	-63.54
185	534	503	224	191	214	183	-8.48	-51.79	-7.70	12776.70	-1349.11	9783.71	-215.17	181.90	-65.06
185	533	503	224	191	214	183	-8.44	-51.66	-7.71	12765.87	-1349.05	9794.72	-215.26	190.56	-68.36
186	534	503	224	191	214	183	-8.48	-51.66	-7.73	12759.37	-1354.20	9803.99	-218.25	176.18	-66.09
187	534	503	224	191	214	183	-8.45	-51.72	-7.73	12769.00	-1354.69	9810.39	-211.49	163.17	-63.13
187	534	503	224	191	214	183	-8.41	-51.74	-7.70	12773.15	-1348.76	9806.07	-212.76	167.61	-50.88
188	534	503	224	191	214	184	-8.47	-51.74	-7.72	12774.90	-1354.12	9822.76	-225.07	150.93	-41.73
188	534	503	224	191	214	183	-8.46	-51.73	-7.69	12777.75	-1348.41	9844.62	-241.77	135.54	-32.70
189	534	503	224	192	214	184	-8.51	-51.76	-7.73	12767.66	-1354.59	9861.79	-248.08	101.16	-23.31
188	534	503	224	191	214	183	-8.50	-51.87	-7.71	12752.88	-1348.86	9845.90	-254.93	75.25	-12.40
189	534	504	224	191	213	184	-8.63	-51.94	-7.77	12738.83	-1359.82	9824.81	-258.03	59.49	-4.18
189	534	504	224	191	214	184	-8.64	-51.97	-7.80	12722.69	-1364.43	9816.77	-250.08	45.26	-6.32
189	534	503	224	191	214	184	-8.76	-52.06	-7.84	12724.56	-1373.41	9801.93	-260.83	41.20	11.40
188	534	504	224	191	214	184	-9.03	-52.03	-7.98	12720.93	-1402.54	9794.23	-271.78	46.89	15.68
189	534	503	224	192	214	184	-9.18	-52.10	-8.04	12733.28	-1419.21	9776.72	-275.15	50.85	6.79
190	534	503	224	192	213	184	-9.61	-52.01	-8.29	12739.82	-1474.25	9782.29	-272.59	57.30	-16.10
189	534	503	224	192	214	184	-9.95	-52.01	-8.56	12758.43	-1536.94	9788.57	-242.96	59.24	-80.59
190	534	503	224	191	212	184	-10.03	-51.96	-8.68	12779.10	-1567.09	9795.34	-210.26	78.43	-148.86
189	534	503	224	191	214	184	-9.99	-51.85	-8.65	12787.55	-1561.14	9795.18	-220.00	106.01	-204.42
189	534	503	224	191	213	184	-10.06	-51.76	-8.76	12802.77	-1588.48	9831.22	-212.60	103.96	-262.25
189	534	504	224	191	214	183	-9.84	-51.81	-8.74	12817.43	-1585.45	9839.66	-167.57	95.51	-355.03
189	534	503	224	191	214	184	-9.12	-52.08	-8.34	12808.56	-1495.58	9783.47	-178.14	84.13	-399.83
188	534	504	224	192	214	184	-9.01	-52.16	-8.19	12790.93	-1459.80	9766.70	-224.63	69.18	-379.59
189	534	503	224	192	214	184	-9.02	-52.15	-8.19	12797.39	-1461.01	9764.96	-221.90	81.72	-397.46
189	534	503	224	191	213	183	-8.75	-52.05	-8.07	12779.32	-1432.36	9774.52	-212.41	86.58	-420.34
189	534	503	224	192	214	184	-8.77	-52.06	-8.03	12784.75	-1424.74	9784.59	-235.79	78.95	-425.47
189	534	503	224	192	214	185	-8.70	-52.12	-7.99	12784.31	-1415.91	9780.36	-234.30	67.10	-459.45
189	534	503	224	191	214	185	-8.50	-52.16	-7.84	12794.10	-1383.71	9742.34	-240.78	111.75	-468.43
189	534	503	224	192	214	184	-8.55	-51.79	-7.85	12779.99	-1382.33	9775.83	-263.74	167.96	-469.75
189	534	503	224	190	214	184	-8.79	-51.49	-7.96	12763.39	-1405.41	9828.03	-289.01	183.71	-477.17
189	534	503	224	191	214	184	-9.01	-51.49	-8.00	12769.22	-1415.14	9852.23	-330.65	169.63	-488.06
189	534	503	224	191	214	184	-9.15	-51.49	-8.00	12766.36	-1414.98	9849.22	-369.12	174.15	-492.11
189	534	503	224	191	214	185	-9.21	-51.62	-7.96	12760.24	-1404.83	9825.56	-401.17	161.69	-510.05
188	534	503	224	191	215	185	-9.05	-51.64	-7.81	12738.63	-1367.99	9799.88	-433.36	165.60	-515.35
189	534	503	224	190	214	185	-9.11	-51.62	-7.76	12720.70	-1354.99	9796.29	-469.34	156.92	-517.23
189	534	503	224	191	214	185	-8.93	-51.65	-7.65	12715.26	-1330.64	9795.27	-482.22	157.23	-522.87
188	534	503	224	190	214	185	-8.60	-51.59	-7.44	12700.90	-1281.31	9794.31	-501.51	168.17	-512.73
189	534	503	223	191	214	185	-8.34	-51.45	-7.23	12682.26	-1234.24	9804.79	-529.49	190.91	-472.49
189	534	503	224	190	214	185	-8.04	-51.28	-7.07	12657.34	-1196.53	9837.55	-533.36	197.06	-434.51
188	534	503	224	189	214	185	-7.44	-51.19	-6.74	12649.68	-1122.51	9844.87	-529.69	213.16	-384.24
188	534	503	224	189	214	185	-7.22	-50.87	-6.60	12623.79	-1088.78	9888.63	-539.86	237.50	-307.73
188	534	503	224	189	214	185	-6.93	-50.79	-6.47	12621.80	-1061.14	9910.00	-514.52	243.48	-242.14
188	534	503	224	188	214	185	-6.59	-50.63	-6.34	12611.31	-1030.28	9923.90	-470.09	265.30	-170.38
188	534	503	224	188	214	185	-6.40	-50.48	-6.28	12591.75	-1015.17	9945.70	-434.09	265.19	-98.21
188	534	503	224	188	214	185	-6.41	-50.46	-6.34	12584.76	-1027.01	9949.42	-399.78	266.13	-27.30
188	534	503	224	188	214	185	-6.49	-50.33	-6.48	12577.52	-1057.46	9965.75	-356.19	278.12	35.21
188	534	503	224	187	213	185	-6.48	-50.26	-6.60	12572.64	-1083.79	9983.46	-292.98	272.87	73.35
188	533	503	224	187	215	185	-6.52	-50.21	-6.68	12571.21	-1100.80	9977.09	-254.88	299.97	130.03
187	533	503	224	187	214	185	-6.69	-50.01	-6.84	12546.65	-1133.16	9971.43	-218.64	343.97	186.28
185	533	503	224	187	214	186	-6.88	-49.83	-7.06	12514.52	-1175.70	9970.66	-172.36	367.38	215.17
184	533	503	224	186	214	186	-6.92	-49.60	-7.19	12485.59	-1199.92	9976.33	-125.14	406.61	218.56
183	533	503	224	185	215	186	-6.98	-49.41	-7.30	12465.71	-1221.12	9978.31	-92.68	443.33	218.88
185	533	503	224	184	215	186	-7.08	-49.17	-7.45	12438.63	-1250.86	9993.60	-66.60	479.66	234.39
185	533	503	224	189	215	186	-7.33	-48.89	-7.66	12417.29	-1291.52	10029.52	-49.67	507.83	256.97
185	534	503	224	190	215	186	-7.51	-48.73	-7.85	12411.43	-1332.74	10066.24	-23.04	514.89	263.97
183	534	503	224	190	215	186	-7.62	-48.68	-7.91	12423.66	-1346.31	10072.93	-20.88	541.74	286.92
186	533	503	224	190	215	186	-7.76	-48.57	-8.02	12423.48	-1371.39	10082.48	-7.89	570.45	326.32
186	533	503	224	190	215	186	-7.85	-48.47	-8.14	12425.50	-1396.42	10085.56	21.46	608.18	352.01
186	533	503	223	189	215	186	-7.75	-48.29	-8.14	12403.03	-1394.20	10115.88	27.98	618.92	379.61
185	533	503	224	190	214	186	-7.92	-48.26	-8.21	12402.67	-1408.49	10124.49	9.63	627.18	425.03
186	533	503	224	190	215	186	-8.16	-48.25	-8.34	12397.54	-1435.87	10137.66	-8.65	629.42	461.38
186	533	503	224	190	215	186	-8.49	-48.08	-8.57	12382.26	-1483.07	10165.38	-27.12	645.75	487.16
187	533	503	224	190	215	186	-8.68	-47.90	-8.74	12364.55	-1516.32	10196.51	-30.81	657.31	487.80
185	533	503	224	190	215	186	-8.80	-47.76	-8.84	12348.92	-1535.30	10229.88	-42.62	658.44	488.91
185	533	503	223	190	215	186	-9.00	-47.61	-9.00	12338.88	-1568.94	10267.19	-49.24	663.37	487.01
185	533	503	223	190	215	186	-9.11	-47.49	-9.09	12327.53	-1585.49	10294.83	-54.98	667.85	476.31
185	533	503	224	190	215	186	-9.19	-47.43	-9.12	12320.16	-1590.82	10315.29	-71.08	666.41	469.65
185	533	503	224	190	215	187	-9.19	-47.31	-9.15	12307.75	-1595.88	10334.73	-73.62	674.69	467.97
185	533	503	224	191	215	186	-9.13	-47.22	-9.13	12293.56	-1588.88	10364.59	-77.39	672.06	474.07
186	533	503	224	190	215	186	-9.14	-47.18	-9.18	12286.48	-1599.24	10390.96	-72.82	666.85	485.71
185	533	503	224	191	215	187	-9.21	-47.06	-9.33	12282.56	-1629.28	10431.61	-60.48	658.46	495.78
187	533	503	224	191	215	186	-9.39	-47.05	-9.45	12284.23	-1656.21	10470.03	-71.91	632.44	495.24
186	533	503	224	190	216	186	-9.57	-47.03	-9.61	12283.62	-1691.00	10494.13	-70.11	610.62	489.43
186	533	503	224	190	215	186	-9.58	-47.01	-9.69	12266.84	-1705.25	10516.42	-62.11	596.73	476.96
184	533	503	224	190	215	185	-9.59	-47.03	-9.76	12251.70	-1716.79	10538.00	-50.65	562.95	466.66
184	533	503	224	190	215	186	-9.64	-47.01	-9.84	12230.51	-1730.95	10558.50	-47.77	536.35	462.13
185	533	503	224	190	215	186	-9.77	-46.96	-10.01	12198.39	-1761.20	10590.38	-39.98	492.33	449.72
186	533	502	224	190	215	186	-9.70	-46.97	-10.04	12167.27	-1762.74	10591.66	-16.53	470.72	443.78
186	533	503	223	190	215	187	-9.60	-46.85	-10.03	12126.10	-1753.00	10604.47	-5.80	453.88	459.49
186	533	503	224	191	213	187	-9.72	-46.77	-10.15	12093.80	-1772.95	10628.85	-6.11	424.29	478.72
185	533	503	224	191	215	186	-9.72	-46.73	-10.25	12084.31	-1791.31	10657.81	4.69	396.37	493.83
186	533	503	224	191	215	186	-9.82	-46.75	-10.36	12076.29	-1813.94	10678.32	13.66	364.60	519.14
185	533	503	223	191	215	187	-10.16	-46.72	-10.55	12064.48	-1851.04	10686.20	-0.58	353.72	541.23
185	533	503	224	191	216	186	-10.49	-46.70	-10.82	12044.65	-1906.09	10693.89	-1.00	324.09	539.57
186	533	502	223	191	216	186	-10.69	-46.70	-11.02	12036.02	-1945.99	10698.20	11.20	308.98	517.99
185	533	503	224	191	215	186	-10.72	-46.70	-11.10	12020.82	-1959.29	10700.69	18.24	307.08	493.74
186	533	503	224	190	215	186	-10.74	-46.75	-11.12	12008.18	-1961.32	10695.25	11.53	293.58	483.26
187	533	503	224	191	215	186	-10.78	-46.81	-11.17	12008.17	-1973.66	10697.49	12.70	279.05	458.64
187	533	503	224	191	216	186	-10.69	-46.83	-11.15	12019.76	-1971.77	10707.21	26.27	282.05	435.56
187	533	503	224	191	215	187	-10.49	-46.79	-11.10	12022.97	-1960.99	10723.25	47.41	285.70	423.28
187	533	503	224	190	216	186	-10.41	-46.78	-11.10	12019.23	-1959.54	10754.09	51.88	259.71	421.22
187	533	503	224	191	215	187	-10.31	-46.89	-11.09	12023.06	-1957.16	10766.39	64.44	226.68	421.36
187	533	503	224	191	215	186	-10.22	-46.97	-11.03	12027.11	-1946.50	10762.47	73.12	214.59	429.04
188	533	503	223	191	215	186	-10.08	-47.03	-11.02	12013.36	-1941.38	10768.74	99.56	186.36	429.54
188	533	503	224	191	216	186	-9.95	-47.13	-11.00	12010.29	-1937.91	10776.11	121.98	153.44	424.96
188	533	503	224	191	215	186	-9.94	-47.28	-11.04	12011.17	-1946.61	10785.90	140.29	103.22	429.61
188	533	503	224	192	215	186	-10.12	-47.43	-11.17	12012.81	-1972.08	10793.81	148.87	61.41	421.88
188	533	503	224	191	215	186	-10.16	-47.53	-11.24	12006.57	-1986.48	10806.52	157.18	11.94	414.04
188	533	503	224	191	215	186	-10.12	-47.71	-11.25	12011.04	-1989.75	10829.19	164.72	-58.81	401.84
189	533	503	224	191	216	186	-10.10	-47.94	-11.27	12020.09	-1995.07	10797.13	187.18	-82.22	390.25
189	533	503	223	191	215	186	-10.06	-48.01	-11.32	12002.29	-2002.51	10783.07	215.57	-108.56	377.83
189	533	503	224	191	216	186	-10.03	-48.21	-11.29	12001.77	-1996.59	10745.92	225.94	-137.13	366.49
189	533	503	223	191	216	186	-10.12	-48.30	-11.28	11997.28	-1993.96	10723.22	212.00	-149.87	371.17
189	533	503	224	191	215	186	-10.15	-48.45	-11.31	12008.82	-2001.46	10702.26	225.40	-162.53	369.86
188	533	503	224	191	215	187	-10.10	-48.47	-11.33	12010.18	-2007.79	10680.15	256.03	-149.85	376.22
189	533	503	224	190	216	186	-10.28	-48.56	-11.47	12026.07	-2039.40	10657.14	264.93	-152.91	372.75
189	533	503	224	191	215	187	-10.55	-48.60	-11.59	12038.77	-2068.23	10633.28	260.08	-131.36	353.77
189	533	503	224	191	215	187	-10.60	-48.52	-11.64	12041.83	-2079.82	10638.62	262.38	-118.30	329.78
189	533	503	224	191	215	187	-10.71	-48.46	-11.75	12058.33	-2106.83	10641.09	279.26	-99.73	300.94
189	533	503	224	192	216	187	-10.69	-48.54	-11.73	12069.22	-2103.68	10638.24	279.54	-112.49	265.54
189	533	503	224	191	215	187	-10.54	-48.66	-11.60	12089.96	-2079.70	10622.32	272.12	-110.92	258.92
189	533	503	224	191	216	187	-10.41	-48.62	-11.54	12081.46	-2064.71	10610.21	280.26	-98.52	263.12
189	533	503	224	191	216	187	-10.28	-48.66	-11.49	12071.39	-2052.08	10601.70	283.75	-103.70	263.21
189	533	503	224	191	216	187	-10.16	-48.72	-11.39	12061.02	-2030.08	10577.01	277.06	-102.16	277.25
189	534	503	224	190	216	186	-10.18	-48.72	-11.42	12053.77	-2034.37	10565.56	284.41	-104.05	291.94
190	533	503	223	191	215	187	-10.15	-48.67	-11.43	12041.88	-2033.25	10556.08	284.39	-93.20	294.04
189	533	503	224	191	215	186	-10.18	-48.67	-11.42	12046.58	-2033.19	10557.48	276.57	-92.14	301.64
188	533	503	224	191	216	187	-10.29	-48.64	-11.46	12052.85	-2043.93	10546.60	277.99	-71.68	303.16
189	533	503	224	191	215	187	-10.26	-48.57	-11.45	12055.81	-2040.93	10546.27	277.59	-52.90	284.75
189	533	503	224	191	215	187	-10.22	-48.42	-11.44	12049.22	-2038.49	10564.56	274.41	-44.51	276.26
190	533	503	224	191	215	188	-10.10	-48.32	-11.41	12048.16	-2032.36	10592.93	284.54	-45.13	273.65
189	533	503	224	191	215	187	-10.01	-48.29	-11.42	12049.75	-2033.14	10612.49	307.61	-55.32	276.32
189	533	502	224	191	216	187	-10.06	-48.30	-11.47	12046.26	-2042.09	10613.86	313.38	-65.11	285.50
189	533	503	224	191	215	187	-10.03	-48.35	-11.44	12041.55	-2036.78	10596.17	326.71	-68.10	292.08
189	533	503	224	191	215	187	-9.90	-48.43	-11.38	12044.67	-2023.74	10583.16	341.28	-75.00	290.12
189	533	503	224	191	216	187	-9.79	-48.58	-11.29	12050.44	-2005.76	10559.80	359.06	-79.25	292.12
189	533	503	224	190	216	187	-9.65	-48.71	-11.18	12049.12	-1982.27	10534.21	352.96	-87.88	305.01
189	533	503	224	191	216	187	-9.71	-48.85	-11.14	12058.46	-1976.56	10528.10	332.41	-112.59	321.66
189	533	503	224	191	215	187	-9.62	-48.98	-11.13	12060.14	-1974.93	10547.49	347.14	-155.76	334.38
189	533	503	224	191	216	187	-9.61	-49.13	-11.07	12089.73	-1968.58	10546.32	353.53	-178.07	356.86
189	533	503	224	190	215	187	-9.45	-49.08	-11.04	12099.24	-1962.35	10544.20	387.46	-167.67	390.07
188	533	503	224	191	214	187	-9.41	-49.02	-11.07	12091.88	-1967.43	10547.39	413.44	-168.79	422.01
189	533	503	224	191	216	187	-9.36	-49.09	-11.10	12094.29	-1973.66	10529.82	438.11	-179.75	453.36
188	533	503	224	191	215	188	-9.37	-49.08	-11.10	12086.57	-1973.98	10513.93	451.61	-168.21	492.69
187	533	503	224	191	216	188	-9.41	-49.04	-11.15	12084.84	-1984.88	10497.04	463.98	-151.65	518.36
187	533	503	224	191	216	187	-9.49	-49.07	-11.19	12099.20	-1995.24	10470.78	477.83	-121.37	533.79
187	533	503	224	191	216	188	-9.59	-49.00	-11.25	12101.64	-2008.67	10457.84	483.74	-92.10	549.85
186	533	503	224	191	215	188	-9.71	-48.99	-11.30	12118.56	-2022.24	10436.95	497.95	-52.09	564.21
186	533	503	224	191	216	187	-9.78	-48.87	-11.36	12124.83	-2035.53	10439.50	501.75	-15.89	569.00
185	533	503	224	191	216	188	-9.86	-48.84	-11.40	12125.99	-2045.75	10444.33	498.37	-13.54	570.50
186	533	503	224	191	216	188	-9.87	-48.87	-11.38	12140.09	-2044.86	10431.51	497.85	0.98	589.67
186	533	503	224	191	216	188	-9.96	-48.79	-11.44	12142.49	-2057.62	10429.74	496.85	13.88	619.09
186	533	503	224	191	216	188	-10.03	-48.78	-11.50	12148.16	-2070.34	10439.05	498.11	10.09	631.74
186	533	503	224	191	216	188	-10.07	-48.84	-11.52	12152.15	-2075.02	10429.70	498.46	4.84	648.90
186	533	503	224	191	216	188	-10.27	-48.80	-11.62	12141.95	-2095.87	10427.81	486.58	1.49	673.80
185	533	503	224	191	216	188	-10.31	-48.81	-11.67	12141.05	-2106.08	10423.82	494.75	1.12	675.86
184	533	503	224	191	216	187	-10.09	-48.83	-11.60	12142.40	-2090.17	10422.63	522.17	-0.19	679.12
184	533	503	224	191	216	188	-9.87	-48.86	-11.50	12140.28	-2069.27	10420.30	544.31	1.27	705.36
184	533	503	224	191	216	188	-9.98	-48.89	-11.55	12141.06	-2080.80	10417.88	537.99	-6.94	737.20
186	533	503	224	190	216	188	-10.18	-48.88	-11.71	12146.01	-2115.36	10426.39	545.74	-16.39	744.99
186	533	503	224	190	215	188	-10.18	-48.90	-11.78	12154.51	-2131.39	10432.07	571.66	-17.92	728.69
186	533	503	224	191	216	188	-10.07	-48.90	-11.75	12150.38	-2125.42	10428.06	588.92	-17.83	729.25
186	533	503	224	190	216	188	-10.15	-48.91	-11.80	12145.86	-2135.15	10432.46	582.98	-17.19	749.04
185	533	503	224	191	216	188	-10.25	-48.92	-11.87	12150.97	-2151.00	10431.24	585.33	-17.13	759.54