195	515	479	220	169	173	166	-20.60	-20.11	-46.79	5501.36	-5167.06	14012.60	-254.46	326.17	-237.43
196	515	478	219	169	172	165	-20.69	-20.06	-46.87	5500.89	-5181.91	14000.57	-248.09	341.26	-267.26
195	515	479	219	169	172	166	-20.61	-19.95	-46.88	5492.05	-5175.21	13981.54	-219.09	356.20	-292.95
196	515	479	219	169	171	165	-20.40	-19.87	-46.76	5484.04	-5144.65	13972.86	-196.88	362.94	-318.00
196	515	479	219	170	172	166	-20.26	-19.76	-46.71	5463.24	-5113.02	13964.82	-188.19	364.34	-336.60
196	516	479	219	169	171	166	-20.07	-19.58	-46.70	5437.88	-5082.57	13968.58	-179.53	367.62	-346.22
196	516	479	219	169	171	165	-19.85	-19.52	-46.54	5424.58	-5038.64	13975.55	-174.65	361.84	-356.26
196	516	480	219	169	171	165	-19.69	-19.51	-46.35	5420.76	-4998.91	13981.77	-189.52	351.75	-354.80
196	516	480	219	169	172	165	-19.66	-19.48	-46.23	5417.92	-4973.16	13984.68	-201.59	350.76	-337.41
196	516	481	220	169	172	165	-19.61	-19.46	-46.17	5416.62	-4961.10	13987.65	-198.01	348.22	-308.29
196	515	481	220	169	171	165	-19.56	-19.50	-46.13	5418.39	-4956.05	13991.66	-185.76	333.91	-276.07
197	516	481	220	170	172	165	-19.50	-19.57	-46.06	5422.47	-4947.45	13992.88	-165.27	315.02	-245.32
197	516	481	220	170	172	165	-19.47	-19.64	-46.04	5423.15	-4944.07	13990.64	-157.56	293.42	-215.65
197	516	481	220	169	172	165	-19.41	-19.62	-46.10	5420.79	-4951.67	13983.70	-130.43	290.30	-176.02
198	516	481	220	170	172	165	-19.31	-19.61	-46.04	5418.35	-4939.09	13986.92	-113.41	283.03	-152.07
197	516	480	220	169	172	165	-19.27	-19.64	-46.06	5415.63	-4940.33	13991.17	-106.84	266.68	-133.37
197	516	480	220	169	171	165	-19.35	-19.65	-46.06	5414.25	-4938.52	13994.21	-121.20	260.30	-129.40
197	516	480	220	169	172	165	-19.36	-19.73	-46.06	5424.94	-4950.79	13997.70	-108.09	246.48	-124.68
197	516	480	220	170	172	165	-19.23	-19.83	-45.90	5439.29	-4934.65	13992.42	-84.08	236.51	-106.14
197	516	480	220	169	172	166	-19.28	-19.87	-45.79	5448.93	-4925.32	13989.40	-91.33	234.73	-97.19
197	516	480	220	169	172	165	-19.37	-19.95	-45.77	5461.28	-4934.05	13987.93	-95.36	218.14	-96.18
197	515	480	220	170	172	165	-19.46	-19.98	-45.83	5469.22	-4953.95	13975.93	-79.20	217.84	-80.97
197	516	479	220	169	173	165	-19.28	-19.89	-45.86	5466.76	-4955.05	13964.33	-26.74	237.75	-56.82
197	516	479	220	169	173	165	-19.14	-19.79	-45.76	5460.02	-4931.10	13959.92	-8.85	249.66	-46.58
197	515	479	220	170	172	165	-19.11	-19.71	-45.74	5448.22	-4915.34	13959.72	-12.31	249.68	-51.85
197	515	479	220	169	172	165	-19.11	-19.66	-45.78	5438.21	-4912.38	13966.13	-21.99	248.59	-61.51
197	515	479	220	169	173	166	-19.10	-19.63	-45.80	5436.90	-4914.56	13983.43	-17.79	246.66	-63.78
197	515	479	220	169	172	165	-18.97	-19.58	-45.80	5429.85	-4906.43	14000.26	6.60	240.08	-55.14
197	515	478	220	169	172	165	-18.87	-19.52	-45.75	5417.16	-4885.11	14013.24	3.32	235.13	-60.44
197	515	478	220	169	171	165	-18.91	-19.52	-45.75	5416.70	-4883.85	14022.78	-4.10	221.62	-70.46
197	515	478	220	169	172	164	-18.87	-19.58	-45.67	5421.47	-4874.26	14028.84	5.51	203.79	-67.34
197	515	477	219	169	173	165	-18.82	-19.63	-45.64	5424.79	-4872.35	14028.20	24.43	193.05	-61.67
197	514	478	219	169	170	165	-18.71	-19.70	-45.58	5423.35	-4859.33	14019.79	35.51	174.10	-62.84
197	514	477	220	169	172	165	-18.70	-19.77	-45.47	5431.58	-4848.56	14006.20	36.88	168.89	-61.35
197	514	477	219	169	173	164	-18.68	-19.72	-45.46	5430.41	-4846.74	14006.89	40.89	177.80	-52.28
197	514	477	219	169	173	165	-18.65	-19.65	-45.48	5422.28	-4842.60	14014.34	45.40	180.71	-50.62
197	514	477	219	169	172	165	-18.63	-19.58	-45.52	5411.77	-4837.47	14025.43	44.03	181.82	-50.79
197	514	477	219	169	173	165	-18.53	-19.54	-45.54	5396.38	-4825.39	14038.75	54.82	169.48	-54.25
196	514	477	219	169	174	165	-18.44	-19.56	-45.47	5393.96	-4809.33	14051.22	57.63	155.11	-54.43
196	514	477	219	169	174	165	-18.36	-19.59	-45.42	5391.46	-4799.66	14060.46	68.75	141.70	-49.11
197	514	477	219	168	172	165	-18.27	-19.68	-45.25	5399.29	-4777.08	14053.23	69.21	133.22	-42.01
197	513	477	219	169	173	165	-18.33	-19.67	-45.25	5397.53	-4774.02	14050.57	57.20	134.96	-39.71
197	513	476	219	168	172	166	-18.32	-19.74	-45.22	5401.85	-4773.32	14051.04	62.49	121.46	-40.27
198	513	476	219	169	173	165	-18.28	-19.80	-45.13	5406.76	-4762.65	14040.89	71.02	116.63	-37.91
197	513	476	219	168	173	165	-18.26	-19.80	-45.09	5405.22	-4754.72	14035.84	72.57	118.10	-39.06
197	513	476	219	169	172	166	-18.21	-19.80	-45.00	5408.56	-4742.79	14036.85	73.39	122.30	-46.61
197	513	476	219	168	174	166	-18.14	-19.78	-44.97	5400.73	-4727.05	14041.61	76.37	119.03	-56.63
197	513	475	219	168	171	165	-18.06	-19.78	-44.87	5400.89	-4709.49	14052.93	74.45	117.43	-60.45
197	513	476	219	168	174	165	-17.91	-19.82	-44.72	5399.65	-4683.42	14057.48	73.78	108.71	-62.77
197	513	475	219	169	172	165	-17.87	-19.82	-44.57	5398.27	-4655.85	14056.41	56.79	114.82	-66.64
197	513	475	219	169	173	165	-17.82	-19.77	-44.56	5388.35	-4644.66	14067.99	49.45	114.78	-59.40
197	512	475	219	168	174	166	-17.74	-19.82	-44.45	5387.34	-4624.42	14074.59	43.33	104.19	-48.78
197	512	475	219	168	173	165	-17.70	-19.83	-44.46	5384.97	-4622.40	14080.26	50.36	95.38	-19.69
197	512	475	218	168	172	165	-17.66	-19.83	-44.39	5383.52	-4610.08	14085.25	49.59	100.01	-0.66
197	512	475	218	169	173	165	-17.83	-19.87	-44.40	5394.54	-4622.38	14084.78	26.86	97.96	10.17
197	512	474	219	169	174	166	-17.96	-19.92	-44.46	5408.62	-4647.26	14090.95	32.67	85.42	23.76
197	512	475	219	168	174	166	-18.07	-19.99	-44.50	5416.59	-4661.50	14087.60	28.49	75.10	27.13
197	512	474	219	168	173	165	-18.17	-20.09	-44.45	5433.36	-4670.22	14083.62	13.66	70.49	17.07
196	512	474	218	168	172	165	-18.28	-20.15	-44.45	5449.69	-4686.11	14069.24	16.33	76.22	24.22
197	512	474	218	168	173	166	-18.28	-20.12	-44.49	5464.00	-4706.40	14067.58	43.01	97.01	39.71
197	511	474	218	168	173	166	-18.13	-20.12	-44.33	5471.00	-4685.88	14071.80	66.01	111.20	37.62
197	511	474	218	169	173	165	-18.17	-20.11	-44.26	5473.65	-4675.79	14074.81	41.11	119.34	20.39
197	511	473	218	168	172	166	-18.23	-20.05	-44.30	5477.77	-4686.20	14071.66	40.81	135.48	11.52
197	511	473	218	169	174	166	-18.16	-19.94	-44.31	5473.08	-4683.49	14084.08	51.67	152.15	0.29
196	511	474	218	169	174	166	-18.13	-19.86	-44.32	5462.63	-4674.71	14088.28	52.08	153.95	-17.17
196	511	473	218	168	173	166	-18.15	-19.76	-44.38	5443.70	-4667.78	14091.26	44.23	167.40	-34.66
196	511	473	218	169	172	165	-18.12	-19.61	-44.47	5420.71	-4660.99	14099.50	39.42	175.43	-41.08
196	510	473	218	169	173	165	-18.04	-19.50	-44.49	5401.88	-4645.94	14113.12	29.75	170.31	-47.63
197	511	473	218	168	174	165	-18.03	-19.48	-44.51	5391.58	-4638.24	14118.47	20.06	161.74	-52.24
197	511	473	218	168	174	166	-18.06	-19.42	-44.54	5377.60	-4630.93	14120.75	6.41	163.45	-47.53
197	510	473	218	168	174	166	-18.03	-19.45	-44.54	5368.92	-4621.38	14113.71	6.74	149.53	-40.51
197	510	473	218	168	174	166	-18.05	-19.51	-44.41	5373.28	-4604.92	14105.02	-16.10	147.36	-41.03
197	510	473	218	169	174	166	-18.12	-19.51	-44.43	5375.41	-4608.07	14099.57	-26.70	150.49	-36.63
197	510	473	218	168	174	166	-18.06	-19.55	-44.27	5385.44	-4592.47	14096.59	-28.86	158.21	-27.55
197	510	472	217	168	173	165	-18.12	-19.55	-44.31	5392.17	-4604.64	14101.96	-32.02	169.80	-20.42
196	510	473	218	168	173	165	-18.12	-19.50	-44.21	5399.96	-4595.21	14107.06	-38.82	181.71	-25.45
197	509	472	218	168	174	166	-18.19	-19.48	-44.29	5396.36	-4605.65	14100.31	-46.13	185.33	-38.28
197	509	472	218	168	174	166	-18.29	-19.46	-44.40	5390.95	-4619.97	14096.50	-52.87	185.01	-57.56
197	509	472	218	168	173	166	-18.37	-19.41	-44.55	5383.60	-4638.17	14103.27	-53.08	186.06	-75.93
196	509	472	218	168	173	166	-18.36	-19.33	-44.59	5375.62	-4637.06	14107.31	-59.02	193.16	-98.64
197	509	472	218	168	173	166	-18.53	-19.32	-44.70	5366.84	-4647.81	14101.14	-83.57	193.70	-128.26
196	509	472	218	168	173	166	-18.58	-19.30	-44.80	5365.30	-4662.42	14107.08	-83.04	192.51	-140.44
197	509	472	218	168	172	166	-18.54	-19.28	-44.86	5360.83	-4669.89	14109.73	-69.24	190.84	-138.02
197	509	472	218	168	174	165	-18.48	-19.28	-44.78	5358.79	-4653.80	14115.84	-73.43	186.10	-141.37
197	509	472	218	168	174	166	-18.50	-19.37	-44.67	5366.45	-4642.51	14117.45	-93.21	171.69	-143.25
197	508	472	218	168	173	166	-18.58	-19.37	-44.77	5368.33	-4660.18	14109.18	-83.85	175.31	-123.09
197	508	472	218	168	173	166	-18.56	-19.40	-44.79	5365.91	-4661.18	14104.92	-69.55	173.74	-112.98
197	508	471	218	168	174	167	-18.65	-19.49	-44.78	5367.41	-4661.12	14091.47	-92.23	161.45	-128.14
197	508	471	218	168	173	166	-18.73	-19.52	-44.80	5373.24	-4671.26	14078.10	-96.72	164.28	-132.38
196	508	471	217	168	173	166	-18.70	-19.54	-44.82	5373.78	-4674.90	14073.99	-83.73	168.77	-132.36
197	508	471	217	168	173	166	-18.64	-19.51	-44.88	5371.49	-4683.95	14080.69	-62.09	167.83	-134.54
196	508	471	218	168	173	166	-18.66	-19.48	-44.89	5370.32	-4684.36	14080.46	-72.69	170.59	-156.91
197	508	471	217	169	173	166	-18.77	-19.39	-45.02	5366.80	-4703.54	14086.83	-86.80	179.61	-177.17
196	508	471	217	168	173	166	-18.68	-19.31	-45.04	5357.46	-4698.56	14094.29	-76.21	182.73	-184.81
197	508	471	218	168	175	166	-18.57	-19.27	-45.05	5349.39	-4690.43	14093.98	-59.25	185.89	-180.82
196	508	471	217	168	175	166	-18.49	-19.20	-45.02	5340.92	-4676.31	14108.88	-62.99	189.40	-176.98
196	508	471	217	168	173	166	-18.51	-19.17	-45.07	5335.27	-4680.70	14119.03	-63.99	181.38	-169.93
197	508	471	218	168	174	166	-18.43	-19.22	-45.00	5338.91	-4671.46	14117.08	-53.39	176.21	-155.53
196	508	471	218	168	174	166	-18.49	-19.18	-45.09	5334.16	-4683.09	14113.63	-53.52	179.65	-134.81
197	507	470	217	168	173	166	-18.49	-19.18	-45.20	5333.86	-4700.13	14108.35	-27.65	180.72	-110.27
197	507	470	217	168	173	166	-18.47	-19.19	-45.13	5340.16	-4695.53	14111.93	-20.56	184.13	-101.90
196	507	470	217	168	174	166	-18.44	-19.22	-45.14	5340.55	-4697.15	14106.53	-7.69	182.32	-91.41
196	507	470	217	168	174	165	-18.33	-19.21	-45.08	5339.73	-4686.29	14099.80	10.85	188.01	-85.39
196	507	470	217	168	174	166	-18.37	-19.20	-45.07	5339.74	-4683.58	14106.01	-7.54	191.16	-99.47
196	507	471	217	168	173	166	-18.35	-19.23	-45.05	5344.15	-4687.00	14105.91	2.48	190.75	-99.39
196	507	470	217	168	174	166	-18.23	-19.20	-44.95	5346.55	-4670.65	14111.62	14.41	203.46	-91.77
196	506	470	217	168	173	165	-18.14	-19.15	-44.93	5337.22	-4657.32	14121.44	20.69	204.44	-90.84
196	507	470	217	168	173	166	-18.07	-19.17	-44.88	5325.76	-4638.85	14130.37	14.05	190.32	-92.79
196	507	470	217	168	174	165	-18.04	-19.16	-44.89	5316.67	-4630.51	14134.65	11.50	181.55	-92.50
196	507	470	217	168	174	166	-17.98	-19.14	-44.81	5321.84	-4620.18	14137.11	11.73	184.57	-79.38
197	506	470	217	168	173	165	-17.96	-19.16	-44.78	5323.34	-4617.37	14132.46	16.64	183.44	-59.61
196	506	469	217	168	174	166	-17.90	-19.19	-44.74	5319.18	-4607.71	14126.04	17.56	177.37	-44.13
196	507	470	217	168	173	165	-17.97	-19.20	-44.74	5320.42	-4607.32	14122.33	5.43	178.60	-29.87
197	506	470	217	168	174	166	-18.05	-19.14	-44.85	5312.00	-4617.55	14121.62	-0.19	185.02	-18.23
196	506	470	217	168	173	166	-18.02	-19.11	-44.82	5308.80	-4610.68	14126.14	-4.73	184.32	-12.72
196	506	469	217	168	174	166	-18.06	-19.14	-44.85	5308.36	-4614.74	14129.63	-8.49	176.31	-9.78
196	506	469	217	168	173	166	-18.02	-19.11	-44.84	5304.74	-4609.61	14133.75	-5.87	181.29	-0.39
196	506	469	217	168	174	165	-18.05	-19.07	-44.87	5298.10	-4609.33	14135.06	-12.53	184.28	-1.67
196	506	469	217	168	174	166	-18.15	-18.97	-45.05	5286.60	-4627.86	14138.51	-18.60	185.16	-5.04
196	506	469	217	168	174	166	-18.15	-18.94	-45.10	5276.07	-4626.87	14148.38	-13.52	174.85	-13.04
196	506	469	217	168	173	166	-18.13	-19.00	-45.09	5272.26	-4620.32	14150.76	-23.74	158.96	-25.29
196	505	469	217	166	173	166	-18.07	-19.03	-45.11	5262.85	-4614.71	14149.22	-15.31	140.11	-22.82
196	505	469	217	168	174	166	-18.08	-19.07	-45.11	5263.51	-4614.97	14143.36	-14.39	134.21	-17.98
196	505	468	217	168	173	166	-18.13	-19.12	-45.10	5268.73	-4618.42	14136.59	-17.82	126.70	-15.88
196	505	468	217	167	173	166	-18.15	-19.16	-45.11	5272.10	-4625.30	14134.56	-13.18	121.46	-10.49
196	505	469	216	168	174	166	-18.13	-19.16	-45.16	5267.49	-4627.04	14126.04	-1.97	120.74	-3.46
196	505	468	217	168	174	166	-18.16	-19.12	-45.24	5265.12	-4639.08	14121.93	4.93	125.35	1.41
195	505	468	217	167	173	166	-18.15	-19.17	-45.18	5275.06	-4640.93	14126.44	4.68	121.13	-3.66
196	505	468	217	166	173	166	-18.18	-19.23	-45.19	5273.71	-4639.08	14126.52	-4.85	112.38	-14.68
196	505	468	217	167	173	166	-18.26	-19.29	-45.17	5283.82	-4645.53	14128.39	-12.21	106.11	-27.99
196	505	468	217	167	174	166	-18.26	-19.30	-45.16	5287.23	-4648.85	14126.57	-8.45	109.25	-35.54
196	505	468	217	167	173	166	-18.18	-19.30	-45.06	5294.27	-4637.41	14129.64	0.67	116.89	-38.27
196	505	468	217	167	173	166	-18.16	-19.36	-44.95	5306.56	-4630.34	14126.16	2.29	113.40	-47.20
196	505	468	217	168	175	166	-18.20	-19.41	-45.00	5310.63	-4643.42	14117.65	13.52	106.83	-48.79
196	505	468	217	168	174	166	-18.15	-19.45	-44.95	5305.30	-4629.65	14104.57	16.70	97.29	-63.25
196	505	468	217	168	174	166	-18.23	-19.45	-44.98	5310.23	-4639.97	14086.14	17.41	104.87	-72.69
196	505	468	217	168	174	166	-18.07	-19.35	-44.98	5300.32	-4629.37	14084.43	38.19	123.73	-77.56
195	504	468	216	167	174	165	-17.96	-19.36	-44.78	5297.90	-4592.70	14095.41	14.78	121.99	-107.13
196	505	468	217	168	174	166	-17.97	-19.44	-44.57	5303.41	-4562.46	14097.04	-30.01	113.14	-136.62
195	504	468	217	167	173	166	-18.00	-19.39	-44.50	5307.04	-4553.34	14098.59	-48.21	125.38	-138.54
196	505	468	217	167	174	166	-17.93	-19.30	-44.38	5311.49	-4538.27	14121.86	-57.55	145.32	-127.66
196	505	468	217	168	174	166	-17.90	-19.26	-44.25	5314.71	-4519.36	14134.17	-81.07	160.65	-111.98
195	504	467	216	168	174	165	-18.09	-19.07	-44.44	5300.58	-4537.79	14148.86	-109.87	190.62	-85.93
196	504	468	216	168	173	166	-18.35	-19.02	-44.65	5286.15	-4558.30	14136.82	-122.67	192.29	-66.59
196	504	467	217	167	172	165	-18.54	-18.97	-44.88	5286.64	-4597.39	14151.57	-129.49	182.12	-45.46
196	504	468	217	167	174	166	-18.52	-18.94	-45.09	5276.91	-4624.12	14152.20	-93.01	172.52	-13.28
196	504	467	216	168	173	165	-18.63	-18.88	-45.29	5263.86	-4646.91	14155.38	-98.76	173.04	-13.17
196	504	467	217	168	174	166	-18.76	-18.96	-45.42	5266.47	-4671.57	14163.21	-115.83	151.84	-34.26
196	505	467	216	168	174	166	-18.75	-19.03	-45.50	5268.14	-4689.79	14162.85	-90.08	135.75	-37.40
196	504	467	216	167	175	166	-18.57	-19.09	-45.47	5267.94	-4681.70	14157.91	-50.03	121.51	-40.88
196	504	467	217	167	173	165	-18.39	-19.23	-45.23	5280.54	-4654.41	14148.02	-44.03	105.58	-60.13
196	504	466	216	168	173	165	-18.36	-19.30	-45.11	5288.31	-4639.49	14132.61	-48.48	104.55	-64.13
196	504	467	216	166	175	165	-18.25	-19.36	-44.96	5296.70	-4623.52	14124.18	-38.60	104.88	-54.52
196	504	466	216	167	174	166	-18.13	-19.41	-44.85	5294.66	-4601.94	14119.57	-31.52	99.38	-41.34
196	504	466	217	167	174	164	-18.07	-19.33	-44.79	5292.33	-4589.04	14116.40	-33.40	119.76	-18.73
196	504	467	217	167	174	166	-18.18	-19.15	-44.94	5282.91	-4604.19	14118.98	-51.73	141.33	6.11
194	504	466	216	167	174	165	-18.22	-19.02	-45.11	5272.57	-4624.58	14131.43	-45.09	152.56	29.15
196	504	466	216	167	174	166	-18.22	-18.94	-45.28	5252.74	-4634.95	14155.45	-34.49	140.83	42.45
196	504	466	216	167	174	164	-18.30	-18.99	-45.37	5250.70	-4647.41	14162.68	-44.61	120.09	36.62
195	504	466	216	167	175	166	-18.42	-19.02	-45.44	5254.37	-4663.24	14156.75	-53.98	119.14	34.89
196	504	466	216	167	174	166	-18.51	-19.07	-45.50	5264.45	-4685.67	14151.11	-45.33	120.43	39.75
196	504	466	216	167	174	165	-18.47	-19.03	-45.58	5260.62	-4694.99	14155.95	-23.07	125.21	47.16
196	504	466	216	167	174	166	-18.47	-19.04	-45.59	5262.79	-4698.84	14162.56	-22.31	121.50	39.15
196	503	466	216	168	174	166	-18.46	-19.04	-45.53	5269.45	-4694.50	14164.03	-28.00	133.07	30.24
196	503	466	216	167	175	166	-18.44	-18.98	-45.58	5267.58	-4701.57	14162.23	-11.80	147.87	36.08
195	503	466	216	167	173	165	-18.30	-19.00	-45.44	5269.20	-4678.30	14152.12	-3.16	153.62	31.63
196	504	466	217	167	174	166	-18.36	-19.03	-45.43	5270.54	-4677.58	14145.51	-14.95	156.94	17.95
196	503	466	216	167	174	166	-18.35	-18.97	-45.43	5270.62	-4678.90	14136.83	-14.30	177.55	13.55
196	503	466	216	167	175	166	-18.41	-18.85	-45.54	5258.28	-4685.36	14145.99	-22.49	195.42	5.12
196	503	466	216	167	175	166	-18.38	-18.78	-45.61	5246.97	-4686.29	14144.49	-20.91	203.75	-8.98
196	503	466	216	167	174	166	-18.38	-18.73	-45.63	5236.82	-4678.57	14141.67	-26.72	207.51	-26.23
195	503	466	216	168	174	166	-18.34	-18.60	-45.70	5219.98	-4673.45	14149.58	-24.98	219.79	-31.87
195	503	465	216	167	174	166	-18.28	-18.56	-45.73	5207.98	-4666.57	14159.31	-22.13	214.40	-34.83
195	503	465	216	168	174	166	-18.17	-18.58	-45.67	5197.18	-4645.64	14158.74	-18.78	199.93	-31.69
195	503	466	216	168	174	165	-18.18	-18.54	-45.74	5189.12	-4648.96	14160.60	-18.49	201.78	-22.95
195	503	465	216	167	174	165	-18.04	-18.55	-45.65	5185.27	-4629.91	14161.17	-10.91	202.94	-8.51
195	503	465	216	167	174	166	-18.10	-18.58	-45.67	5186.40	-4635.62	14157.31	-20.17	200.59	11.72
195	503	465	216	168	175	165	-18.16	-18.53	-45.87	5177.08	-4660.44	14164.85	-9.11	196.01	38.93
195	503	465	216	167	174	165	-18.18	-18.54	-45.88	5178.83	-4663.22	14171.41	-14.40	196.66	39.99
195	503	465	216	167	174	165	-18.39	-18.52	-46.00	5183.89	-4688.25	14177.04	-39.38	204.03	31.89
195	503	465	216	167	174	165	-18.45	-18.54	-46.14	5186.29	-4715.64	14180.18	-19.01	197.38	38.29
195	503	465	216	166	174	165	-18.47	-18.51	-46.26	5174.58	-4725.66	14188.77	-12.36	188.06	34.33
195	502	465	216	166	174	165	-18.46	-18.51	-46.27	5167.25	-4718.58	14192.13	-23.24	177.81	12.11
195	503	465	216	166	174	165	-18.49	-18.55	-46.27	5169.49	-4722.05	14197.93	-29.93	169.17	-1.19
195	502	464	216	167	174	165	-18.44	-18.62	-46.26	5170.41	-4720.35	14186.43	-11.59	159.11	0.92
195	502	464	215	168	174	164	-18.36	-18.66	-46.21	5168.89	-4709.33	14176.91	-2.06	158.05	7.87
195	502	464	216	167	174	165	-18.33	-18.68	-46.13	5169.85	-4697.66	14160.26	-1.05	162.10	12.58
195	502	464	216	167	174	165	-18.39	-18.68	-46.10	5171.56	-4693.58	14154.25	-16.10	168.75	6.20
196	502	464	216	167	174	164	-18.40	-18.68	-46.11	5171.78	-4694.10	14149.34	-14.35	167.76	1.44
196	502	464	216	167	175	165	-18.41	-18.71	-46.09	5170.19	-4691.19	14146.67	-8.08	165.77	0.22
195	502	464	216	168	175	165	-18.45	-18.66	-46.07	5161.68	-4677.83	14143.34	-22.12	176.33	-11.24
195	502	464	216	167	174	165	-18.48	-18.56	-46.15	5148.80	-4679.54	14152.97	-36.07	182.56	-22.58
195	502	464	216	167	173	165	-18.52	-18.52	-46.21	5141.56	-4682.17	14157.12	-47.42	182.89	-29.60
195	502	464	216	167	174	165	-18.45	-18.46	-46.24	5138.88	-4684.46	14165.26	-30.54	189.39	-20.12
195	502	464	216	167	174	165	-18.41	-18.41	-46.24	5130.73	-4674.03	14183.20	-35.47	191.47	-18.82
195	502	464	216	167	173	165	-18.48	-18.39	-46.37	5122.80	-4690.73	14193.84	-44.89	184.90	-18.68
195	501	463	216	167	172	165	-18.48	-18.31	-46.55	5110.66	-4708.40	14193.75	-21.70	188.80	6.31
195	501	464	216	167	174	165	-18.39	-18.19	-46.69	5086.52	-4708.58	14194.06	-1.01	192.71	23.89
194	501	464	216	167	174	165	-18.45	-18.16	-46.77	5077.20	-4712.35	14202.36	-10.91	190.38	25.75
194	501	463	216	167	173	164	-18.48	-18.18	-46.85	5076.74	-4727.13	14214.44	-3.97	182.21	32.21
194	501	463	216	167	173	164	-18.42	-18.29	-46.82	5083.30	-4728.57	14219.52	4.63	156.70	36.70
195	501	463	216	168	174	164	-18.45	-18.46	-46.80	5097.94	-4740.74	14213.74	11.10	133.66	44.66
194	501	464	216	167	175	165	-18.48	-18.50	-46.81	5104.04	-4748.51	14199.05	26.44	141.83	62.73
194	501	463	215	167	173	164	-18.48	-18.48	-46.76	5111.64	-4748.08	14189.70	28.82	162.44	65.89
194	501	463	216	167	173	164	-18.50	-18.43	-46.71	5120.45	-4748.28	14186.02	18.53	183.87	63.30
194	501	464	216	167	174	164	-18.41	-18.38	-46.63	5126.83	-4739.46	14190.31	28.20	206.57	71.94
194	501	463	216	167	174	164	-18.33	-18.33	-46.50	5128.29	-4719.29	14181.80	24.59	224.50	64.79
194	501	463	216	167	174	164	-18.40	-18.31	-46.41	5129.87	-4705.53	14171.91	-9.39	239.22	44.30
194	501	464	216	167	173	164	-18.45	-18.24	-46.51	5126.38	-4719.85	14159.71	5.48	256.61	39.13
194	501	464	216	167	174	164	-18.46	-18.05	-46.64	5105.66	-4719.06	14158.13	3.41	284.38	37.33
194	501	464	215	167	173	164	-18.36	-17.91	-46.71	5094.18	-4720.10	14171.02	24.24	300.91	35.66
194	501	464	216	168	174	164	-18.26	-17.72	-46.88	5070.87	-4725.50	14186.67	43.03	310.06	29.08
194	501	464	216	167	173	164	-18.24	-17.51	-47.10	5042.53	-4733.82	14204.54	54.33	326.01	16.82
193	501	463	216	167	173	164	-18.14	-17.39	-47.26	5021.40	-4739.13	14227.91	74.96	333.86	6.83
194	501	463	216	167	174	164	-17.98	-17.33	-47.34	5003.93	-4734.78	14252.51	105.36	321.22	-2.56
194	501	463	215	167	174	164	-17.73	-17.30	-47.34	4984.33	-4713.84	14270.49	142.84	303.66	-11.63
194	501	463	216	167	173	164	-17.58	-17.26	-47.36	4963.92	-4694.95	14286.96	155.85	286.12	-27.90
194	501	463	216	167	174	164	-17.44	-17.24	-47.36	4949.32	-4679.80	14304.82	172.56	271.57	-41.00
194	501	463	216	166	174	164	-17.21	-17.34	-47.22	4947.45	-4653.01	14312.37	196.03	249.39	-46.40
194	501	463	216	167	173	164	-16.93	-17.45	-46.99	4952.08	-4619.56	14308.75	232.83	235.12	-20.68
194	501	463	216	166	171	164	-16.60	-17.43	-46.80	4944.68	-4576.78	14300.32	268.89	242.06	15.15
194	501	463	216	167	174	164	-16.55	-17.36	-46.70	4936.84	-4550.94	14291.70	265.99	257.71	40.69
194	501	463	216	167	174	164	-16.46	-17.33	-46.67	4928.20	-4537.99	14278.72	276.59	262.78	63.91
195	501	463	216	166	174	164	-16.40	-17.25	-46.74	4912.19	-4532.09	14281.78	293.26	268.84	89.11
195	501	463	216	166	173	164	-16.15	-17.14	-46.79	4887.38	-4513.49	14292.09	341.90	268.39	118.81
195	501	463	215	166	173	164	-15.95	-17.01	-46.74	4862.81	-4478.81	14304.49	348.91	270.17	120.97
195	501	463	215	166	174	164	-15.99	-16.99	-46.78	4843.07	-4464.47	14310.06	326.46	253.92	100.17
195	500	463	216	166	174	164	-15.91	-16.98	-46.79	4827.72	-4450.45	14309.36	337.54	241.87	91.01
195	500	463	216	166	174	164	-15.78	-16.96	-46.83	4802.33	-4431.13	14321.09	343.31	220.98	86.56
195	500	463	215	165	174	164	-15.67	-17.05	-46.73	4786.62	-4397.37	14324.04	340.15	179.08	67.53
195	501	463	216	166	174	165	-15.63	-17.13	-46.59	4774.08	-4361.90	14324.84	312.44	154.97	45.40
196	500	463	216	166	175	164	-15.58	-17.11	-46.49	4765.78	-4334.61	14338.79	292.32	152.23	38.88
195	501	463	216	167	173	164	-15.42	-17.25	-46.20	4774.09	-4297.08	14350.05	285.20	124.91	37.24
195	500	463	215	166	174	164	-15.48	-17.44	-46.01	4793.19	-4287.42	14350.55	249.69	98.72	37.83
195	501	463	216	166	175	164	-15.57	-17.55	-45.92	4810.13	-4290.85	14345.62	242.11	88.03	52.09
196	500	463	216	166	175	165	-15.68	-17.63	-45.79	4829.02	-4288.71	14337.14	220.30	97.23	57.18
196	500	463	216	166	175	165	-15.82	-17.69	-45.82	4846.97	-4310.47	14338.69	219.34	110.12	65.42
196	500	463	215	166	174	164	-15.84	-17.66	-45.78	4856.02	-4314.95	14347.75	225.77	125.26	64.35
196	500	463	215	166	175	165	-15.85	-17.56	-45.86	4859.02	-4330.00	14360.16	240.58	153.15	59.98
195	500	463	215	166	175	164	-15.78	-17.50	-45.79	4862.07	-4321.90	14378.95	251.70	170.49	45.94
196	500	463	215	166	175	165	-15.78	-17.40	-45.76	4861.36	-4316.81	14389.21	252.22	185.32	20.29
196	500	463	216	166	175	165	-15.59	-17.38	-45.66	4854.50	-4293.97	14411.15	262.46	184.50	-14.93
196	500	463	215	166	175	165	-15.48	-17.35	-45.45	4854.97	-4258.07	14405.19	255.78	192.78	-51.18
195	500	462	215	166	175	164	-15.41	-17.25	-45.44	4839.82	-4242.96	14402.33	261.44	203.89	-73.77
196	500	462	215	166	174	164	-15.23	-17.15	-45.34	4813.23	-4200.62	14406.01	252.57	204.44	-107.23
196	500	463	216	166	175	165	-15.24	-17.11	-45.28	4789.77	-4165.99	14396.51	216.09	190.32	-148.37
195	500	462	215	167	176	164	-15.18	-17.04	-45.27	4765.48	-4141.09	14390.88	206.79	183.06	-168.95
195	500	463	215	166	175	164	-15.11	-16.97	-45.25	4744.81	-4115.83	14393.14	192.15	181.40	-181.55
196	500	463	216	166	174	166	-15.04	-17.00	-45.13	4741.97	-4094.04	14410.68	177.49	162.73	-188.38
195	500	462	216	166	175	165	-15.11	-17.07	-45.12	4752.07	-4104.14	14435.75	168.82	157.05	-182.96
195	500	462	215	167	176	165	-15.13	-17.24	-45.02	4765.87	-4101.93	14440.96	166.23	136.64	-182.66
195	500	462	215	166	176	166	-15.28	-17.41	-44.84	4794.57	-4102.03	14450.11	137.16	129.21	-191.98
196	499	462	215	166	175	166	-15.36	-17.60	-44.69	4829.04	-4114.13	14447.41	135.71	122.25	-194.33
196	499	462	215	166	176	165	-15.29	-17.75	-44.46	4858.19	-4107.23	14446.04	145.32	123.19	-189.41
196	500	462	215	166	174	165	-15.32	-17.84	-44.28	4882.08	-4103.06	14440.33	140.55	131.88	-191.64
196	500	462	215	166	175	165	-15.26	-17.83	-44.19	4888.58	-4094.31	14442.52	142.53	141.13	-194.41
195	500	462	215	166	175	165	-15.24	-17.77	-44.10	4886.75	-4078.80	14436.79	134.05	158.13	-202.79
195	499	462	216	166	176	165	-15.25	-17.64	-44.09	4891.01	-4081.46	14435.95	138.60	191.47	-198.00
195	500	462	215	166	176	165	-15.22	-17.49	-44.15	4876.26	-4077.98	14434.75	133.97	207.30	-204.25
195	499	462	215	166	176	165	-15.33	-17.45	-44.24	4866.85	-4081.48	14433.42	118.57	203.73	-218.69
195	499	462	215	166	175	166	-15.36	-17.37	-44.33	4857.11	-4085.41	14433.55	117.99	211.30	-224.15
195	500	462	215	166	177	166	-15.25	-17.30	-44.29	4846.45	-4068.74	14440.07	119.44	217.18	-232.59
195	499	462	215	166	175	165	-15.23	-17.23	-44.24	4843.73	-4058.30	14448.46	120.67	225.47	-228.51
195	499	462	215	166	175	165	-15.15	-17.23	-44.17	4844.94	-4048.19	14460.64	132.14	229.40	-216.24
195	499	462	215	166	176	165	-15.10	-17.20	-44.10	4844.89	-4038.38	14475.61	129.48	234.28	-208.93
196	500	462	215	166	176	165	-15.06	-17.20	-43.95	4852.25	-4023.26	14487.63	115.11	242.47	-210.58
195	499	462	215	166	175	165	-15.14	-17.18	-44.03	4849.84	-4031.50	14493.45	107.15	242.39	-200.70
195	499	462	215	166	176	166	-14.98	-17.19	-43.92	4848.15	-4014.52	14495.57	127.64	247.07	-186.22
195	499	462	215	166	176	166	-14.96	-17.15	-43.87	4845.74	-4003.19	14503.99	115.91	253.72	-179.16
195	499	462	215	166	176	165	-14.89	-17.03	-43.94	4828.45	-3998.43	14503.39	126.36	262.08	-171.75
195	499	462	215	166	176	165	-14.91	-16.91	-44.08	4809.43	-4001.11	14505.02	125.60	270.28	-169.91
196	499	462	215	166	176	165	-14.84	-16.83	-44.21	4780.36	-3993.26	14509.77	140.57	262.16	-172.57
195	499	462	215	166	176	165	-14.77	-16.87	-44.08	4772.14	-3964.79	14501.88	124.29	249.01	-190.59
196	499	462	215	166	175	166	-14.79	-16.84	-44.11	4757.13	-3955.15	14503.19	113.37	242.11	-194.66
195	498	461	215	166	175	165	-14.73	-16.73	-44.19	4733.07	-3943.40	14504.83	116.36	242.30	-188.62
196	499	462	215	165	176	166	-14.65	-16.71	-44.10	4717.42	-3914.03	14516.59	101.29	227.09	-192.29
196	499	462	215	165	176	166	-14.68	-16.70	-44.08	4707.55	-3902.93	14520.36	78.82	220.48	-184.58
195	499	461	215	166	176	165	-14.63	-16.69	-44.12	4697.37	-3898.78	14529.74	78.08	210.36	-168.70
195	499	461	215	166	176	165	-14.56	-16.73	-44.04	4694.30	-3884.24	14540.25	70.68	192.54	-153.66
195	499	461	215	165	176	166	-14.58	-16.72	-44.04	4695.19	-3884.43	14559.64	62.89	186.91	-139.18
195	499	461	215	166	175	166	-14.68	-16.66	-44.24	4690.83	-3909.81	14596.86	60.65	184.82	-124.17
196	499	462	215	166	175	165	-14.77	-16.72	-44.39	4694.89	-3935.52	14623.22	64.72	157.68	-118.46
196	498	461	215	166	176	165	-14.84	-16.84	-44.58	4696.54	-3965.54	14625.65	84.63	122.99	-116.89
195	498	461	215	166	176	165	-14.89	-16.94	-44.63	4699.12	-3976.46	14618.77	95.05	97.64	-138.95
195	499	461	215	166	176	166	-14.89	-17.18	-44.48	4710.16	-3965.84	14602.43	95.75	57.86	-170.45
195	498	462	215	164	176	166	-14.81	-17.40	-44.18	4731.65	-3939.95	14567.51	95.16	37.07	-193.33
195	498	461	215	166	177	166	-14.69	-17.49	-43.97	4740.27	-3918.95	14543.33	105.00	38.56	-197.66
195	499	461	215	166	177	166	-14.53	-17.59	-43.63	4755.46	-3882.60	14524.77	102.30	39.04	-208.73
195	498	461	214	165	176	166	-14.43	-17.69	-43.32	4772.08	-3852.07	14509.33	94.24	40.83	-211.39
196	498	461	215	165	176	166	-14.31	-17.71	-43.02	4781.48	-3817.07	14498.06	83.77	53.99	-209.17
195	499	461	215	165	176	166	-14.25	-17.67	-42.83	4784.20	-3793.02	14500.76	69.94	66.39	-202.96
195	498	461	215	166	178	166	-14.20	-17.64	-42.72	4789.59	-3781.17	14500.92	69.29	81.67	-186.91
195	499	461	215	165	176	166	-14.19	-17.58	-42.58	4796.51	-3768.91	14520.28	52.22	97.54	-178.57
195	498	461	215	165	176	166	-14.20	-17.55	-42.62	4794.09	-3771.46	14538.06	51.01	95.06	-174.44
195	498	461	215	166	176	166	-14.30	-17.55	-42.61	4799.78	-3774.29	14547.16	28.16	95.01	-186.72
195	498	461	215	165	177	167	-14.38	-17.58	-42.69	4803.99	-3789.17	14544.20	30.65	94.81	-186.38
195	499	461	214	165	176	166	-14.36	-17.53	-42.71	4803.79	-3792.52	14549.59	45.72	95.97	-183.66
195	498	461	215	165	176	167	-14.32	-17.55	-42.58	4811.60	-3781.69	14549.91	42.19	95.82	-196.83
195	498	461	215	166	176	166	-14.28	-17.59	-42.49	4817.42	-3774.41	14552.21	39.98	96.43	-206.49
195	498	461	215	166	176	165	-14.20	-17.62	-42.30	4828.55	-3756.48	14558.80	42.33	95.66	-213.31
195	498	461	214	166	177	166	-14.14	-17.72	-42.07	4839.93	-3733.26	14558.46	30.61	81.07	-234.15
195	498	460	214	165	176	166	-14.11	-17.83	-41.79	4844.53	-3698.60	14546.14	1.23	69.87	-259.29
195	498	461	215	165	177	166	-14.12	-17.96	-41.52	4857.90	-3672.27	14521.43	-36.48	62.18	-276.08
196	498	461	215	165	178	166	-14.16	-17.96	-41.36	4861.21	-3653.45	14503.96	-65.41	74.87	-271.17
196	498	461	214	166	176	166	-14.13	-17.91	-41.35	4856.75	-3646.78	14494.16	-61.14	80.48	-250.21
195	498	460	215	164	176	166	-14.14	-17.82	-41.26	4853.51	-3632.04	14506.25	-87.28	95.75	-243.65
195	498	461	215	165	176	166	-14.34	-17.67	-41.43	4846.83	-3648.04	14515.74	-124.37	112.36	-228.52
195	498	461	215	165	177	167	-14.37	-17.53	-41.59	4827.29	-3654.04	14529.95	-125.85	119.55	-204.44
195	498	461	215	165	175	166	-14.48	-17.42	-41.75	4813.93	-3664.94	14538.46	-139.30	115.22	-185.62
195	498	461	215	165	177	167	-14.56	-17.37	-41.87	4809.83	-3678.49	14554.33	-148.59	107.76	-169.09
194	498	461	215	165	176	166	-14.61	-17.46	-41.95	4817.34	-3696.96	14570.42	-152.91	82.67	-156.29
195	498	461	215	164	176	166	-14.65	-17.69	-41.93	4830.27	-3705.32	14565.30	-143.01	41.89	-145.77
194	498	461	215	165	176	166	-14.72	-17.86	-41.90	4846.16	-3715.05	14552.23	-148.96	22.39	-136.63
195	497	461	215	165	176	166	-14.78	-17.99	-41.83	4865.05	-3723.30	14532.42	-141.42	13.52	-125.10
195	498	460	215	165	175	166	-14.90	-18.04	-41.79	4885.40	-3734.53	14519.20	-155.84	23.20	-120.50
195	498	461	215	165	176	166	-14.93	-18.14	-41.73	4901.13	-3740.41	14518.04	-157.75	18.44	-121.62
195	497	461	215	165	176	167	-14.99	-18.23	-41.70	4915.07	-3748.19	14499.74	-162.42	21.91	-124.54
195	498	461	215	165	177	166	-15.02	-18.23	-41.76	4918.32	-3760.58	14490.95	-151.39	29.07	-120.26
195	497	461	215	165	177	167	-15.10	-18.19	-41.69	4927.20	-3758.35	14481.00	-178.87	42.37	-138.65
195	498	461	215	166	177	167	-15.27	-18.20	-41.78	4938.64	-3781.23	14480.55	-191.63	55.35	-145.67
195	497	461	215	165	177	166	-15.28	-18.18	-41.85	4935.31	-3788.57	14470.32	-185.80	60.38	-143.93
195	498	461	215	165	177	166	-15.31	-18.23	-41.85	4940.14	-3793.74	14463.21	-189.36	51.51	-151.49
195	497	460	215	166	176	167	-15.45	-18.18	-41.91	4947.94	-3808.25	14455.85	-205.89	74.54	-150.46
195	498	461	215	165	177	167	-15.57	-18.14	-42.13	4946.54	-3839.04	14448.05	-199.85	83.71	-140.34
195	497	460	215	166	177	167	-15.65	-18.12	-42.14	4952.81	-3845.49	14434.45	-200.35	90.17	-131.67
195	497	461	215	165	177	166	-15.71	-17.99	-42.33	4944.57	-3866.81	14429.53	-196.59	116.11	-121.24
195	497	461	215	165	176	166	-15.74	-17.91	-42.44	4939.94	-3879.67	14440.25	-195.01	125.86	-121.43
195	497	461	215	166	177	167	-15.74	-17.90	-42.46	4944.75	-3886.89	14452.64	-187.66	127.17	-116.91
195	497	460	215	165	177	166	-15.79	-17.80	-42.63	4937.91	-3905.35	14456.81	-182.52	142.76	-109.51
195	497	461	215	166	176	166	-15.81	-17.71	-42.74	4930.01	-3914.88	14464.97	-181.80	154.62	-110.59
195	497	461	215	166	175	167	-15.88	-17.63	-42.97	4917.71	-3936.13	14468.52	-176.36	154.49	-106.56
195	497	460	215	164	177	166	-15.83	-17.61	-43.04	4911.43	-3941.73	14463.89	-153.24	152.86	-99.28
195	497	461	215	165	176	166	-15.87	-17.58	-43.10	4900.86	-3940.04	14463.10	-156.13	152.77	-100.86
195	497	460	215	165	176	167	-15.86	-17.59	-43.11	4893.41	-3935.44	14458.94	-154.32	146.03	-99.52
195	497	461	215	165	177	167	-15.82	-17.60	-43.19	4886.14	-3940.07	14451.79	-140.61	138.83	-82.70
195	497	460	215	165	177	166	-15.73	-17.59	-43.19	4883.43	-3937.86	14447.00	-123.88	136.54	-66.41
195	497	461	215	165	177	166	-15.75	-17.64	-43.20	4883.66	-3939.97	14449.85	-130.53	123.01	-60.49
195	497	460	215	166	176	167	-15.74	-17.72	-43.27	4886.28	-3953.57	14452.36	-115.61	111.66	-43.47
195	497	460	215	166	177	167	-15.71	-17.80	-43.22	4894.17	-3952.69	14456.54	-111.67	100.33	-28.04
195	497	460	215	165	177	166	-15.76	-17.90	-43.14	4906.26	-3952.66	14461.92	-124.64	91.06	-20.64
195	497	460	215	166	176	166	-15.86	-18.01	-43.14	4926.14	-3970.42	14467.42	-129.36	85.86	-12.61
195	497	461	215	165	175	167	-15.92	-18.08	-43.16	4942.04	-3988.90	14461.45	-123.64	86.27	-5.08
195	497	460	215	166	176	167	-15.96	-18.16	-43.14	4961.74	-4003.46	14455.18	-115.71	89.35	1.58
195	497	460	215	165	177	167	-16.02	-18.12	-43.32	4969.05	-4038.69	14450.82	-88.97	99.29	15.80
195	497	461	215	165	176	166	-16.00	-17.99	-43.53	4957.80	-4059.15	14460.88	-59.72	110.67	22.16
195	497	460	215	165	176	166	-15.83	-17.98	-43.54	4953.31	-4057.39	14471.83	-29.74	92.39	19.30
194	497	460	215	165	177	165	-15.70	-17.97	-43.54	4943.64	-4047.92	14460.84	-4.00	87.12	22.08
195	497	460	215	166	176	167	-15.64	-17.94	-43.50	4938.46	-4036.53	14459.20	4.15	91.26	19.83
195	497	460	215	165	177	167	-15.55	-17.87	-43.47	4930.34	-4024.10	14452.84	9.99	106.25	30.29
195	497	460	215	165	176	167	-15.48	-17.78	-43.46	4920.62	-4013.70	14445.60	15.14	122.44	40.97
195	497	460	215	165	177	167	-15.41	-17.79	-43.44	4914.19	-4004.61	14441.12	17.28	117.91	46.88
195	496	460	215	166	177	167	-15.31	-17.87	-43.29	4911.08	-3979.38	14427.26	12.62	105.17	50.53
195	497	460	215	165	177	167	-15.37	-17.86	-43.32	4909.92	-3981.41	14421.10	3.44	116.51	58.96
195	496	460	215	166	177	167	-15.35	-17.74	-43.41	4901.83	-3988.34	14424.44	15.17	137.03	74.76
195	496	460	215	165	177	167	-15.34	-17.67	-43.53	4892.14	-3997.12	14438.62	30.36	140.68	81.57
194	496	460	215	165	176	167	-15.31	-17.62	-43.63	4877.93	-3998.87	14449.89	37.49	130.35	74.94
195	496	460	215	165	178	167	-15.25	-17.60	-43.66	4865.63	-3990.12	14456.79	39.62	120.68	69.34
195	496	460	215	166	176	166	-15.19	-17.51	-43.67	4852.35	-3980.62	14462.75	39.44	125.30	65.78
195	496	460	215	165	176	167	-15.14	-17.46	-43.72	4845.93	-3980.59	14473.42	44.41	124.78	68.44
195	496	460	215	166	177	167	-15.05	-17.46	-43.68	4837.04	-3968.96	14479.95	52.49	113.74	72.67
195	496	460	215	166	177	167	-15.00	-17.49	-43.65	4829.98	-3956.51	14484.55	51.77	91.81	74.93
195	496	460	215	166	177	167	-14.94	-17.57	-43.55	4834.49	-3945.68	14489.92	54.03	76.52	82.64
195	496	460	216	166	177	166	-14.88	-17.64	-43.41	4837.76	-3927.00	14494.42	49.23	61.29	87.65
195	496	460	215	165	177	167	-14.87	-17.78	-43.24	4853.87	-3917.65	14491.70	41.52	46.68	89.32
195	496	459	215	166	177	167	-14.94	-17.91	-43.15	4874.58	-3923.77	14479.12	41.49	41.19	100.31
195	496	460	215	166	177	167	-14.98	-18.01	-43.06	4896.65	-3930.58	14466.36	48.92	48.63	115.19
195	496	460	215	166	176	167	-15.03	-17.98	-43.12	4902.62	-3944.85	14458.04	61.77	68.10	127.48
194	496	459	215	165	176	167	-14.99	-17.87	-43.19	4892.29	-3946.21	14454.94	74.13	87.55	126.11
195	496	460	215	165	176	166	-14.98	-17.86	-43.11	4891.87	-3933.30	14464.79	57.33	86.77	101.75
195	496	459	215	165	177	166	-14.98	-17.90	-43.08	4888.68	-3925.23	14469.15	47.36	70.48	83.36
194	496	460	215	165	177	167	-14.86	-17.87	-42.97	4883.24	-3905.57	14462.70	58.94	74.61	88.20
195	496	460	215	166	176	167	-14.77	-17.74	-43.02	4858.08	-3889.29	14467.36	55.69	77.98	93.44
195	495	460	215	165	176	167	-14.71	-17.68	-43.07	4835.98	-3874.03	14472.39	52.86	61.73	91.96
195	496	460	215	166	177	166	-14.61	-17.74	-42.94	4824.78	-3845.93	14464.37	48.77	33.69	94.17
194	496	460	215	165	176	166	-14.58	-17.82	-42.91	4820.34	-3837.23	14442.75	52.43	10.71	110.56
194	496	459	215	166	176	166	-14.49	-17.86	-42.82	4816.92	-3821.57	14423.82	65.36	6.52	138.38
195	495	459	215	165	176	166	-14.55	-17.85	-42.79	4822.28	-3821.29	14419.02	58.99	3.29	153.26
195	496	459	215	166	177	167	-14.75	-17.88	-42.91	4830.96	-3847.43	14429.47	45.99	1.43	159.10
195	495	459	215	165	176	166	-14.82	-17.97	-42.82	4851.21	-3852.45	14440.60	27.79	-1.09	158.99
195	496	459	215	166	176	167	-14.93	-18.03	-42.77	4870.85	-3863.63	14461.97	5.70	-2.04	163.09
195	496	459	215	166	175	167	-14.97	-18.10	-42.70	4886.71	-3868.05	14479.47	-3.18	-5.84	169.89
195	496	459	215	166	178	167	-14.96	-18.17	-42.46	4916.38	-3860.65	14505.70	-12.03	1.16	175.59
193	495	459	215	166	177	167	-14.99	-18.31	-42.39	4942.16	-3873.81	14521.01	-11.42	-5.10	185.01
192	496	459	215	166	177	167	-15.05	-18.40	-42.25	4967.25	-3876.52	14512.76	-17.90	5.45	195.21
189	495	459	215	165	176	167	-15.30	-18.43	-42.20	4989.69	-3887.30	14485.32	-57.66	32.78	191.25
188	496	459	215	166	177	167	-15.64	-18.43	-42.37	5003.60	-3926.73	14456.06	-70.92	61.24	183.89
187	495	459	215	166	177	167	-15.71	-18.30	-42.62	5003.02	-3964.60	14424.45	-22.13	106.33	190.70
187	495	459	215	165	176	166	-15.68	-18.10	-42.74	4984.27	-3965.17	14411.23	-12.37	143.76	160.36
187	495	459	215	166	176	167	-15.86	-17.89	-43.00	4954.46	-3975.11	14404.87	-51.35	161.93	99.14
187	495	459	215	166	177	166	-15.86	-17.71	-43.22	4924.93	-3980.75	14411.43	-53.64	170.18	46.14
187	495	460	215	166	179	166	-15.75	-17.60	-43.25	4900.09	-3962.32	14424.85	-58.65	166.32	-5.67
187	495	459	215	166	177	166	-15.57	-17.60	-43.13	4883.08	-3929.40	14437.81	-67.22	141.50	-42.44
188	495	459	215	166	175	166	-15.43	-17.58	-43.03	4867.33	-3899.93	14447.92	-77.56	128.78	-56.27
187	495	459	215	166	176	166	-15.32	-17.59	-42.85	4857.76	-3862.13	14448.32	-100.18	120.24	-58.75
187	495	459	215	166	177	166	-15.38	-17.63	-42.89	4849.67	-3861.43	14456.51	-120.82	99.38	-55.26
188	495	459	215	166	176	166	-15.41	-17.71	-42.99	4842.19	-3870.75	14458.48	-118.13	64.76	-50.65
187	496	459	215	166	177	166	-15.58	-17.82	-43.08	4842.48	-3883.42	14456.96	-146.03	38.27	-50.97
187	495	459	215	166	177	166	-15.82	-17.93	-43.23	4856.96	-3917.85	14463.31	-169.32	16.36	-43.32
187	496	459	215	166	177	167	-16.08	-18.05	-43.41	4874.11	-3961.15	14459.35	-176.46	4.14	-35.65
187	495	459	215	166	176	167	-16.34	-18.14	-43.58	4891.20	-4004.90	14448.58	-192.19	-0.57	-43.62
187	495	458	215	166	176	167	-16.66	-18.23	-43.79	4913.24	-4056.25	14441.15	-212.13	-2.54	-66.29
188	495	459	215	166	177	167	-16.81	-18.35	-43.86	4940.18	-4093.44	14439.49	-202.47	-7.21	-82.83
188	495	458	215	166	176	166	-16.79	-18.43	-43.85	4960.17	-4110.37	14429.92	-179.05	-2.15	-95.18
189	495	459	215	166	176	166	-16.74	-18.49	-43.71	4980.56	-4108.85	14422.02	-170.84	7.96	-114.23
190	495	459	215	167	177	167	-16.77	-18.51	-43.62	4997.33	-4110.21	14412.12	-181.05	25.31	-133.56
190	495	458	215	167	178	166	-16.81	-18.50	-43.58	5015.27	-4122.30	14401.11	-183.75	51.29	-145.64
190	495	458	214	166	176	167	-16.70	-18.42	-43.58	5018.70	-4125.78	14394.66	-159.36	83.73	-135.95
191	495	459	215	166	176	166	-16.65	-18.29	-43.62	5015.37	-4127.29	14398.92	-144.59	117.19	-131.31
190	495	458	215	166	177	167	-16.63	-18.16	-43.65	5012.00	-4130.13	14403.38	-144.16	145.08	-138.29
190	495	458	215	166	176	166	-16.69	-18.04	-43.86	5009.40	-4159.42	14397.61	-126.06	173.68	-131.48
191	495	458	215	166	176	166	-16.62	-17.88	-44.05	4997.93	-4179.65	14408.73	-93.05	201.04	-128.35
192	495	458	215	166	176	166	-16.54	-17.84	-44.09	4990.03	-4178.47	14417.49	-80.25	198.64	-150.64
191	495	458	215	166	177	166	-16.52	-17.86	-44.26	4988.93	-4202.94	14418.22	-52.19	191.26	-172.95
192	494	458	215	166	176	166	-16.48	-17.77	-44.37	4983.48	-4215.80	14407.71	-22.43	212.70	-188.11
192	495	458	214	166	177	166	-16.35	-17.66	-44.43	4970.11	-4211.61	14413.92	4.89	230.16	-210.30
192	495	458	215	166	176	166	-16.18	-17.63	-44.47	4951.00	-4199.43	14408.02	33.05	220.30	-232.14
192	494	458	215	166	176	166	-15.91	-17.61	-44.34	4936.65	-4165.45	14407.62	65.90	221.74	-233.98
192	494	457	215	166	177	165	-15.65	-17.56	-44.11	4929.42	-4122.38	14405.64	76.40	232.85	-220.68
192	494	458	215	166	177	165	-15.52	-17.50	-44.03	4919.55	-4099.66	14405.36	83.13	241.01	-203.10
192	494	458	215	166	176	165	-15.47	-17.44	-44.02	4915.37	-4094.28	14417.29	93.22	249.36	-187.19
192	494	458	215	166	178	165	-15.33	-17.45	-43.79	4923.20	-4066.97	14415.23	99.96	256.79	-177.03
193	494	458	215	166	177	165	-15.30	-17.42	-43.75	4925.64	-4062.62	14424.26	101.97	264.20	-161.68
192	494	457	214	166	176	165	-15.18	-17.34	-43.72	4920.56	-4053.29	14436.65	117.42	281.04	-148.90
192	494	458	214	166	177	164	-15.12	-17.34	-43.58	4922.13	-4033.62	14452.42	104.75	278.79	-161.80
192	494	457	214	166	177	164	-15.21	-17.33	-43.60	4927.43	-4042.14	14452.20	99.36	290.65	-162.16
192	494	458	214	166	176	164	-15.18	-17.24	-43.71	4926.86	-4056.03	14448.79	132.14	314.57	-151.20
193	494	457	214	166	177	164	-15.13	-17.21	-43.67	4920.91	-4045.63	14440.55	138.33	320.64	-174.94
193	494	458	215	166	177	163	-15.15	-17.19	-43.55	4922.07	-4028.75	14431.52	121.92	336.96	-209.60
193	494	457	215	166	177	164	-15.15	-17.05	-43.56	4914.16	-4023.71	14424.94	120.82	370.91	-229.17
193	494	457	215	166	176	163	-14.91	-16.76	-43.56	4884.06	-3993.13	14427.90	138.18	410.91	-235.01
193	494	457	214	166	177	164	-14.68	-16.47	-43.57	4844.25	-3958.87	14452.90	147.37	436.92	-229.16
193	494	457	215	166	178	163	-14.49	-16.15	-43.60	4797.44	-3917.93	14481.26	138.85	457.52	-228.05
193	494	457	214	165	177	164	-14.37	-15.92	-43.68	4749.77	-3883.43	14505.99	121.66	457.00	-221.35
193	494	457	215	166	177	163	-14.28	-15.77	-43.81	4707.08	-3862.06	14534.09	116.13	446.65	-201.23
193	494	457	214	166	177	163	-14.18	-15.68	-43.92	4670.13	-3842.16	14556.19	115.37	422.66	-179.72
193	494	457	215	166	177	163	-14.13	-15.78	-43.75	4656.02	-3805.45	14551.58	86.55	385.43	-170.03
192	494	457	214	166	177	164	-14.26	-15.91	-43.77	4651.22	-3802.78	14535.60	60.72	355.86	-149.83
193	494	457	215	166	177	164	-14.26	-15.95	-43.83	4639.66	-3800.44	14509.42	71.64	348.82	-109.04
193	494	457	214	165	177	164	-14.33	-15.97	-43.86	4632.87	-3797.01	14504.55	50.66	346.63	-90.44
193	494	457	214	166	178	164	-14.44	-16.03	-43.92	4632.83	-3806.56	14518.72	27.07	334.54	-77.27
193	494	457	215	166	177	164	-14.51	-16.07	-44.06	4633.59	-3827.64	14522.78	34.77	324.07	-53.50
193	493	457	214	166	177	164	-14.51	-16.09	-44.16	4628.31	-3837.85	14544.04	41.63	313.41	-39.88
193	494	457	215	166	177	164	-14.52	-16.12	-44.17	4622.69	-3833.36	14562.44	26.90	294.39	-48.58
193	494	457	215	166	178	164	-14.64	-16.11	-44.35	4617.76	-3853.89	14573.92	22.90	285.77	-52.40
193	494	457	215	166	177	164	-14.53	-16.18	-44.36	4618.67	-3856.40	14588.62	52.41	265.78	-53.23
193	493	457	215	166	177	164	-14.54	-16.27	-44.38	4618.34	-3860.58	14598.59	55.59	239.65	-67.22
193	494	457	215	165	177	164	-14.49	-16.39	-44.37	4616.42	-3855.95	14596.46	65.11	205.36	-91.46
193	494	457	215	165	178	164	-14.36	-16.53	-44.10	4624.80	-3825.35	14579.84	67.50	189.29	-105.04
193	493	457	215	164	177	164	-14.36	-16.49	-44.04	4623.36	-3814.28	14561.65	67.88	212.18	-88.59
193	493	457	215	165	177	164	-14.36	-16.41	-44.11	4614.39	-3816.77	14563.16	77.34	227.82	-78.56
193	493	457	215	165	177	164	-14.33	-16.38	-44.02	4606.87	-3796.33	14562.41	62.12	225.13	-84.08
193	493	457	215	165	178	165	-14.42	-16.26	-44.23	4588.13	-3807.31	14571.89	50.76	230.82	-77.77
193	493	457	215	165	177	164	-14.33	-16.14	-44.43	4562.52	-3811.35	14592.29	77.72	223.13	-60.34
193	493	457	215	165	177	164	-14.21	-16.15	-44.32	4545.80	-3779.18	14598.28	65.39	200.33	-66.97
193	493	457	215	165	177	164	-14.31	-16.23	-44.24	4546.91	-3769.42	14597.56	24.32	181.91	-73.77
193	493	457	215	166	177	165	-14.31	-16.26	-44.21	4548.96	-3766.55	14594.48	23.75	181.06	-55.58
193	493	457	215	165	177	164	-14.33	-16.27	-44.11	4549.11	-3753.22	14595.36	0.22	179.71	-47.70
193	493	457	215	165	176	164	-14.53	-16.35	-44.26	4554.86	-3779.76	14588.59	-18.45	163.18	-45.27
193	493	457	215	166	177	164	-14.49	-16.45	-44.23	4567.51	-3788.57	14587.36	6.78	152.52	-24.00
193	493	457	215	165	177	164	-14.48	-16.42	-44.22	4565.94	-3784.35	14586.19	2.99	155.19	-14.20
193	493	457	215	165	177	164	-14.57	-16.34	-44.37	4555.84	-3796.93	14596.28	-7.81	164.08	-7.79
193	493	457	215	166	177	165	-14.57	-16.34	-44.43	4557.65	-3807.08	14607.47	5.33	162.28	6.30
194	493	457	216	165	177	164	-14.54	-16.36	-44.40	4561.77	-3806.13	14620.10	7.21	157.66	17.18
193	493	457	215	165	178	164	-14.65	-16.35	-44.37	4554.48	-3795.62	14618.69	-33.85	162.08	13.17
193	493	457	215	167	177	164	-14.85	-16.29	-44.60	4547.35	-3822.84	14626.76	-55.96	161.83	7.11
193	493	457	215	167	176	164	-14.90	-16.25	-44.78	4538.99	-3839.30	14630.02	-51.41	157.08	19.46
193	493	458	215	167	177	165	-14.81	-16.22	-44.83	4522.84	-3831.53	14630.72	-34.04	144.23	28.43
193	493	458	215	167	177	165	-14.72	-16.32	-44.82	4518.09	-3825.96	14633.18	-13.94	116.92	26.51
193	493	458	215	167	177	165	-14.62	-16.50	-44.67	4520.19	-3805.06	14614.12	-8.54	83.97	16.79
193	492	458	215	167	176	165	-14.59	-16.62	-44.58	4523.38	-3795.81	14595.62	-13.36	62.17	17.85
193	492	457	215	166	176	165	-14.48	-16.68	-44.52	4528.81	-3791.02	14585.43	10.71	53.22	41.16
193	493	458	215	167	178	165	-14.38	-16.74	-44.32	4532.57	-3766.66	14578.96	7.22	46.80	59.75
194	493	458	215	166	176	165	-14.41	-16.74	-44.32	4536.94	-3770.73	14585.61	2.06	45.31	77.31
193	492	457	215	167	177	165	-14.44	-16.75	-44.33	4535.30	-3771.99	14597.33	-2.74	51.05	96.99
194	492	457	215	167	177	165	-14.50	-16.77	-44.35	4537.33	-3775.99	14601.46	-10.61	46.90	109.60
194	492	458	214	167	177	165	-14.57	-16.77	-44.40	4544.26	-3790.59	14602.79	-9.23	45.85	125.67
193	493	457	215	167	178	165	-14.68	-16.77	-44.43	4552.65	-3802.46	14606.05	-17.66	51.86	131.78
193	492	457	215	167	177	165	-14.80	-16.76	-44.53	4563.62	-3828.54	14615.35	-20.68	59.22	133.74
193	492	457	214	167	175	165	-14.83	-16.78	-44.52	4574.84	-3837.71	14614.38	-19.65	68.56	127.16
193	492	457	215	167	177	165	-14.84	-16.86	-44.42	4592.50	-3840.23	14621.46	-15.66	61.88	105.55
193	492	457	215	167	179	165	-14.80	-16.97	-44.35	4613.47	-3849.02	14615.39	0.02	62.93	97.57
194	492	457	215	168	176	165	-14.75	-16.90	-44.35	4617.20	-3853.37	14612.22	21.17	80.94	98.69
193	492	457	215	167	177	166	-14.57	-16.87	-44.15	4614.14	-3822.10	14606.81	28.96	87.89	77.36
194	492	457	215	168	177	165	-14.63	-16.87	-44.01	4618.23	-3806.59	14594.07	-4.09	88.80	46.19
194	492	457	215	168	178	165	-14.63	-16.82	-44.06	4616.32	-3811.86	14574.96	12.32	106.41	50.13
194	492	457	214	168	177	165	-14.50	-16.72	-44.00	4607.90	-3794.67	14568.81	32.90	121.59	61.82
193	492	457	215	168	176	165	-14.49	-16.60	-44.05	4589.91	-3783.34	14564.97	28.65	134.26	61.53
193	492	457	214	168	177	165	-14.54	-16.49	-44.13	4576.21	-3783.77	14571.72	12.02	143.24	57.71
193	492	457	215	168	177	165	-14.54	-16.44	-44.25	4559.60	-3783.58	14579.74	6.87	144.73	52.42
194	492	457	215	168	178	165	-14.53	-16.41	-44.27	4550.02	-3777.00	14584.55	-1.52	139.04	46.50
194	492	457	215	168	175	165	-14.54	-16.44	-44.29	4546.92	-3776.35	14583.72	-3.70	126.94	47.07
194	492	457	214	168	176	165	-14.59	-16.46	-44.30	4546.77	-3778.33	14574.54	-17.56	122.55	45.57
193	491	457	214	168	177	166	-14.66	-16.41	-44.43	4542.63	-3792.82	14572.01	-16.48	128.02	57.24
193	491	457	214	168	178	165	-14.64	-16.37	-44.48	4535.70	-3792.58	14572.41	-17.71	126.82	63.33
194	491	457	215	168	177	165	-14.69	-16.42	-44.43	4541.72	-3792.75	14573.79	-35.97	118.68	58.31
194	490	457	214	168	177	165	-14.71	-16.48	-44.40	4549.63	-3795.51	14582.90	-46.48	113.14	64.95
194	490	457	215	168	177	165	-14.71	-16.44	-44.41	4551.35	-3798.93	14577.55	-40.40	126.74	94.10
194	489	457	215	168	177	165	-14.82	-16.29	-44.62	4537.18	-3814.19	14575.68	-51.03	148.80	109.00
194	489	457	214	168	177	165	-14.92	-16.27	-44.79	4519.52	-3822.68	14579.29	-71.33	142.11	101.80
193	489	457	214	168	177	165	-14.98	-16.29	-44.94	4513.75	-3837.54	14578.93	-68.56	130.05	102.96
193	489	457	214	168	177	164	-14.95	-16.27	-44.96	4512.06	-3839.67	14582.38	-59.24	131.55	99.96
194	488	457	214	168	176	165	-14.97	-16.28	-45.02	4510.46	-3845.08	14586.26	-59.02	126.32	89.71
193	488	457	214	167	177	165	-14.98	-16.33	-45.05	4510.13	-3850.23	14584.55	-55.97	113.26	76.87
193	488	457	215	169	177	165	-14.96	-16.41	-44.98	4516.63	-3847.92	14581.52	-52.62	99.94	66.28
194	488	457	214	168	177	165	-14.90	-16.47	-44.80	4527.80	-3830.72	14575.64	-59.89	94.30	53.87
194	488	457	214	169	178	165	-14.90	-16.53	-44.66	4536.41	-3819.79	14573.86	-79.85	92.03	47.62
193	488	457	214	169	177	165	-14.85	-16.52	-44.64	4540.19	-3820.20	14562.37	-71.91	103.48	63.59
194	487	457	215	169	176	165	-14.86	-16.48	-44.62	4539.58	-3817.99	14564.85	-78.01	114.61	75.11
194	487	457	214	169	177	165	-14.95	-16.43	-44.71	4534.00	-3823.49	14569.21	-97.16	118.13	77.61
194	488	457	214	168	176	164	-15.12	-16.41	-44.91	4537.90	-3857.31	14575.75	-98.70	123.02	87.88
193	488	457	214	169	177	164	-15.14	-16.46	-44.92	4547.60	-3868.65	14583.16	-92.17	119.82	89.33
193	486	457	214	169	176	164	-15.23	-16.50	-44.96	4553.02	-3880.61	14585.40	-104.11	113.88	81.22
193	486	457	214	169	177	164	-15.26	-16.47	-45.05	4553.77	-3893.98	14584.53	-88.35	119.63	88.61
193	487	457	214	168	176	164	-15.28	-16.41	-45.11	4549.08	-3899.68	14590.10	-90.14	127.15	90.68
193	487	457	214	169	177	164	-15.33	-16.36	-45.23	4541.83	-3908.70	14588.20	-85.63	134.29	92.89
193	488	457	214	169	177	164	-15.39	-16.30	-45.31	4541.94	-3921.26	14579.59	-84.50	149.03	97.05
194	488	457	214	169	177	164	-15.38	-16.22	-45.44	4529.84	-3927.00	14582.61	-77.52	153.18	94.24
193	488	457	214	169	177	164	-15.36	-16.21	-45.44	4523.55	-3921.05	14577.88	-81.15	150.57	81.98
194	488	457	214	169	177	164	-15.37	-16.22	-45.45	4520.17	-3919.80	14567.78	-83.94	150.14	74.18
194	487	457	214	169	176	165	-15.35	-16.16	-45.55	4512.76	-3926.61	14568.99	-69.69	157.78	75.72
193	487	457	214	169	177	165	-15.28	-16.12	-45.55	4499.92	-3913.28	14575.34	-74.46	151.14	61.34
194	486	457	214	169	177	163	-15.31	-16.15	-45.60	4492.13	-3912.61	14558.98	-79.23	140.74	48.57
193	486	458	214	169	176	164	-15.36	-16.09	-45.70	4486.52	-3921.18	14555.23	-80.67	152.35	52.79
194	486	458	214	168	176	164	-15.32	-15.99	-45.80	4470.00	-3919.72	14564.46	-75.69	156.38	56.05
194	486	458	214	169	176	164	-15.31	-16.02	-45.89	4460.70	-3923.14	14571.04	-72.15	135.21	55.90
194	486	458	214	169	177	165	-15.34	-16.05	-45.94	4455.66	-3926.98	14575.69	-77.30	119.85	46.71
194	486	458	214	169	177	165	-15.44	-16.09	-46.06	4457.88	-3945.63	14578.70	-81.13	110.41	37.62
194	486	458	214	169	176	165	-15.43	-16.13	-46.18	4454.38	-3960.95	14580.57	-63.63	99.94	42.49
194	486	458	214	169	177	164	-15.42	-16.18	-46.22	4453.66	-3965.30	14571.54	-51.64	85.29	41.01
194	486	458	214	169	177	164	-15.42	-16.26	-46.18	4463.78	-3970.84	14571.76	-52.26	71.43	28.11
193	486	458	214	168	177	165	-15.44	-16.39	-46.13	4472.39	-3972.30	14559.98	-53.30	53.41	17.21
193	486	458	214	168	177	165	-15.48	-16.48	-46.12	4485.17	-3983.28	14551.98	-42.63	51.79	20.15
194	487	457	214	169	176	164	-15.38	-16.49	-46.07	4490.91	-3981.52	14546.58	-20.70	58.25	29.44
194	487	457	214	169	177	164	-15.39	-16.50	-46.06	4494.17	-3984.44	14551.25	-21.67	55.63	23.97
194	487	458	214	169	178	165	-15.42	-16.54	-45.98	4506.66	-3984.82	14554.29	-27.23	53.70	9.82
193	487	457	214	169	176	165	-15.48	-16.58	-46.02	4515.53	-4000.98	14542.17	-22.47	57.92	4.98
194	487	457	214	169	176	163	-15.44	-16.55	-46.05	4519.15	-4009.53	14537.86	-3.65	65.12	8.83
193	487	457	214	169	176	164	-15.38	-16.54	-46.02	4521.99	-4006.85	14545.97	5.98	69.07	-0.71
194	488	457	214	169	176	164	-15.34	-16.59	-45.96	4527.69	-4002.71	14551.27	12.18	61.36	-11.98
194	488	457	214	169	177	165	-15.28	-16.65	-45.87	4533.31	-3996.37	14550.11	20.43	55.64	-18.23
194	488	457	214	169	177	164	-15.22	-16.61	-45.89	4529.24	-3994.95	14548.60	27.85	59.56	-18.67
193	488	457	214	169	177	165	-15.13	-16.60	-45.68	4531.98	-3965.81	14542.37	22.66	63.83	-23.78
193	488	456	214	169	177	165	-15.05	-16.62	-45.56	4532.78	-3948.92	14531.85	27.13	63.19	-14.79
194	488	456	214	169	177	165	-15.01	-16.56	-45.54	4527.54	-3940.27	14526.86	33.92	72.93	1.65
194	488	455	214	169	176	164	-14.98	-16.50	-45.53	4522.76	-3934.06	14531.91	38.38	82.04	13.16
194	488	455	214	169	176	164	-15.01	-16.49	-45.49	4520.43	-3925.95	14544.12	21.86	79.83	13.06
194	488	455	213	169	177	164	-15.08	-16.54	-45.53	4523.60	-3934.46	14544.51	14.21	69.09	13.00
194	488	456	214	169	176	165	-15.13	-16.48	-45.62	4525.02	-3950.33	14547.89	18.15	77.79	24.30
194	488	455	214	169	176	165	-15.12	-16.42	-45.71	4516.57	-3954.42	14559.69	25.60	77.95	28.19
193	488	456	214	169	175	164	-15.08	-16.50	-45.64	4519.94	-3947.50	14567.71	23.22	57.85	25.58
194	488	456	214	168	176	165	-15.10	-16.54	-45.60	4527.55	-3949.52	14565.12	25.81	57.26	34.75
194	488	455	214	169	177	164	-15.05	-16.54	-45.58	4527.37	-3946.85	14563.87	38.07	59.80	45.06
194	488	455	214	169	177	164	-15.03	-16.61	-45.47	4536.00	-3939.30	14558.87	32.16	50.41	47.41
194	488	455	214	169	177	164	-15.02	-16.66	-45.46	4541.00	-3942.34	14555.53	41.30	43.94	54.84
194	488	455	214	169	176	164	-15.04	-16.69	-45.33	4550.15	-3932.22	14545.35	27.79	48.74	58.00
194	488	455	214	169	178	164	-15.11	-16.67	-45.38	4554.64	-3944.41	14545.49	28.40	56.85	68.30
193	488	455	213	169	177	164	-15.09	-16.62	-45.42	4554.11	-3949.79	14552.61	42.28	65.91	80.38
193	488	455	214	169	176	164	-15.09	-16.58	-45.47	4548.81	-3951.10	14552.58	40.42	67.16	79.51
193	488	455	214	168	176	164	-15.05	-16.61	-45.35	4550.37	-3935.35	14551.95	32.79	64.91	74.59
194	488	454	214	169	176	165	-15.09	-16.54	-45.48	4548.65	-3952.58	14556.95	40.00	76.46	83.26
194	488	455	214	169	177	164	-15.02	-16.48	-45.53	4541.01	-3953.95	14567.11	57.40	81.54	84.29
194	488	455	214	169	176	165	-15.02	-16.51	-45.57	4535.16	-3953.85	14580.35	50.28	74.36	68.28
194	488	455	214	169	177	165	-14.94	-16.63	-45.39	4542.20	-3933.56	14579.13	43.37	52.64	46.62
194	488	454	214	169	177	165	-14.87	-16.66	-45.25	4553.29	-3922.48	14566.37	40.55	56.26	43.39
194	488	455	214	169	178	165	-14.79	-16.59	-45.22	4544.03	-3909.76	14563.26	48.57	67.15	49.42
193	488	454	213	168	176	165	-14.76	-16.56	-45.19	4536.03	-3896.27	14563.89	37.85	64.54	41.95
194	488	454	213	169	177	164	-14.73	-16.53	-45.23	4523.63	-3890.46	14561.70	37.70	64.56	43.70
194	488	454	213	169	176	165	-14.71	-16.51	-45.19	4510.85	-3871.73	14565.01	24.57	68.33	47.06
194	488	454	214	169	177	164	-14.64	-16.53	-45.11	4510.10	-3860.55	14572.56	24.74	59.12	55.91
194	488	454	213	169	178	164	-14.60	-16.54	-45.00	4508.80	-3841.72	14570.93	10.65	56.66	63.26
194	488	454	213	169	178	164	-14.76	-16.52	-45.17	4499.16	-3856.83	14576.39	-7.03	50.88	63.95
194	488	454	213	169	177	165	-14.76	-16.50	-45.24	4491.80	-3858.19	14575.97	-5.33	45.69	71.25
194	488	454	213	169	177	164	-14.79	-16.61	-45.18	4493.21	-3852.68	14586.97	-15.61	20.65	66.99
194	488	454	213	169	177	164	-14.88	-16.72	-45.19	4495.95	-3855.05	14581.02	-34.63	4.07	65.49
194	487	453	213	168	177	164	-14.91	-16.78	-45.15	4508.75	-3862.09	14578.77	-37.70	-0.84	72.37
193	487	453	213	169	177	164	-14.96	-16.85	-45.16	4514.71	-3870.99	14582.23	-35.87	-18.14	76.60
193	488	454	213	169	177	164	-15.03	-16.98	-45.10	4527.78	-3875.44	14575.32	-46.77	-29.04	74.32
193	488	453	213	169	177	164	-15.20	-17.07	-45.19	4542.19	-3903.07	14555.55	-54.03	-28.03	72.30
194	488	453	213	169	177	163	-15.26	-17.15	-45.08	4559.68	-3904.91	14540.98	-58.13	-25.43	66.49
194	488	453	213	167	177	164	-15.36	-17.25	-44.99	4578.30	-3909.07	14525.53	-68.02	-25.56	57.46
194	488	453	213	169	177	164	-15.40	-17.24	-44.98	4591.58	-3921.82	14517.05	-56.47	-5.48	64.44
193	488	453	213	169	177	164	-15.39	-17.16	-45.03	4592.60	-3929.12	14520.00	-48.15	12.19	63.67
194	488	453	213	169	177	163	-15.38	-17.15	-45.01	4602.77	-3936.07	14527.00	-43.14	21.08	54.98
194	488	453	213	169	176	164	-15.38	-17.13	-45.01	4611.63	-3946.46	14521.85	-29.49	33.28	46.84
193	488	453	213	169	177	164	-15.33	-17.03	-45.05	4617.05	-3957.14	14530.16	-3.21	59.36	41.69
194	488	453	213	169	177	164	-15.29	-16.96	-45.17	4613.40	-3971.68	14532.45	26.30	68.40	31.66
194	488	453	213	169	177	164	-15.01	-17.01	-44.90	4611.33	-3930.90	14521.62	47.73	57.23	19.73
193	488	453	213	169	177	164	-15.08	-16.99	-44.91	4611.96	-3931.75	14534.14	22.15	55.26	2.79
193	488	453	213	169	177	165	-15.00	-16.91	-44.92	4605.56	-3927.77	14539.04	40.04	65.50	10.25
193	488	453	212	169	177	164	-14.89	-16.83	-44.83	4596.69	-3904.78	14544.68	35.29	74.83	9.24
194	488	453	213	169	177	164	-14.89	-16.84	-44.86	4593.05	-3905.14	14549.85	24.82	66.58	7.18
194	488	453	213	169	177	164	-14.88	-16.88	-44.80	4590.80	-3893.08	14539.16	17.73	60.06	7.92
193	488	453	213	169	176	164	-14.93	-16.87	-44.74	4591.66	-3886.63	14523.20	7.85	66.40	13.12
194	488	452	213	169	177	164	-15.02	-16.81	-44.86	4582.48	-3894.70	14517.84	-0.35	74.78	23.72
194	488	453	213	169	176	164	-15.05	-16.75	-44.96	4578.55	-3905.16	14525.35	0.42	80.04	31.53
193	488	452	213	169	177	164	-15.05	-16.78	-44.92	4583.82	-3904.90	14531.28	-8.80	70.39	25.50
194	489	453	213	170	177	164	-15.04	-16.85	-44.86	4592.83	-3905.86	14531.71	-3.81	61.87	33.18
193	488	452	212	169	176	164	-15.00	-16.86	-44.86	4601.19	-3912.77	14532.33	15.93	70.93	46.77
194	488	453	212	169	176	164	-14.97	-16.91	-44.70	4610.33	-3899.93	14537.91	3.58	74.03	44.33
193	489	452	213	169	177	165	-15.16	-17.00	-44.71	4635.82	-3925.93	14538.62	-11.55	78.98	43.31
193	489	452	213	169	178	165	-15.18	-17.01	-44.75	4655.62	-3950.23	14536.49	18.08	94.98	58.85
194	488	452	212	169	177	165	-15.13	-16.99	-44.63	4658.84	-3936.72	14531.86	21.58	107.03	47.61
193	488	452	213	169	176	165	-15.24	-17.02	-44.65	4668.10	-3948.29	14521.27	10.65	113.38	23.93
193	489	453	213	169	177	165	-15.20	-16.92	-44.65	4671.50	-3951.67	14514.61	32.27	136.81	20.93
193	489	452	212	168	177	164	-15.13	-16.79	-44.66	4668.32	-3949.09	14511.67	43.20	157.72	8.18
193	488	452	212	168	176	164	-15.16	-16.77	-44.62	4669.10	-3945.03	14502.49	36.69	168.43	-16.13
194	489	452	212	169	177	164	-15.10	-16.65	-44.70	4663.45	-3951.38	14498.17	60.01	189.36	-21.12
193	488	452	212	168	176	164	-14.93	-16.49	-44.66	4644.48	-3927.21	14512.26	70.01	209.59	-38.81
193	489	452	211	169	177	164	-14.87	-16.41	-44.61	4636.25	-3910.65	14519.64	63.91	221.57	-57.72
193	488	452	212	169	177	164	-14.79	-16.25	-44.68	4624.44	-3909.92	14538.46	73.36	241.49	-64.59
194	489	452	212	168	176	164	-14.64	-16.18	-44.68	4612.02	-3898.22	14552.34	89.14	247.66	-70.56
193	488	452	212	168	176	164	-14.54	-16.15	-44.60	4601.82	-3875.11	14569.32	81.64	247.28	-78.23
194	488	452	212	169	177	164	-14.46	-16.07	-44.60	4586.93	-3860.96	14575.06	81.81	244.42	-79.07
193	488	452	212	168	177	164	-14.40	-16.02	-44.59	4569.98	-3841.31	14573.70	71.26	244.44	-80.12
194	489	452	212	169	176	164	-14.43	-15.93	-44.71	4552.28	-3842.44	14576.82	72.20	248.47	-65.36
193	488	452	212	169	177	164	-14.40	-15.90	-44.82	4539.47	-3845.12	14577.98	88.54	243.65	-46.94
194	489	452	212	169	177	164	-14.41	-15.90	-44.98	4527.29	-3857.27	14577.48	100.46	238.17	-39.59
194	489	452	212	169	177	164	-14.45	-15.93	-45.03	4519.33	-3856.40	14573.80	102.59	229.11	-43.31
194	489	452	212	169	177	164	-14.47	-15.95	-45.12	4521.76	-3872.58	14572.11	122.46	229.95	-40.20
194	489	453	212	169	176	164	-14.26	-15.92	-45.15	4518.07	-3873.75	14581.71	182.14	230.66	-32.94
194	489	453	212	168	177	164	-13.94	-16.00	-44.79	4519.97	-3822.46	14588.82	194.28	213.12	-61.29
194	489	453	212	169	177	164	-13.97	-16.10	-44.59	4522.77	-3796.54	14586.58	160.12	193.77	-104.78
194	489	453	212	168	176	164	-13.84	-16.15	-44.44	4531.43	-3783.31	14578.65	183.91	197.48	-111.19
194	489	453	212	169	178	164	-13.67	-16.13	-44.29	4535.86	-3765.95	14578.52	210.57	214.05	-104.73
194	489	453	212	169	177	164	-13.61	-16.07	-44.21	4535.87	-3754.85	14582.79	214.79	233.00	-109.79
193	489	453	212	168	177	163	-13.54	-16.03	-44.17	4535.07	-3749.71	14591.65	225.70	243.50	-113.35
193	489	453	212	169	176	164	-13.53	-15.95	-44.21	4533.12	-3751.62	14599.87	236.26	262.38	-113.49
193	489	453	212	169	177	164	-13.40	-15.90	-44.17	4526.86	-3739.64	14619.08	256.40	265.31	-120.36
194	489	453	212	169	177	163	-13.35	-15.82	-44.20	4509.52	-3727.66	14623.52	258.88	264.99	-137.39
193	488	452	212	169	177	163	-13.26	-15.76	-44.31	4489.84	-3723.88	14631.95	277.29	260.74	-148.12
193	488	452	212	168	177	164	-13.10	-15.73	-44.24	4479.15	-3703.28	14637.95	295.82	257.26	-159.77
194	488	452	213	168	177	164	-13.09	-15.65	-44.25	4465.99	-3692.92	14647.85	288.03	260.19	-178.83
194	488	452	212	168	176	164	-12.99	-15.67	-44.10	4454.69	-3659.27	14652.06	271.48	242.43	-204.54
194	489	452	212	168	176	164	-12.83	-15.69	-44.04	4442.96	-3640.31	14649.25	296.06	224.71	-203.96
194	489	452	212	168	177	165	-12.67	-15.59	-43.86	4429.41	-3602.89	14656.99	291.05	235.88	-197.86
194	489	452	212	169	177	165	-12.66	-15.60	-43.86	4418.34	-3591.35	14657.34	284.70	228.53	-185.42
193	489	452	212	168	177	164	-12.55	-15.59	-43.77	4411.82	-3573.98	14653.27	298.86	228.51	-163.70
194	489	452	212	169	177	164	-12.39	-15.58	-43.62	4408.23	-3549.48	14647.41	307.47	225.23	-146.06
194	489	452	212	169	177	164	-12.27	-15.56	-43.52	4404.42	-3532.41	14645.64	326.80	231.67	-114.26
194	489	452	212	169	177	164	-12.19	-15.48	-43.44	4394.40	-3511.99	14658.16	326.96	243.19	-96.45
194	489	452	212	168	178	165	-12.13	-15.51	-43.43	4387.28	-3504.39	14671.65	331.36	227.33	-79.07
193	489	452	213	169	178	164	-12.02	-15.60	-43.24	4388.31	-3480.17	14665.66	339.74	210.16	-53.72
193	489	452	212	169	178	164	-11.84	-15.56	-43.25	4386.50	-3479.56	14666.98	385.66	215.20	-7.79
194	489	452	212	168	178	164	-11.54	-15.50	-43.03	4379.17	-3443.58	14663.23	428.67	228.14	32.10
193	489	452	212	168	178	164	-11.49	-15.48	-42.87	4374.61	-3417.40	14659.07	416.94	235.23	46.40
193	488	451	212	168	178	164	-11.34	-15.43	-42.70	4366.28	-3388.33	14654.71	430.84	244.27	68.58
193	488	451	212	168	178	163	-11.29	-15.29	-42.59	4353.57	-3361.72	14664.38	412.15	268.21	80.75
194	489	452	212	168	178	163	-11.22	-15.18	-42.47	4344.09	-3338.63	14687.56	404.89	281.50	86.76
194	488	451	212	168	177	163	-11.14	-15.12	-42.32	4336.89	-3311.30	14716.38	389.90	282.62	92.52
193	488	451	212	168	177	163	-11.06	-15.00	-42.36	4321.24	-3303.93	14736.36	406.45	294.09	118.25
193	488	451	212	168	178	163	-10.78	-14.82	-42.36	4292.58	-3276.74	14756.54	453.03	309.29	157.59
194	489	451	212	168	178	163	-10.68	-14.69	-42.28	4249.95	-3227.50	14776.32	423.83	303.82	171.46
194	488	451	212	168	177	163	-10.73	-14.64	-42.36	4223.45	-3213.53	14795.10	390.64	282.08	189.88
194	488	451	212	168	178	163	-10.53	-14.63	-42.14	4207.08	-3171.05	14808.75	389.51	264.43	240.04
193	488	451	212	168	178	163	-10.48	-14.63	-41.97	4193.13	-3138.90	14812.31	368.98	251.61	295.34
193	488	451	212	168	177	164	-10.47	-14.65	-41.85	4183.07	-3115.55	14814.69	340.48	230.98	346.92
194	488	451	212	169	177	163	-10.54	-14.63	-41.97	4162.72	-3111.17	14826.56	313.16	211.08	407.47
194	488	451	212	169	177	164	-10.58	-14.60	-42.04	4146.78	-3104.41	14833.43	300.85	194.12	477.10
194	488	451	212	168	178	164	-10.66	-14.69	-42.02	4142.84	-3098.99	14843.56	276.71	164.37	536.45
194	488	451	212	168	177	165	-10.79	-14.79	-42.02	4145.50	-3100.44	14849.38	262.22	137.30	599.57
194	488	451	212	168	177	164	-10.91	-14.93	-42.05	4155.82	-3113.82	14853.91	248.56	122.68	662.89
193	488	450	212	169	178	164	-10.94	-15.01	-41.97	4159.43	-3108.13	14841.62	244.53	110.90	722.85
193	488	451	213	169	177	165	-11.04	-15.05	-41.97	4166.46	-3113.92	14841.74	228.81	109.35	776.56
193	488	451	212	168	178	164	-11.07	-15.07	-42.08	4161.94	-3122.03	14846.85	223.92	94.29	815.28
194	488	451	213	169	177	164	-11.20	-15.16	-42.10	4164.44	-3128.73	14841.51	206.92	72.57	834.02
193	487	450	213	169	178	165	-11.36	-15.22	-42.24	4167.82	-3147.89	14840.63	195.07	59.29	839.91
194	488	450	212	169	177	164	-11.40	-15.25	-42.33	4163.83	-3154.10	14844.20	193.22	44.63	840.87
193	488	450	212	169	178	165	-11.43	-15.26	-42.33	4156.84	-3149.79	14849.39	179.41	30.25	831.33
193	488	449	212	168	178	165	-11.43	-15.32	-42.43	4152.39	-3157.70	14860.12	187.99	1.74	824.06
193	487	450	212	168	178	165	-11.41	-15.36	-42.45	4143.57	-3151.42	14860.71	187.09	-21.90	818.66
194	488	450	212	169	177	165	-11.36	-15.47	-42.35	4141.60	-3137.85	14859.48	184.13	-54.16	809.82
193	487	450	212	169	177	165	-11.38	-15.52	-42.31	4147.12	-3138.15	14850.10	183.78	-66.65	819.08
193	488	449	212	169	179	165	-11.27	-15.52	-42.25	4143.96	-3127.25	14848.80	190.94	-72.77	832.53
194	487	449	213	168	178	165	-11.31	-15.66	-42.16	4146.96	-3119.88	14847.36	171.34	-106.23	833.35
194	487	449	212	168	178	165	-11.28	-15.83	-42.04	4161.21	-3118.89	14842.59	185.67	-128.72	857.63
194	487	449	212	168	177	166	-11.18	-15.94	-41.71	4173.15	-3089.94	14824.46	179.39	-134.53	874.35
193	487	449	212	168	178	166	-11.23	-16.06	-41.64	4184.30	-3090.05	14806.04	171.82	-143.20	888.68
193	487	449	213	169	179	166	-11.34	-16.07	-41.60	4197.68	-3097.94	14809.93	159.98	-135.89	902.50
193	487	449	212	167	178	165	-11.48	-16.08	-41.75	4203.20	-3120.05	14817.04	150.53	-141.20	911.38
193	487	449	212	168	177	165	-11.58	-16.08	-41.86	4216.04	-3145.05	14824.19	150.00	-139.69	912.96
194	487	449	212	169	179	165	-11.66	-16.11	-41.93	4225.24	-3162.59	14839.78	148.95	-144.85	903.86
193	487	449	212	169	178	164	-11.74	-16.12	-42.15	4229.37	-3192.46	14849.59	161.71	-149.11	897.02
193	487	449	212	169	178	166	-11.68	-16.18	-42.08	4235.70	-3190.84	14852.11	172.87	-159.86	879.52
194	487	449	213	168	177	166	-11.77	-16.23	-42.18	4242.92	-3208.30	14844.90	173.13	-168.76	854.79
194	487	449	212	169	179	166	-11.67	-16.27	-42.18	4244.17	-3210.08	14840.66	205.17	-181.58	839.25
194	487	449	212	169	179	166	-11.55	-16.29	-41.97	4251.36	-3191.58	14833.82	218.06	-177.40	818.59
193	487	449	212	169	178	166	-11.50	-16.32	-41.82	4258.00	-3176.00	14832.53	209.76	-179.08	784.96
193	487	449	212	169	178	166	-11.40	-16.50	-41.50	4280.50	-3159.60	14826.71	216.67	-189.12	766.71
194	487	449	212	169	179	166	-11.34	-16.58	-41.28	4293.87	-3143.42	14804.57	217.29	-187.57	759.97
194	487	449	212	168	178	166	-11.31	-16.59	-41.06	4307.18	-3128.45	14792.54	215.47	-175.49	756.18
194	487	449	212	168	179	166	-11.33	-16.53	-41.00	4307.62	-3120.83	14787.51	203.75	-159.36	761.67
193	487	449	212	169	179	166	-11.36	-16.49	-40.86	4317.44	-3112.59	14793.54	176.41	-136.65	771.78
193	487	449	212	168	178	166	-11.42	-16.47	-40.87	4329.77	-3124.56	14809.06	171.99	-126.36	798.09
193	487	449	212	169	178	166	-11.39	-16.46	-40.71	4339.88	-3113.73	14808.21	169.94	-113.20	823.44
193	487	449	212	169	178	166	-11.47	-16.47	-40.64	4354.28	-3118.84	14812.80	152.85	-101.79	844.82
193	487	449	212	168	179	167	-11.52	-16.48	-40.63	4366.57	-3126.50	14805.56	154.30	-85.15	865.38
194	487	449	213	169	178	166	-11.65	-16.35	-40.86	4367.44	-3156.17	14807.88	156.94	-60.54	889.31
193	487	449	212	168	178	166	-11.62	-16.23	-40.87	4359.27	-3150.97	14804.89	158.14	-38.06	900.94
193	487	449	212	168	180	166	-11.75	-16.03	-41.15	4343.70	-3170.82	14810.64	142.93	-16.01	902.75
193	487	449	212	169	179	166	-11.75	-15.83	-41.34	4318.92	-3172.88	14818.11	146.04	-0.86	903.11
193	487	449	213	168	179	166	-11.71	-15.78	-41.37	4306.17	-3166.83	14829.61	148.54	-4.12	907.30
193	487	448	212	168	178	167	-11.70	-15.82	-41.37	4302.46	-3162.49	14827.12	147.66	-18.86	909.29
193	487	449	212	168	179	166	-11.83	-15.80	-41.52	4298.94	-3176.97	14816.77	143.58	-20.57	908.82
193	487	449	212	169	179	166	-11.88	-15.81	-41.66	4292.79	-3188.92	14815.73	146.10	-19.04	910.13
194	487	449	212	169	178	167	-11.78	-15.87	-41.59	4290.95	-3178.27	14803.34	159.54	-33.54	912.73
194	487	449	212	169	177	167	-11.86	-15.84	-41.88	4284.61	-3209.36	14791.78	176.86	-31.61	919.24
194	487	449	212	169	179	167	-11.84	-15.78	-42.00	4267.58	-3209.29	14783.39	182.77	-28.63	914.43
193	487	449	212	168	180	166	-11.84	-15.67	-42.19	4253.00	-3218.43	14783.22	188.33	-22.20	910.36
194	487	449	212	168	178	166	-11.69	-15.58	-42.14	4241.95	-3202.50	14811.26	199.02	-20.94	900.29
193	487	448	212	169	178	167	-11.56	-15.68	-41.82	4244.85	-3166.38	14819.89	179.37	-51.44	874.32
194	487	449	212	168	179	167	-11.61	-15.87	-41.75	4256.41	-3167.66	14807.10	173.70	-83.87	854.01
193	487	449	212	169	180	167	-11.60	-15.96	-41.78	4262.99	-3176.88	14795.74	192.56	-94.58	849.61
194	486	449	212	168	178	167	-11.60	-16.04	-41.69	4266.44	-3169.63	14788.36	186.43	-108.15	831.83
193	487	449	212	168	179	167	-11.75	-16.11	-41.68	4280.72	-3181.95	14775.94	171.01	-109.14	815.24
194	487	449	212	169	180	167	-11.86	-16.09	-41.82	4286.48	-3203.05	14772.54	172.41	-96.93	812.72
193	486	449	212	168	179	167	-11.75	-16.07	-41.68	4285.36	-3185.10	14769.71	175.54	-92.34	820.49
193	487	449	212	168	179	167	-11.69	-16.04	-41.57	4281.29	-3168.25	14761.43	175.26	-83.32	836.91
193	486	449	212	168	179	167	-11.71	-15.95	-41.56	4279.42	-3165.43	14779.16	170.55	-69.40	860.57
193	487	448	212	168	180	167	-11.74	-15.94	-41.51	4283.25	-3162.96	14786.00	161.92	-61.08	882.69
193	487	449	213	169	180	167	-11.80	-15.97	-41.61	4288.89	-3179.81	14792.50	165.88	-67.48	899.75
193	486	449	212	168	179	167	-11.95	-15.95	-41.71	4286.45	-3189.82	14780.07	151.63	-64.05	906.62
193	486	449	212	169	180	167	-12.09	-15.98	-42.01	4286.32	-3227.53	14783.87	155.45	-69.45	907.49
194	487	449	212	168	180	168	-12.23	-16.03	-42.21	4292.61	-3257.16	14781.08	167.48	-76.13	899.31
194	486	449	212	168	179	168	-12.30	-16.10	-42.32	4297.98	-3275.50	14774.62	172.46	-88.32	872.35
194	486	449	213	168	178	168	-12.39	-16.13	-42.44	4302.68	-3296.12	14786.29	178.28	-99.16	839.08
194	486	449	212	168	180	168	-12.39	-16.18	-42.53	4303.14	-3307.52	14788.38	190.97	-110.80	807.37
194	487	449	212	169	179	168	-12.31	-16.18	-42.54	4306.19	-3312.34	14793.56	210.82	-110.31	787.56
194	487	449	213	168	179	168	-12.11	-16.26	-42.30	4318.48	-3292.12	14803.88	232.38	-115.54	775.48
194	487	449	212	168	179	168	-11.84	-16.46	-41.81	4339.55	-3249.32	14802.09	241.61	-139.57	764.85
193	486	449	212	168	180	168	-11.68	-16.59	-41.53	4365.78	-3237.85	14790.98	268.73	-137.24	780.16
193	487	449	212	169	180	168	-11.59	-16.50	-41.40	4374.69	-3228.36	14789.43	280.49	-101.93	800.35
193	487	449	212	169	179	168	-11.51	-16.48	-41.15	4377.95	-3200.94	14783.96	270.32	-96.58	797.74
193	487	449	212	168	180	168	-11.55	-16.51	-41.02	4392.06	-3197.09	14776.36	247.30	-85.60	789.85
193	487	449	212	169	181	168	-11.72	-16.46	-41.08	4400.45	-3211.64	14774.95	222.54	-62.47	783.61
193	487	449	212	169	180	168	-11.84	-16.37	-41.21	4394.23	-3222.46	14780.40	203.31	-50.65	763.33
193	487	449	212	169	180	168	-12.00	-16.41	-41.21	4394.32	-3222.33	14781.38	150.09	-56.61	716.66
193	487	449	212	168	179	168	-12.09	-16.40	-41.39	4397.00	-3248.42	14792.11	146.59	-61.03	685.58
193	487	449	212	168	181	167	-11.93	-16.33	-41.30	4389.75	-3230.40	14791.30	159.56	-51.13	650.05
194	487	449	212	168	180	168	-12.04	-16.37	-41.16	4385.06	-3209.68	14801.94	94.38	-70.43	577.25
194	487	449	213	168	180	168	-12.17	-16.50	-41.19	4391.81	-3218.59	14800.44	69.71	-98.05	515.13
193	487	449	212	168	181	168	-12.01	-16.57	-41.15	4398.42	-3218.06	14793.82	115.73	-108.30	485.73
193	487	449	212	168	180	167	-11.78	-16.57	-40.90	4398.70	-3187.56	14796.73	137.89	-108.99	459.09
194	487	449	212	168	180	168	-11.76	-16.55	-40.93	4393.76	-3186.98	14805.89	138.70	-113.84	422.84
193	487	449	212	169	181	169	-11.69	-16.68	-40.75	4404.68	-3174.43	14807.79	134.56	-127.30	382.59
194	487	449	212	168	181	168	-11.66	-16.87	-40.63	4430.24	-3182.51	14800.20	159.33	-144.98	356.96
193	487	449	212	168	181	168	-11.53	-17.01	-40.24	4458.73	-3157.19	14787.19	161.27	-142.33	325.37
194	488	449	212	169	180	168	-11.63	-17.12	-40.01	4492.19	-3157.33	14781.43	136.90	-129.72	274.30
193	488	449	212	168	181	168	-11.67	-17.21	-39.91	4514.38	-3163.86	14770.16	137.81	-125.53	210.33
194	488	449	212	169	182	168	-11.73	-17.25	-39.90	4525.86	-3171.87	14749.65	140.47	-117.10	128.47
194	488	449	212	168	181	168	-11.72	-17.18	-39.87	4526.57	-3169.67	14743.57	135.59	-101.70	48.79
193	488	449	212	169	181	168	-11.56	-17.05	-39.76	4509.64	-3141.99	14718.19	150.22	-77.01	-4.35
193	487	450	212	169	182	168	-11.42	-16.80	-39.56	4493.36	-3103.29	14716.08	133.30	-41.81	-43.28
193	488	449	212	168	182	168	-11.32	-16.67	-39.52	4474.29	-3082.12	14728.88	131.19	-33.07	-59.12
193	488	450	212	168	181	168	-11.35	-16.53	-39.54	4460.38	-3073.82	14744.03	110.13	-18.37	-57.91
193	489	449	212	169	180	167	-11.40	-16.43	-39.74	4440.16	-3081.33	14757.63	106.02	-20.95	-53.16
193	490	450	212	169	182	169	-11.36	-16.42	-39.62	4432.15	-3059.66	14757.95	101.02	-31.45	-54.41
194	489	450	212	168	182	168	-11.41	-16.51	-39.62	4443.74	-3069.28	14752.25	101.02	-37.28	-42.49
193	489	449	212	169	181	168	-11.39	-16.52	-39.56	4449.56	-3067.61	14753.64	105.72	-32.57	-32.96
193	489	449	212	168	181	168	-11.53	-16.61	-39.56	4456.68	-3072.63	14743.96	82.78	-45.24	-34.21
194	489	449	212	168	182	168	-11.55	-16.69	-39.62	4463.44	-3085.60	14741.36	91.79	-48.83	-24.10
193	489	449	213	169	182	168	-11.54	-16.71	-39.44	4477.07	-3075.72	14737.69	85.75	-35.63	-12.10
194	489	450	212	168	181	168	-11.52	-16.68	-39.44	4482.82	-3079.94	14743.01	96.97	-22.50	11.81
193	489	450	212	169	181	168	-11.42	-16.71	-39.25	4491.08	-3064.34	14739.66	99.72	-21.88	28.62
193	489	450	213	168	182	169	-11.39	-16.78	-39.10	4500.52	-3053.52	14723.27	93.83	-15.33	54.19
193	489	450	212	168	182	168	-11.36	-16.74	-38.98	4504.30	-3042.25	14724.11	94.24	-2.62	91.58
193	489	450	212	169	180	169	-11.24	-16.66	-38.91	4499.08	-3029.93	14725.90	103.33	18.81	135.15
193	489	450	212	168	181	169	-11.17	-16.63	-38.80	4494.53	-3011.84	14731.01	92.26	17.82	168.64
193	489	450	212	169	182	169	-11.28	-16.60	-38.87	4489.60	-3016.04	14718.66	67.25	21.33	191.41
193	489	450	212	168	182	168	-11.48	-16.55	-39.14	4483.12	-3043.24	14722.32	53.69	20.77	210.59
193	489	450	212	168	181	169	-11.44	-16.60	-39.11	4479.96	-3037.28	14725.61	56.80	2.53	222.76
194	489	450	212	169	180	169	-11.49	-16.66	-39.05	4480.77	-3030.02	14711.93	33.41	-13.80	228.82
193	489	450	212	168	181	168	-11.53	-16.78	-38.95	4489.93	-3025.92	14701.33	20.99	-28.11	245.13
194	489	450	212	169	182	168	-11.59	-16.81	-39.04	4494.23	-3041.22	14707.06	18.94	-32.70	265.22
194	489	450	212	169	182	169	-11.67	-16.96	-39.00	4510.52	-3049.56	14712.31	12.25	-46.77	272.51
194	489	450	212	169	181	169	-11.74	-17.11	-38.91	4537.79	-3059.48	14709.10	1.38	-57.33	278.04
193	488	450	212	169	182	169	-11.89	-17.14	-38.97	4560.50	-3086.71	14713.64	-3.54	-42.11	292.58
193	488	450	212	169	182	168	-11.94	-17.05	-39.12	4565.88	-3108.77	14725.76	11.09	-21.11	304.36
193	488	449	212	168	181	168	-12.03	-17.12	-39.11	4574.78	-3114.33	14731.07	0.09	-33.30	292.19
193	488	450	212	169	181	168	-12.04	-17.15	-39.13	4590.85	-3129.42	14736.12	9.73	-32.09	293.53
193	488	450	212	169	181	168	-11.99	-17.08	-39.23	4590.30	-3141.14	14750.11	24.55	-21.13	298.75
193	488	449	213	168	181	168	-11.95	-17.14	-39.11	4590.39	-3127.89	14748.80	15.02	-36.98	276.71
193	488	449	213	169	181	168	-12.03	-17.19	-39.20	4586.07	-3135.49	14729.56	8.82	-52.43	256.78
193	487	449	213	169	181	168	-11.89	-17.21	-39.09	4581.36	-3117.92	14717.49	26.93	-58.61	248.49
193	488	449	212	169	181	167	-11.70	-17.23	-38.84	4580.90	-3086.02	14710.61	32.73	-64.08	248.27
193	488	449	213	168	181	168	-11.63	-17.30	-38.67	4586.85	-3070.32	14708.88	31.89	-69.72	250.85
193	488	449	212	169	181	168	-11.59	-17.41	-38.34	4607.51	-3046.80	14699.04	16.35	-74.94	254.41
193	488	449	213	168	181	168	-11.70	-17.45	-38.37	4628.93	-3067.46	14695.08	13.33	-61.14	279.74
194	488	449	213	169	181	168	-11.63	-17.43	-38.30	4639.49	-3067.09	14705.13	34.41	-45.33	305.80
194	488	449	213	169	182	168	-11.72	-17.44	-38.31	4656.51	-3082.74	14718.67	28.29	-41.12	315.66
194	488	449	213	169	182	168	-11.78	-17.48	-38.34	4677.29	-3103.00	14714.74	38.43	-24.06	325.93
193	488	449	213	168	181	168	-11.86	-17.47	-38.44	4685.02	-3121.45	14714.20	31.01	-10.76	315.73
194	488	449	213	169	181	168	-11.87	-17.50	-38.40	4691.97	-3120.18	14719.29	27.31	-3.97	293.15
193	488	449	213	169	182	168	-11.87	-17.54	-38.33	4704.97	-3122.77	14718.93	31.94	-0.72	265.74
193	488	449	212	168	181	168	-11.82	-17.59	-38.21	4718.32	-3118.23	14713.78	41.89	1.22	234.95
193	488	448	213	168	181	168	-11.76	-17.61	-38.08	4721.61	-3104.32	14699.49	39.70	11.35	196.75
194	488	448	212	169	180	168	-11.79	-17.60	-37.92	4729.13	-3091.70	14683.32	26.17	22.89	157.57
193	488	448	213	168	182	168	-11.70	-17.45	-37.92	4710.07	-3077.52	14672.75	32.86	41.59	139.39
194	488	448	213	168	182	169	-11.52	-17.35	-37.71	4691.57	-3036.84	14649.11	31.91	50.86	126.97
193	487	448	213	168	180	168	-11.52	-17.20	-37.86	4658.99	-3029.00	14631.66	23.47	49.07	116.02
194	487	448	212	168	181	169	-11.47	-17.07	-37.95	4626.04	-3014.75	14635.47	18.14	39.52	110.12
193	487	449	212	168	181	169	-11.47	-16.99	-37.99	4613.74	-3009.41	14671.50	-14.41	36.34	111.61
192	487	449	213	168	182	169	-11.53	-16.97	-38.08	4605.25	-3014.34	14701.72	-35.79	14.52	120.18
194	487	449	213	168	181	168	-11.70	-17.04	-38.29	4601.39	-3035.02	14714.84	-54.80	-20.55	122.07
193	487	449	213	169	181	170	-11.85	-17.18	-38.34	4611.72	-3049.07	14718.50	-74.81	-46.18	119.62
193	487	449	212	169	182	169	-12.10	-17.32	-38.43	4634.53	-3079.62	14716.57	-96.72	-62.42	112.64
193	487	449	213	168	181	169	-12.19	-17.53	-38.47	4663.81	-3107.24	14715.74	-93.54	-82.35	99.96
193	487	449	213	169	182	169	-12.31	-17.83	-38.29	4701.61	-3115.88	14716.36	-109.56	-116.38	59.41
193	487	448	212	167	180	169	-12.32	-18.09	-38.11	4731.53	-3116.28	14695.34	-108.73	-141.51	17.44
193	487	448	212	169	180	169	-12.26	-18.26	-37.81	4751.56	-3095.87	14677.77	-122.79	-151.98	-21.98
193	487	448	212	168	182	168	-12.21	-18.25	-37.59	4744.78	-3062.27	14658.08	-154.65	-153.53	-59.83
193	487	448	212	169	181	169	-12.31	-18.11	-37.64	4723.14	-3052.36	14638.18	-189.72	-140.26	-81.74
193	487	448	212	168	182	169	-12.27	-17.91	-37.83	4684.78	-3045.74	14642.07	-184.54	-145.39	-96.16
194	487	448	213	168	181	168	-12.28	-17.83	-37.95	4650.54	-3033.45	14656.57	-209.01	-179.53	-114.25
193	486	448	212	168	182	169	-12.34	-17.95	-38.06	4642.02	-3039.38	14679.94	-240.76	-234.25	-134.79
193	486	448	213	169	181	169	-12.41	-18.27	-37.95	4664.31	-3043.21	14687.54	-257.32	-299.04	-140.25
193	486	448	212	168	182	168	-12.75	-18.77	-37.61	4709.30	-3037.05	14697.96	-352.70	-377.28	-190.48
194	486	448	212	168	182	168	-13.46	-19.54	-37.27	4797.23	-3063.60	14701.26	-505.67	-483.27	-286.11
193	485	447	212	168	181	168	-14.16	-20.37	-37.15	4917.77	-3140.62	14669.00	-595.19	-562.36	-361.10
193	484	446	212	168	183	168	-14.45	-20.96	-36.90	5048.48	-3207.59	14634.95	-581.63	-571.29	-397.20
193	484	444	212	168	182	168	-14.58	-21.31	-36.77	5148.86	-3264.01	14604.40	-536.90	-551.22	-419.19
193	483	443	211	168	181	168	-14.83	-21.58	-36.74	5225.02	-3318.21	14561.98	-517.20	-529.06	-474.63
194	482	442	211	168	181	168	-15.13	-21.74	-36.68	5296.77	-3363.90	14536.28	-531.29	-491.06	-545.20
194	481	439	210	167	182	168	-15.37	-21.58	-37.11	5334.53	-3450.90	14513.07	-481.58	-418.71	-586.59
194	480	437	209	167	181	169	-15.15	-21.27	-37.26	5338.80	-3473.76	14502.41	-405.85	-341.37	-616.46
193	480	436	208	166	182	168	-14.97	-21.00	-37.16	5334.06	-3457.27	14491.09	-385.70	-280.05	-666.19
193	480	436	208	166	182	169	-14.87	-20.77	-37.22	5333.36	-3464.01	14489.54	-364.82	-232.10	-705.68
193	479	434	207	165	182	168	-14.58	-20.57	-37.23	5311.09	-3449.61	14483.66	-314.53	-203.25	-732.09
194	479	433	205	164	182	169	-14.36	-20.39	-37.11	5295.93	-3420.93	14487.28	-299.10	-177.28	-754.24
193	479	433	204	162	183	169	-14.18	-20.36	-36.92	5294.54	-3394.28	14493.31	-288.70	-176.42	-763.63
194	478	432	204	162	183	169	-14.05	-20.36	-36.83	5298.41	-3385.37	14482.05	-276.06	-169.50	-756.39
193	479	433	203	162	182	169	-13.99	-20.39	-36.79	5302.89	-3382.10	14467.54	-261.91	-167.62	-745.67
193	479	432	204	163	183	169	-13.88	-20.51	-36.61	5318.35	-3369.99	14436.77	-251.86	-167.44	-728.54
193	479	432	204	162	183	169	-13.94	-20.48	-36.55	5329.23	-3370.09	14428.93	-260.17	-142.47	-700.71
193	479	432	203	162	182	169	-13.85	-20.51	-36.43	5349.37	-3369.59	14426.68	-233.11	-130.35	-657.58
194	478	431	204	161	182	170	-13.68	-20.58	-36.24	5371.50	-3359.71	14413.15	-207.11	-116.28	-613.20
193	478	431	203	161	183	170	-13.75	-20.54	-36.24	5388.52	-3371.52	14412.29	-206.15	-90.87	-574.84
193	478	431	203	162	183	170	-13.79	-20.51	-36.19	5408.70	-3379.95	14419.08	-209.74	-75.02	-552.20
193	478	431	203	161	182	169	-13.86	-20.48	-36.23	5423.26	-3395.55	14430.72	-201.76	-61.72	-530.04
193	478	430	203	161	183	170	-13.78	-20.43	-36.34	5423.70	-3410.17	14455.99	-168.82	-62.93	-516.19
193	478	429	202	160	183	170	-13.60	-20.47	-36.23	5425.91	-3397.66	14477.59	-147.03	-80.29	-519.08
193	477	428	202	160	183	169	-13.56	-20.63	-36.07	5447.42	-3392.38	14499.91	-147.28	-106.17	-523.87
192	477	428	202	160	183	170	-13.39	-20.76	-35.73	5463.25	-3357.16	14501.31	-146.96	-117.01	-517.23
192	477	427	202	160	183	170	-13.38	-20.91	-35.51	5476.88	-3336.10	14486.65	-171.31	-134.81	-513.57
192	477	427	201	160	183	170	-13.32	-21.13	-35.14	5502.44	-3305.90	14453.11	-179.10	-153.42	-500.84
193	477	427	202	160	182	169	-13.37	-21.23	-35.04	5523.12	-3306.00	14434.66	-186.24	-156.85	-476.10
192	477	426	202	159	183	170	-13.25	-21.30	-34.89	5536.36	-3295.10	14415.12	-160.83	-155.41	-435.29
193	477	426	201	159	182	170	-13.16	-21.35	-34.66	5549.34	-3273.15	14393.97	-158.59	-153.74	-403.48
193	477	425	201	159	182	170	-13.12	-21.54	-34.40	5569.48	-3252.89	14374.67	-168.81	-169.10	-377.45
193	477	424	201	158	184	170	-13.23	-21.66	-34.29	5594.00	-3254.85	14358.34	-190.42	-172.80	-348.53
193	477	424	200	158	184	170	-13.33	-21.78	-34.23	5617.10	-3261.70	14332.82	-200.40	-164.66	-317.75
193	477	423	200	156	182	170	-13.46	-21.83	-34.28	5633.85	-3278.62	14324.18	-213.78	-164.12	-292.97
192	476	423	200	157	182	171	-13.61	-21.94	-34.25	5662.35	-3294.49	14313.57	-224.94	-157.47	-266.77
193	476	422	200	156	183	170	-13.64	-21.91	-34.28	5685.84	-3315.76	14314.29	-208.34	-131.09	-224.53
192	476	422	199	156	182	170	-13.73	-21.89	-34.36	5711.15	-3344.37	14329.98	-200.63	-114.79	-195.65
193	476	423	200	156	183	170	-13.91	-21.94	-34.45	5735.99	-3372.76	14335.88	-213.64	-111.80	-185.22
193	476	423	200	156	183	170	-14.12	-21.93	-34.63	5754.39	-3410.92	14340.68	-221.46	-103.76	-186.11
192	476	423	199	157	185	171	-14.16	-21.98	-34.69	5774.87	-3432.97	14337.65	-205.14	-99.92	-185.35
192	476	423	200	156	182	171	-14.11	-22.04	-34.56	5794.33	-3428.72	14328.57	-192.38	-93.08	-183.54
192	475	422	199	156	182	170	-14.10	-22.04	-34.49	5805.41	-3425.49	14311.14	-189.36	-76.02	-183.51
193	476	422	199	156	183	170	-14.10	-21.97	-34.48	5808.54	-3426.81	14303.18	-186.64	-56.57	-178.33
193	475	421	199	156	183	170	-13.99	-21.98	-34.37	5818.11	-3418.47	14299.42	-173.06	-50.49	-165.92
193	476	421	199	156	182	171	-14.06	-21.92	-34.43	5815.21	-3424.35	14303.85	-183.06	-44.77	-166.17
193	475	421	199	155	183	170	-14.04	-21.98	-34.34	5821.45	-3415.13	14292.06	-187.66	-48.33	-166.51
193	474	419	198	155	182	170	-14.12	-21.99	-34.43	5827.77	-3433.97	14269.86	-176.92	-38.41	-151.94
192	473	419	198	155	182	170	-14.09	-22.06	-34.41	5827.38	-3429.88	14255.36	-174.18	-45.69	-146.99
193	473	419	198	155	183	170	-14.25	-22.16	-34.44	5838.82	-3442.18	14237.59	-195.22	-53.16	-145.89
193	473	419	198	155	182	170	-14.33	-22.21	-34.47	5853.07	-3455.47	14225.51	-195.41	-51.30	-138.45
193	473	419	198	155	181	170	-14.47	-22.30	-34.51	5872.62	-3475.90	14206.04	-200.99	-46.54	-131.22
192	473	419	198	155	182	170	-14.58	-22.38	-34.63	5899.99	-3510.50	14200.74	-187.84	-42.96	-121.16
193	473	419	198	155	183	170	-14.69	-22.48	-34.64	5931.79	-3533.78	14188.90	-181.70	-28.81	-118.50
192	473	420	198	155	184	170	-14.96	-22.56	-34.78	5972.60	-3583.09	14182.45	-187.11	-9.22	-131.28
192	473	420	198	155	183	169	-15.11	-22.65	-34.77	6017.57	-3612.74	14165.73	-183.96	14.24	-154.92
192	473	420	198	155	183	169	-15.37	-22.62	-34.96	6056.89	-3667.70	14154.24	-176.36	63.43	-180.12
193	473	420	199	155	183	170	-15.38	-22.52	-35.16	6074.85	-3710.91	14157.13	-138.49	112.01	-206.16
192	473	420	198	155	183	170	-15.30	-22.42	-35.10	6088.70	-3711.17	14164.08	-118.67	148.51	-244.71
192	473	420	199	155	181	170	-15.27	-22.23	-35.21	6085.47	-3726.81	14169.87	-98.23	186.08	-281.47
193	474	420	199	154	183	170	-15.12	-21.97	-35.35	6073.40	-3737.87	14184.58	-49.82	230.28	-311.35
193	473	420	199	154	182	170	-14.75	-21.80	-35.12	6053.53	-3689.58	14188.75	-23.73	255.16	-348.18
193	474	421	199	155	182	170	-14.42	-21.60	-35.00	6016.85	-3646.70	14180.91	-5.44	269.56	-373.52
193	473	421	199	156	183	170	-14.14	-21.36	-34.86	5973.01	-3594.96	14173.86	7.18	283.18	-391.54
193	474	422	199	155	183	170	-13.84	-21.15	-34.76	5929.76	-3550.21	14173.57	22.22	291.07	-398.47
193	474	422	199	155	183	170	-13.68	-21.03	-34.65	5893.67	-3509.50	14172.89	8.61	286.92	-396.99
193	474	422	199	156	182	170	-13.53	-20.93	-34.59	5861.99	-3478.83	14179.25	6.78	274.92	-387.69
193	474	423	199	156	183	170	-13.44	-20.97	-34.41	5851.29	-3446.49	14193.29	-15.51	252.07	-377.96
193	475	423	200	156	183	170	-13.50	-21.13	-34.37	5859.72	-3446.96	14193.62	-28.18	229.97	-363.26
193	475	424	200	156	183	170	-13.63	-21.19	-34.43	5867.34	-3460.01	14188.74	-39.78	225.67	-347.35
193	475	424	199	156	183	169	-13.68	-21.29	-34.41	5879.37	-3465.61	14191.90	-44.19	219.69	-344.43
193	475	425	200	156	183	170	-13.80	-21.43	-34.26	5901.40	-3459.93	14179.71	-78.33	218.00	-358.91
193	476	425	200	156	184	170	-14.03	-21.36	-34.47	5905.73	-3492.34	14165.32	-94.56	243.20	-366.86
193	476	425	200	156	182	170	-13.89	-21.13	-34.50	5891.24	-3486.92	14185.85	-69.03	278.54	-363.77
192	476	425	200	156	182	169	-13.72	-20.88	-34.43	5859.48	-3454.97	14210.56	-65.08	298.47	-362.98
193	476	425	200	156	183	170	-13.67	-20.63	-34.58	5824.31	-3451.62	14238.43	-65.18	311.79	-356.63
193	476	426	200	156	183	169	-13.52	-20.52	-34.57	5799.09	-3432.04	14268.11	-60.12	310.10	-345.95
193	476	426	200	157	183	170	-13.40	-20.49	-34.51	5784.74	-3414.64	14275.50	-52.11	302.20	-316.40
193	476	426	201	157	183	170	-13.29	-20.45	-34.47	5767.30	-3397.31	14277.73	-44.71	293.04	-282.43
193	476	426	201	156	182	170	-13.20	-20.49	-34.40	5751.93	-3376.24	14276.24	-45.57	269.89	-253.81
193	476	426	201	157	183	170	-13.19	-20.59	-34.34	5748.14	-3365.23	14260.83	-45.79	249.84	-222.27
193	476	426	200	156	182	170	-13.14	-20.55	-34.38	5734.53	-3361.17	14259.79	-31.05	246.30	-181.56
193	476	426	201	157	183	169	-12.94	-20.61	-34.19	5727.20	-3330.91	14258.00	-26.35	228.78	-155.83
193	476	426	201	157	183	169	-13.00	-20.69	-34.16	5722.64	-3323.57	14257.70	-50.83	209.85	-136.99
192	476	426	201	156	183	170	-12.93	-20.76	-34.05	5722.91	-3308.19	14262.41	-53.09	193.10	-111.94
193	476	426	201	157	182	170	-12.98	-20.86	-33.89	5731.97	-3293.18	14261.89	-82.14	177.65	-94.54
192	476	426	201	157	183	169	-13.01	-20.98	-33.77	5745.57	-3285.92	14247.20	-92.48	171.22	-67.51
192	476	426	201	156	183	170	-13.12	-20.98	-33.83	5753.49	-3298.22	14246.44	-97.71	183.90	-33.74
193	476	427	201	157	183	169	-13.28	-20.98	-33.91	5760.42	-3315.71	14253.91	-118.57	193.31	-13.35
193	476	426	201	157	182	169	-13.50	-20.99	-34.10	5768.99	-3347.53	14261.62	-134.84	193.54	-0.33
193	476	427	201	157	184	169	-13.68	-20.93	-34.39	5776.14	-3392.55	14279.54	-118.75	209.92	19.13
193	476	427	201	157	183	170	-13.65	-20.81	-34.47	5762.14	-3394.72	14285.56	-104.26	226.82	30.18
193	476	426	201	156	183	169	-13.78	-20.78	-34.58	5752.23	-3402.19	14280.68	-115.25	227.63	22.02