99	529	249	239	205	221	163	3.09	-78.29	-0.37	16207.58	230.19	3142.30	-1183.25	723.03	-324.48
100	529	251	239	205	221	163	1.98	-78.10	-0.57	16160.60	176.88	3164.38	-1119.84	716.88	-335.45
100	529	251	240	205	221	163	2.74	-78.13	-0.47	16153.77	202.64	3174.37	-1038.94	667.23	-365.43
100	529	249	239	204	220	164	3.20	-78.14	-0.39	16158.68	226.30	3182.25	-1010.05	634.52	-363.06
101	529	250	239	205	221	164	2.93	-78.16	-0.42	16147.94	217.39	3194.33	-970.24	596.59	-359.00
100	529	251	239	205	221	164	3.61	-78.23	-0.34	16149.35	240.32	3194.02	-906.43	556.76	-349.85
101	529	251	239	205	221	163	3.59	-78.37	-0.32	16153.48	244.10	3189.72	-875.81	510.33	-338.86
101	529	251	239	205	222	164	3.57	-78.41	-0.33	16165.40	242.90	3180.83	-832.32	482.11	-334.42
101	529	250	239	205	221	164	3.69	-78.47	-0.34	16163.73	240.95	3167.59	-786.70	462.20	-328.80
101	529	252	239	205	221	163	4.11	-78.50	-0.30	16162.75	251.91	3161.81	-743.47	449.09	-323.16
101	529	251	239	205	221	164	4.49	-78.53	-0.25	16155.61	265.71	3158.72	-709.44	427.24	-320.85
101	529	253	239	205	222	163	4.66	-78.50	-0.21	16155.23	277.42	3152.58	-675.92	416.33	-316.81
101	529	252	239	205	221	164	4.91	-78.50	-0.18	16137.47	283.95	3151.55	-626.78	399.41	-306.67
101	529	252	239	204	221	163	5.36	-78.49	-0.11	16134.99	303.76	3152.78	-593.99	389.19	-288.78
101	529	252	239	205	221	163	5.69	-78.50	-0.07	16117.84	314.97	3152.14	-553.54	370.63	-268.69
102	529	252	240	205	221	163	5.83	-78.57	-0.05	16120.15	321.42	3143.93	-523.01	349.75	-251.46
102	529	252	239	205	220	162	5.81	-78.60	-0.05	16116.94	321.95	3134.33	-503.21	333.91	-237.19
101	529	251	239	205	221	164	5.89	-78.63	-0.04	16122.10	322.65	3123.42	-485.30	334.17	-231.63
101	529	251	239	205	221	163	6.07	-78.68	-0.03	16118.79	326.52	3106.25	-453.34	336.71	-221.20
101	529	250	240	205	221	163	6.60	-78.72	0.02	16115.45	340.19	3082.13	-412.42	346.57	-207.89
101	529	252	239	205	221	163	7.02	-78.72	0.03	16119.88	342.18	3074.83	-368.70	358.29	-186.79
101	529	252	239	204	220	163	7.15	-78.53	0.03	16119.08	343.27	3075.69	-316.21	394.58	-161.25
101	529	251	239	205	220	162	7.22	-78.35	0.06	16108.93	350.31	3092.50	-288.10	410.25	-137.89
101	530	252	239	205	221	163	6.77	-78.27	-0.01	16099.68	332.59	3111.48	-255.95	399.14	-127.05
100	529	252	239	205	221	163	7.22	-78.24	0.05	16107.10	347.56	3128.50	-222.95	377.48	-122.89
100	529	252	239	205	220	163	7.22	-78.16	0.07	16121.95	352.19	3140.88	-219.55	373.51	-115.95
101	530	252	239	204	221	163	7.41	-78.09	0.08	16108.45	357.18	3158.83	-209.82	364.28	-111.15
101	529	251	238	205	221	163	7.73	-78.17	0.14	16096.82	371.12	3163.69	-178.68	326.37	-106.39
101	529	253	239	205	220	163	8.20	-78.23	0.21	16101.18	392.96	3171.51	-155.10	296.30	-94.52
101	530	252	238	204	220	163	8.28	-78.18	0.25	16108.92	403.31	3172.13	-174.79	305.18	-71.20
101	529	253	238	204	220	162	7.80	-78.16	0.20	16079.68	389.75	3180.73	-183.70	289.52	-55.49
102	530	253	239	205	220	163	7.71	-78.31	0.20	16072.89	389.26	3184.09	-178.72	234.45	-47.86
101	530	252	238	205	220	163	7.67	-78.46	0.21	16086.25	391.20	3185.48	-177.08	187.58	-35.42
102	530	252	238	204	220	163	7.60	-78.58	0.21	16107.14	392.44	3156.61	-199.68	182.45	-23.50
102	529	253	238	206	220	163	7.04	-78.66	0.15	16084.38	374.42	3139.38	-202.70	171.98	-20.47
102	529	254	238	204	221	163	7.31	-78.81	0.16	16091.76	378.10	3120.01	-191.56	156.93	-33.25
102	530	253	238	206	220	163	7.62	-78.71	0.20	16094.97	390.19	3120.81	-197.83	176.68	-33.74
102	530	253	238	205	219	163	7.35	-78.65	0.16	16064.42	379.88	3131.37	-209.49	168.55	-37.80
102	530	253	238	205	222	164	7.66	-78.73	0.19	16066.20	387.49	3139.20	-189.22	135.32	-38.91
102	529	253	239	205	221	164	7.98	-78.85	0.24	16078.69	401.91	3130.24	-199.96	119.00	-31.22
102	530	255	238	205	221	163	7.62	-78.93	0.22	16084.95	394.62	3111.53	-228.86	120.70	-16.70
102	530	253	238	205	222	162	7.04	-78.99	0.13	16070.31	370.09	3099.75	-220.11	112.22	-7.62
102	529	253	237	204	221	164	7.22	-79.05	0.16	16081.19	379.18	3097.76	-223.76	93.21	-7.74
102	529	252	237	204	221	164	7.29	-79.02	0.17	16108.13	381.02	3100.48	-237.82	93.80	-5.75
101	530	253	237	204	221	164	7.18	-78.73	0.17	16109.12	382.77	3133.85	-249.58	131.06	-10.21
102	529	253	237	203	221	164	7.12	-78.59	0.18	16108.67	383.43	3157.76	-231.00	135.55	-24.45
101	530	253	236	202	221	163	7.55	-78.39	0.27	16105.64	408.66	3194.07	-217.30	123.28	-37.98
102	529	254	236	201	221	164	7.67	-78.33	0.32	16118.95	422.43	3223.57	-229.74	102.66	-37.88
102	529	253	235	201	222	164	7.63	-78.27	0.31	16106.60	419.71	3240.19	-209.60	91.43	-37.29
102	529	253	235	200	221	163	8.08	-78.35	0.38	16096.87	438.72	3241.18	-175.87	56.06	-43.27
102	530	253	234	200	222	163	8.41	-78.50	0.43	16103.23	451.19	3227.12	-163.88	25.65	-39.71
102	530	255	234	199	222	163	7.99	-78.58	0.38	16093.07	438.63	3220.97	-158.98	13.82	-32.77
102	530	253	233	198	222	164	7.70	-78.73	0.31	16081.21	419.29	3202.92	-129.43	-11.72	-33.79
102	529	253	233	196	222	163	7.76	-78.93	0.31	16063.95	418.73	3189.97	-108.26	-60.03	-35.25
102	529	253	232	194	223	163	8.09	-79.13	0.35	16082.96	430.59	3162.47	-133.15	-81.38	-28.68
103	530	253	231	194	222	163	7.95	-79.18	0.32	16092.01	423.46	3140.95	-126.14	-64.61	-27.00
102	529	253	231	194	222	163	8.11	-79.20	0.34	16086.61	427.69	3123.10	-119.98	-52.18	-30.50
103	529	253	230	194	222	163	8.41	-79.20	0.39	16092.48	442.71	3129.35	-128.58	-60.37	-33.17
102	529	253	229	192	222	163	8.67	-79.19	0.45	16108.45	457.17	3133.08	-138.11	-59.70	-25.72
102	529	252	228	190	222	163	8.23	-79.25	0.39	16106.43	442.91	3127.02	-131.95	-61.57	-22.98
102	529	253	226	188	222	163	7.27	-78.99	0.50	16096.11	472.17	3220.87	-79.60	-22.59	-34.73
103	529	254	226	185	222	164	7.65	-79.20	0.53	16110.70	479.16	3201.43	-60.92	-57.06	-31.44
103	529	254	226	184	222	162	7.77	-79.28	0.53	16129.77	480.40	3185.96	-69.08	-64.01	-18.92
103	529	254	226	182	222	163	7.41	-79.31	0.48	16120.28	465.78	3178.66	-70.17	-75.71	-5.63
103	529	252	225	179	222	163	6.97	-79.50	0.39	16108.27	442.89	3172.73	-46.06	-133.72	-14.24
102	529	254	225	176	222	163	7.27	-79.78	0.41	16124.65	447.35	3144.89	-48.91	-183.19	-25.23
103	529	253	224	174	222	163	7.08	-79.99	0.37	16136.02	436.38	3113.05	-59.92	-205.78	-28.62
103	529	255	224	175	222	163	7.32	-80.23	0.38	16137.62	438.96	3070.99	-71.97	-225.69	-41.09
103	529	253	224	174	220	163	7.48	-80.48	0.36	16141.54	432.21	3027.04	-60.52	-240.15	-48.59
103	529	254	224	176	221	163	8.05	-80.64	0.41	16152.26	446.40	2995.89	-48.09	-250.25	-53.56
104	529	253	224	176	223	163	8.56	-80.66	0.44	16156.45	455.48	2958.50	-52.34	-231.28	-48.18
104	529	254	224	176	223	163	8.37	-80.74	0.41	16148.03	447.51	2933.17	-51.82	-234.07	-41.27
104	529	256	225	177	222	163	8.19	-80.83	0.37	16157.82	437.13	2918.71	-52.73	-242.27	-39.46
103	529	254	224	176	222	163	7.75	-80.93	0.31	16161.93	420.88	2907.78	-50.10	-257.85	-44.53
104	529	254	225	175	222	163	8.26	-81.11	0.32	16164.44	423.63	2884.39	-26.94	-287.46	-41.21
104	529	255	225	174	223	163	8.91	-81.30	0.36	16178.61	434.45	2836.77	-27.19	-300.24	-39.55
104	529	253	224	174	223	163	9.19	-81.40	0.40	16194.88	446.13	2801.73	-41.28	-295.03	-39.22
104	529	255	224	174	223	163	9.35	-81.47	0.40	16199.34	444.62	2764.24	-39.22	-275.67	-34.31
104	529	254	224	175	223	163	9.87	-81.55	0.43	16193.97	454.59	2735.83	-28.11	-275.34	-32.44
104	529	255	224	175	223	163	10.05	-81.64	0.45	16203.87	457.66	2712.64	-34.75	-282.02	-21.67
104	529	254	224	175	222	163	9.43	-81.67	0.38	16225.88	439.78	2693.81	-38.92	-269.42	-9.34
103	529	255	225	176	223	163	9.02	-81.68	0.33	16224.19	425.59	2679.92	-31.62	-255.70	-8.02
104	529	255	224	175	223	163	9.14	-81.76	0.34	16229.98	428.51	2656.52	-26.09	-266.72	-5.92
104	529	255	224	174	222	163	9.47	-81.87	0.36	16240.28	434.28	2635.30	-1.88	-279.63	3.13
104	529	254	224	174	224	163	10.38	-81.87	0.45	16253.06	460.97	2623.73	3.91	-282.10	11.07
104	529	254	225	174	222	163	10.08	-81.92	0.45	16252.61	459.12	2613.15	-13.94	-287.09	20.22
104	528	255	225	174	222	163	10.54	-82.00	0.49	16261.38	471.37	2588.49	-53.39	-288.04	33.76
104	529	255	225	177	224	163	9.56	-82.06	0.39	16267.31	442.60	2564.86	-55.77	-280.59	45.02
103	529	256	225	178	223	164	9.68	-82.01	0.40	16263.54	445.87	2554.22	-41.83	-255.91	49.32
104	529	255	225	178	224	164	9.30	-81.97	0.35	16257.17	431.77	2542.31	-36.24	-237.81	53.65
104	528	256	225	178	223	164	8.69	-82.01	0.27	16252.51	410.78	2532.39	-22.68	-232.82	44.27
104	529	256	225	178	223	164	8.54	-81.97	0.25	16256.88	402.45	2519.17	-2.44	-224.83	25.06
104	529	255	226	176	223	164	8.83	-81.97	0.27	16258.64	408.12	2503.82	2.13	-209.49	2.40
104	528	256	226	175	223	164	9.20	-82.00	0.27	16258.71	410.52	2473.82	-0.58	-187.16	-15.22
104	529	256	226	175	223	164	9.90	-81.94	0.32	16251.77	423.19	2453.13	5.80	-157.56	-19.21
104	529	256	226	175	224	163	10.09	-81.88	0.34	16250.98	429.63	2437.68	-19.69	-129.68	-30.40
103	529	257	226	175	224	164	9.88	-81.78	0.32	16257.83	422.75	2425.99	-28.25	-85.84	-58.83
103	529	257	226	175	222	163	9.41	-81.67	0.29	16246.94	413.41	2419.09	-55.09	-44.45	-119.89
104	529	257	226	177	223	160	8.69	-81.62	0.21	16258.59	391.94	2420.94	-87.39	-42.68	-205.94
103	529	257	227	178	222	161	8.63	-81.57	0.21	16276.06	393.54	2414.29	-119.02	-23.60	-270.19
103	529	256	226	179	223	161	8.76	-81.51	0.22	16284.26	395.67	2402.58	-136.32	2.98	-317.78
103	529	258	226	180	222	160	10.03	-81.41	0.34	16287.65	430.48	2392.85	-144.55	33.13	-344.99
103	528	257	227	182	222	160	11.16	-81.26	0.50	16278.86	474.36	2399.81	-158.02	46.43	-348.40
103	529	257	227	182	222	159	11.77	-81.19	0.60	16263.92	502.04	2404.82	-167.22	49.56	-341.23
103	529	257	226	182	222	159	12.82	-81.18	0.72	16268.72	533.14	2405.17	-140.86	41.48	-326.46
104	529	257	226	182	222	159	13.90	-81.14	0.85	16275.89	570.68	2404.92	-131.42	38.05	-303.04
104	529	257	226	181	222	160	13.85	-81.09	0.85	16280.29	571.35	2414.07	-113.70	36.60	-276.59
102	529	256	226	181	222	160	14.16	-81.15	0.87	16275.88	576.78	2422.17	-82.41	27.37	-263.01
103	529	257	225	181	223	160	14.86	-81.18	0.95	16284.08	599.14	2420.26	-51.34	13.50	-244.21
103	529	257	224	179	222	160	15.55	-81.17	1.04	16282.28	625.99	2423.85	-39.92	1.08	-222.20
103	529	257	224	180	222	160	15.95	-81.24	1.09	16281.97	638.49	2421.85	-15.93	-20.83	-204.14
103	529	257	223	180	222	160	16.44	-81.32	1.14	16280.87	651.36	2419.76	12.92	-45.33	-181.38
103	528	256	222	180	222	161	16.66	-81.43	1.16	16292.02	657.99	2416.37	36.22	-72.37	-153.21
103	529	257	222	179	223	161	16.98	-81.61	1.17	16298.82	661.89	2394.35	51.06	-97.45	-127.10
102	528	257	222	179	224	161	17.50	-81.78	1.18	16311.88	664.20	2360.44	87.31	-101.23	-101.50
103	528	257	222	180	223	161	17.81	-81.92	1.17	16308.49	659.79	2319.21	111.99	-85.92	-83.77
103	528	256	222	179	223	161	18.40	-81.96	1.21	16305.06	670.80	2293.65	113.59	-71.37	-76.73
103	528	256	222	180	221	161	18.31	-81.95	1.20	16301.21	667.06	2273.77	101.36	-42.90	-75.35
103	529	257	222	179	223	161	18.47	-81.82	1.22	16287.15	675.91	2272.88	97.95	-15.06	-69.73
103	528	257	222	180	223	162	18.78	-81.73	1.28	16282.59	689.91	2273.24	83.85	-0.65	-58.99
103	528	258	223	180	222	162	19.29	-81.66	1.34	16284.86	707.42	2265.58	77.91	21.68	-40.24
103	528	258	224	181	223	162	19.20	-81.60	1.34	16287.62	706.64	2258.90	85.76	50.80	-20.88
103	528	257	224	181	223	161	19.64	-81.49	1.38	16285.04	718.71	2264.95	117.12	69.66	-2.59
103	528	257	224	181	222	162	19.78	-81.43	1.41	16291.59	727.18	2275.91	130.77	71.12	13.99
103	528	257	224	181	223	161	19.53	-81.40	1.41	16307.21	726.42	2283.31	124.03	81.17	28.34
103	528	258	224	182	223	162	18.97	-81.39	1.36	16307.05	714.10	2290.34	126.03	80.11	35.18
103	528	257	224	181	224	161	19.01	-81.45	1.38	16312.89	718.39	2281.63	130.13	66.00	37.37
103	528	257	224	182	223	162	18.23	-81.51	1.30	16320.25	697.47	2284.35	133.57	52.95	36.60
103	528	257	225	182	223	162	18.01	-81.61	1.27	16329.24	688.40	2284.73	138.99	37.61	32.82
103	528	258	225	183	223	162	18.02	-81.67	1.26	16331.18	685.58	2283.29	149.49	34.02	29.18
103	528	258	226	183	223	162	18.27	-81.73	1.28	16325.82	691.10	2270.73	147.22	28.37	21.92
103	528	257	225	183	223	162	17.92	-81.81	1.23	16329.13	679.75	2259.79	141.51	22.70	14.12
103	528	258	225	182	223	162	18.10	-81.82	1.25	16328.47	683.76	2253.40	151.88	22.92	-0.08
103	528	257	226	183	223	162	17.92	-81.82	1.27	16325.05	687.57	2255.33	147.99	16.52	-14.18
103	529	257	226	183	223	162	18.67	-81.82	1.34	16325.39	707.99	2247.17	160.79	17.05	-16.42
103	529	257	226	183	224	162	18.84	-81.82	1.36	16313.52	713.79	2248.21	160.70	11.60	-20.00
103	528	258	226	183	223	162	19.32	-81.82	1.39	16305.05	723.90	2252.00	167.91	-1.93	-24.70
103	528	258	226	183	224	162	19.11	-81.87	1.38	16305.19	719.91	2250.80	161.57	-14.69	-24.71
103	528	258	226	183	222	162	19.22	-81.89	1.40	16316.13	724.11	2247.66	164.49	-15.30	-23.73
103	528	257	226	183	223	162	19.35	-81.93	1.41	16303.53	726.31	2237.07	164.51	-19.04	-17.19
103	528	258	226	184	223	163	19.22	-82.06	1.37	16305.55	717.99	2223.82	182.09	-34.34	-17.03
103	528	258	226	184	223	162	19.74	-82.15	1.41	16310.87	728.09	2197.23	197.88	-33.32	-14.83
104	528	258	227	184	224	162	20.34	-82.17	1.47	16318.13	743.09	2177.57	197.74	-19.65	-7.64
104	528	258	227	184	224	162	20.72	-82.15	1.49	16306.02	749.33	2160.09	214.85	6.53	-0.91
103	528	258	227	184	223	162	20.68	-82.08	1.50	16303.72	753.47	2157.88	257.61	21.70	10.39
103	528	258	227	184	223	162	20.73	-82.02	1.51	16301.13	755.99	2163.19	284.33	28.27	40.72
104	528	257	228	184	223	162	20.58	-81.98	1.49	16323.68	750.99	2153.63	276.21	54.35	68.73
103	528	259	229	185	223	162	19.80	-81.87	1.42	16342.69	731.04	2140.35	283.00	109.59	85.65
103	528	258	230	186	223	162	18.76	-81.73	1.35	16329.96	711.29	2132.53	242.85	170.11	67.56
103	528	259	231	186	224	162	17.91	-81.76	1.26	16303.26	686.93	2133.91	244.86	164.00	28.09
104	528	258	231	187	223	161	18.79	-81.75	1.36	16315.10	714.58	2136.61	225.77	148.85	-4.67
103	529	258	232	186	223	162	18.90	-81.71	1.37	16319.74	717.05	2134.18	212.53	171.81	-15.84
103	529	258	232	186	224	162	19.09	-81.57	1.39	16306.16	723.20	2137.87	220.00	199.57	-27.99
103	528	260	232	187	224	162	19.32	-81.59	1.44	16296.85	736.84	2147.78	207.85	181.09	-42.14
103	528	258	233	186	224	162	18.66	-81.64	1.39	16308.21	723.80	2142.99	166.96	175.39	-54.44
103	528	260	233	186	224	162	18.66	-81.61	1.39	16319.80	723.61	2138.64	149.11	187.27	-69.41
102	528	259	233	187	223	162	18.03	-81.54	1.35	16311.61	709.63	2141.31	105.01	208.95	-98.29
103	529	259	233	187	224	162	18.31	-81.51	1.38	16306.43	720.95	2140.44	63.96	212.66	-133.88
102	528	259	232	187	223	162	18.75	-81.45	1.45	16303.11	738.10	2139.62	18.11	223.27	-165.94
102	529	259	233	187	223	162	19.64	-81.28	1.58	16306.55	775.19	2139.64	-48.05	251.51	-197.24
101	528	258	233	187	222	161	19.16	-81.08	1.58	16305.42	773.83	2163.86	-108.95	283.03	-228.38
102	528	259	233	187	223	162	19.09	-80.81	1.64	16304.95	792.14	2206.86	-136.55	298.03	-266.71
102	528	259	233	188	222	162	19.11	-80.62	1.70	16304.10	808.53	2244.12	-158.17	302.33	-297.17
102	528	258	233	187	222	162	19.95	-80.53	1.84	16308.70	847.11	2264.11	-205.66	288.21	-308.31
102	528	259	233	187	222	163	20.70	-80.65	1.89	16314.06	862.95	2232.51	-292.88	289.70	-310.25
102	528	259	233	187	222	162	21.03	-80.80	1.85	16303.96	849.60	2191.88	-340.53	305.27	-325.59
102	529	258	233	187	222	162	21.85	-80.84	1.88	16279.16	856.72	2155.49	-352.21	336.85	-370.91
102	528	260	233	187	222	162	23.31	-80.59	2.07	16271.00	910.49	2147.11	-358.50	382.01	-394.81
102	528	259	233	187	222	162	23.37	-80.30	2.16	16246.45	935.56	2161.16	-404.17	433.56	-402.82
102	528	259	233	187	223	162	23.13	-79.96	2.20	16232.33	945.99	2202.50	-404.01	477.13	-415.68
102	529	259	233	187	221	162	23.61	-79.61	2.36	16222.71	989.89	2239.78	-410.36	508.98	-414.60
102	528	258	234	187	222	162	24.12	-79.42	2.49	16210.98	1025.39	2255.59	-443.90	530.73	-392.57
101	529	260	233	187	222	162	23.81	-79.23	2.51	16199.43	1029.72	2285.21	-471.75	554.14	-375.94
102	528	260	234	187	222	162	23.29	-79.10	2.50	16190.66	1025.44	2302.55	-519.01	573.93	-359.34
102	529	259	233	187	222	162	21.75	-79.01	2.38	16197.92	994.16	2327.02	-578.76	597.49	-351.47
102	529	260	233	187	221	162	19.57	-78.67	2.13	16200.63	923.06	2380.87	-612.27	639.36	-385.25
102	528	260	233	187	222	162	18.71	-78.28	2.08	16190.80	910.10	2466.62	-619.61	654.39	-440.84
103	529	260	233	187	222	163	18.49	-78.02	2.18	16189.06	939.00	2541.49	-669.03	647.63	-485.20
103	529	260	233	187	221	161	18.31	-77.85	2.26	16183.20	960.65	2599.42	-725.93	629.84	-521.89
102	528	260	233	187	221	162	18.38	-77.72	2.34	16171.64	981.22	2639.05	-756.28	618.50	-559.74
102	529	260	233	187	221	161	18.33	-77.63	2.40	16158.06	997.36	2682.70	-773.32	592.38	-603.35
102	528	260	233	187	221	161	19.31	-77.48	2.64	16150.16	1064.49	2714.36	-793.70	575.11	-642.44
102	529	260	233	187	222	162	20.39	-77.24	2.91	16131.65	1137.26	2734.24	-838.52	580.75	-653.81
103	528	260	233	187	221	162	20.55	-77.07	3.01	16098.07	1162.80	2769.93	-878.94	584.56	-663.32
103	529	260	233	188	221	162	20.30	-77.02	3.03	16084.36	1167.06	2799.63	-916.64	564.99	-681.31
102	529	260	233	187	221	161	19.95	-76.81	3.03	16076.14	1168.91	2835.05	-943.21	583.39	-721.44
103	529	260	233	187	222	161	20.30	-76.52	3.15	16052.74	1200.26	2876.30	-917.80	608.42	-779.77
102	529	260	232	188	221	160	21.21	-76.21	3.44	16024.70	1277.05	2916.08	-904.96	601.35	-811.93
103	529	261	232	187	220	160	21.93	-76.01	3.69	16028.06	1347.80	2966.28	-920.81	574.08	-826.79
102	529	260	232	187	220	160	22.65	-75.82	3.92	16026.06	1409.81	3007.17	-917.12	559.38	-826.20
102	529	258	232	187	221	160	23.21	-75.69	4.12	16018.96	1463.32	3040.61	-897.07	542.96	-815.54
103	529	260	232	187	221	161	23.78	-75.61	4.31	16015.61	1515.55	3077.18	-875.91	513.21	-803.36
103	529	260	231	186	220	160	24.38	-75.54	4.48	16023.43	1562.37	3117.72	-831.32	478.40	-800.19
103	529	261	232	185	220	160	25.09	-75.43	4.67	16029.06	1616.45	3147.43	-787.65	456.68	-784.43
103	529	261	231	184	221	161	25.65	-75.42	4.82	16016.80	1657.63	3165.46	-749.77	420.24	-751.76
103	530	261	232	183	220	160	26.19	-75.59	4.90	16020.36	1679.95	3175.19	-708.33	365.38	-719.22
103	530	260	231	181	221	160	26.50	-75.79	4.93	16027.75	1689.55	3167.03	-696.86	330.81	-691.81
103	530	262	231	181	221	160	26.23	-75.99	4.88	16025.76	1674.27	3153.48	-663.17	303.07	-682.52
103	529	261	231	180	221	161	26.78	-76.09	4.95	16011.07	1692.36	3140.80	-645.01	279.42	-685.94
103	529	263	231	179	222	161	27.26	-76.16	5.03	15997.12	1713.94	3138.36	-631.46	254.85	-692.90
103	530	261	231	180	220	160	28.11	-76.10	5.20	15985.46	1757.05	3141.84	-592.64	248.46	-695.40
103	529	261	231	179	221	161	28.95	-75.92	5.42	15964.99	1817.99	3149.55	-583.06	245.98	-680.98
103	529	261	231	179	221	160	29.38	-75.89	5.52	15958.74	1844.09	3154.47	-572.35	237.53	-649.93
103	530	262	230	179	220	160	29.32	-75.80	5.57	15945.60	1855.89	3180.95	-563.94	233.71	-624.94
104	530	261	230	178	220	160	29.22	-75.78	5.60	15936.52	1863.89	3201.10	-544.29	225.52	-609.99
103	530	261	230	178	220	160	29.73	-75.78	5.70	15923.49	1890.90	3197.05	-526.77	215.40	-597.84
103	530	262	230	178	220	160	30.65	-75.80	5.86	15913.52	1932.55	3172.40	-546.49	210.63	-583.90
103	530	261	230	178	221	160	31.39	-75.68	5.97	15908.84	1963.53	3156.78	-538.61	244.94	-576.80
102	529	262	231	178	220	160	32.05	-75.29	6.18	15897.00	2018.95	3168.34	-516.03	298.05	-576.91
102	530	261	230	177	220	160	31.67	-75.00	6.20	15884.55	2024.60	3213.12	-492.58	317.64	-582.67
102	529	261	230	177	220	160	31.31	-74.80	6.23	15902.12	2034.77	3281.46	-457.60	310.26	-562.23
102	529	262	229	176	220	160	30.83	-74.71	6.21	15905.42	2028.23	3338.39	-443.22	292.30	-537.22
102	530	261	230	177	221	159	30.95	-74.82	6.28	15920.35	2048.82	3354.67	-436.96	254.53	-526.96
103	530	262	230	176	220	159	30.97	-74.97	6.28	15918.93	2049.98	3349.54	-438.16	229.41	-511.76
103	529	261	229	176	220	160	31.26	-75.10	6.30	15914.58	2055.28	3338.66	-421.35	207.29	-508.17
103	530	262	229	176	220	160	31.72	-75.12	6.40	15911.05	2080.92	3331.93	-408.09	201.77	-510.97
103	529	262	229	176	219	160	32.41	-75.13	6.54	15899.10	2118.47	3318.53	-426.23	192.28	-509.02
103	530	262	230	176	221	159	32.84	-75.21	6.60	15890.14	2135.75	3289.20	-472.97	193.57	-503.72
102	529	262	229	176	220	160	33.63	-75.14	6.71	15883.44	2164.36	3254.74	-478.62	238.14	-495.38
103	530	261	229	176	220	160	34.28	-74.95	6.83	15854.66	2194.34	3231.61	-495.29	290.88	-478.06
102	530	262	229	177	220	159	34.39	-74.93	6.83	15841.93	2191.83	3198.83	-550.03	340.69	-447.01
101	529	263	230	178	220	159	32.84	-74.74	6.61	15845.03	2131.63	3201.09	-601.82	431.41	-437.01
101	530	261	229	178	220	159	31.83	-74.21	6.51	15836.18	2103.45	3261.83	-597.28	526.44	-465.26
99	529	263	230	178	219	158	31.35	-73.66	6.64	15820.97	2136.88	3341.74	-645.52	579.96	-487.05
99	530	262	229	178	220	159	30.61	-73.32	6.71	15814.52	2155.64	3429.05	-725.14	586.57	-499.54
99	530	264	230	178	220	159	30.41	-73.06	6.86	15816.60	2196.25	3490.40	-786.84	582.04	-500.32
99	530	263	230	178	219	158	30.03	-72.87	6.95	15814.37	2221.24	3547.08	-847.29	576.99	-494.45
100	530	262	230	179	221	159	29.88	-72.76	7.03	15800.25	2240.98	3581.93	-880.73	565.64	-491.63
100	530	262	229	179	221	159	29.85	-72.67	7.11	15794.43	2261.93	3610.63	-914.09	557.65	-491.55
99	530	263	230	179	221	159	29.82	-72.57	7.18	15784.51	2279.63	3645.50	-930.84	548.37	-504.62
99	530	263	230	179	219	158	29.89	-72.40	7.32	15773.89	2316.25	3680.42	-964.45	543.10	-514.54
99	529	262	230	179	220	158	29.84	-72.22	7.39	15771.99	2335.24	3730.40	-956.47	541.05	-527.36
99	530	261	230	179	221	159	29.89	-71.97	7.53	15754.19	2373.88	3778.48	-946.10	544.25	-535.04
98	529	264	230	179	220	159	30.08	-71.68	7.74	15735.68	2428.58	3837.36	-934.95	523.98	-526.99
98	530	265	231	179	219	159	30.00	-71.62	7.82	15726.30	2447.35	3883.69	-917.15	492.68	-499.69
96	529	262	230	180	220	159	30.22	-71.50	7.94	15709.18	2477.79	3926.11	-865.54	468.40	-470.26
96	529	262	230	180	221	158	30.57	-71.42	8.09	15675.12	2515.90	3964.20	-834.01	418.28	-430.54
96	529	264	231	181	221	159	30.50	-71.58	8.14	15668.77	2526.50	3991.39	-824.96	349.27	-381.62
95	529	262	231	181	220	158	30.56	-71.67	8.13	15674.73	2524.98	4009.22	-761.11	315.95	-327.89
94	529	264	231	181	221	158	31.23	-71.60	8.30	15654.19	2568.53	4023.36	-688.96	294.30	-278.54
94	529	262	232	182	221	157	31.57	-71.61	8.43	15651.68	2604.70	4048.39	-653.86	252.14	-207.86
95	529	263	233	183	221	157	31.54	-71.64	8.43	15658.50	2606.47	4076.37	-607.82	231.23	-119.02
93	529	263	233	184	221	158	31.69	-71.57	8.46	15656.98	2613.14	4101.95	-506.33	227.72	-35.42
94	529	264	233	185	222	158	31.88	-71.45	8.48	15646.73	2618.49	4121.45	-391.46	239.03	62.40
94	529	263	234	184	221	158	32.14	-71.35	8.56	15619.59	2635.16	4158.38	-282.29	222.48	165.53
94	529	262	234	185	221	158	32.06	-71.53	8.54	15619.61	2628.20	4181.46	-212.77	177.51	247.10
94	529	264	234	185	222	158	31.61	-71.79	8.34	15633.63	2577.79	4173.79	-95.78	150.28	324.40
94	528	264	234	185	221	158	31.61	-71.97	8.21	15631.55	2542.90	4159.70	25.85	142.12	386.68
94	529	263	234	185	222	159	31.61	-72.05	8.09	15629.17	2508.56	4161.12	162.46	141.26	446.30
94	529	262	234	186	222	159	31.59	-72.19	8.00	15624.51	2484.73	4169.86	258.69	116.40	490.53
94	529	262	234	185	221	159	31.34	-72.43	7.85	15649.29	2447.09	4160.57	355.50	98.63	526.85
95	529	264	234	185	220	159	31.55	-72.62	7.76	15658.82	2422.74	4132.94	459.88	101.40	563.06
94	528	263	234	185	222	160	31.96	-72.82	7.70	15659.28	2406.60	4091.89	548.69	98.18	598.46
94	529	263	234	186	222	160	32.27	-72.99	7.67	15661.12	2398.47	4066.70	605.00	91.92	624.84
94	528	264	235	185	221	160	31.86	-73.19	7.51	15681.46	2356.35	4052.96	650.10	86.97	651.04
95	529	264	234	186	221	160	31.31	-73.18	7.31	15702.99	2307.53	4058.71	713.20	111.63	672.79
95	529	263	234	186	221	160	31.12	-73.11	7.23	15697.84	2284.76	4072.38	785.79	125.09	691.75
95	529	264	234	186	221	160	31.18	-73.19	7.23	15692.35	2283.92	4086.96	816.50	87.89	711.51
96	529	263	234	186	221	161	31.04	-73.41	7.14	15699.53	2258.92	4074.21	846.22	48.09	746.84
96	529	264	234	186	222	161	31.08	-73.56	7.07	15704.55	2239.38	4066.10	929.26	25.44	793.35
97	529	263	233	186	221	161	31.30	-73.63	7.00	15708.12	2223.21	4058.60	1030.40	18.32	859.23
98	529	264	233	186	221	161	31.71	-73.74	6.97	15728.12	2215.25	4038.87	1121.88	16.15	942.37
98	529	264	233	186	221	161	31.11	-73.77	6.81	15743.91	2173.28	4036.72	1172.33	34.79	1027.20
98	529	264	233	186	221	161	30.38	-73.85	6.59	15749.12	2116.42	4031.29	1271.57	48.25	1096.64
99	529	263	233	186	222	162	29.98	-73.95	6.45	15734.06	2077.00	4034.32	1346.19	28.89	1129.61
99	529	264	232	186	222	162	29.52	-74.26	6.30	15751.56	2036.55	4020.01	1384.68	-11.20	1159.78
99	529	264	233	186	221	163	28.86	-74.46	6.13	15774.58	1993.32	4005.81	1406.35	-28.94	1193.94
99	529	264	233	186	222	163	27.84	-74.71	5.89	15778.05	1926.65	3988.51	1416.13	-50.75	1209.44
99	529	265	233	186	222	164	28.02	-75.06	5.80	15785.55	1904.32	3939.69	1403.92	-82.36	1217.72
99	528	264	233	186	222	164	27.34	-75.51	5.60	15800.07	1850.91	3875.70	1351.63	-107.29	1231.88
99	529	264	233	186	221	164	26.24	-75.83	5.31	15822.67	1772.36	3819.52	1351.44	-100.08	1234.44
99	529	265	232	186	221	164	25.59	-75.98	5.11	15829.53	1721.54	3776.14	1355.27	-71.07	1217.42
100	528	265	233	185	221	165	24.18	-76.09	4.85	15822.46	1649.27	3759.74	1325.91	-63.82	1200.80
100	529	264	233	187	222	164	22.68	-76.20	4.58	15833.53	1576.00	3762.75	1301.06	-81.93	1167.96
100	529	265	233	186	221	164	21.98	-76.36	4.42	15844.86	1532.60	3738.61	1266.26	-87.73	1135.41
100	529	265	233	186	222	164	21.42	-76.54	4.28	15849.61	1495.77	3713.08	1207.35	-97.44	1108.94
101	529	264	232	185	221	164	20.37	-76.75	4.06	15857.33	1436.18	3687.03	1166.18	-113.92	1080.24
101	529	264	233	186	221	164	20.38	-76.92	3.99	15866.07	1418.77	3657.28	1133.17	-120.58	1049.28
101	529	264	232	185	221	164	20.08	-76.99	3.92	15875.96	1398.44	3632.81	1055.41	-108.80	1029.22
101	529	264	232	185	221	165	19.37	-77.02	3.76	15873.76	1354.31	3615.57	1016.59	-100.06	1002.95
101	529	265	232	185	221	164	19.32	-77.04	3.69	15875.48	1338.00	3618.79	1011.11	-106.60	976.81
101	529	265	232	185	221	163	19.12	-77.09	3.63	15899.30	1320.90	3622.65	981.46	-116.52	957.82
101	528	266	233	184	221	164	18.85	-77.09	3.58	15904.94	1307.25	3618.92	934.48	-126.25	946.78
101	529	264	232	184	221	165	17.87	-77.30	3.36	15924.69	1250.29	3610.97	926.91	-164.59	938.19
101	529	264	232	183	221	164	17.67	-77.42	3.27	15937.05	1224.98	3618.23	943.76	-193.31	928.18
101	528	265	232	183	221	164	17.88	-77.58	3.25	15951.60	1221.93	3602.91	923.13	-222.69	923.22
101	529	265	232	184	221	165	17.83	-77.82	3.20	15953.82	1206.83	3577.57	857.02	-262.01	934.91
101	528	265	232	183	221	164	16.77	-78.18	3.01	15964.33	1156.89	3543.29	784.62	-312.16	938.36
101	529	266	231	183	220	164	16.03	-78.53	2.83	15976.51	1108.24	3501.73	776.14	-354.05	930.89
102	529	265	231	183	221	164	16.36	-78.82	2.79	15988.89	1098.63	3452.24	751.83	-377.45	923.50
102	528	266	231	183	222	165	15.13	-79.08	2.56	16005.24	1036.90	3397.23	731.64	-377.17	929.37
102	528	266	231	184	222	165	14.67	-79.24	2.40	16014.18	991.66	3342.97	766.91	-352.36	929.86
101	528	266	231	183	222	165	14.79	-79.31	2.35	16013.27	976.47	3300.42	747.66	-324.05	933.71
101	528	264	230	183	221	166	13.99	-79.39	2.21	16010.41	939.85	3262.40	678.88	-301.24	944.58
102	528	266	230	184	221	165	11.89	-79.44	1.89	16022.49	851.06	3228.08	669.13	-275.63	943.75
101	528	266	231	183	222	166	11.63	-79.34	1.76	16022.76	816.90	3212.67	702.73	-229.10	925.51
101	528	266	231	183	222	165	11.36	-79.21	1.68	16025.82	794.46	3215.04	689.89	-196.75	910.84
102	528	265	230	183	221	166	10.35	-79.10	1.49	16030.33	743.94	3225.49	668.45	-179.46	897.64
102	528	266	231	184	222	166	9.53	-79.00	1.31	16036.62	693.94	3232.81	696.07	-160.44	876.86
102	528	266	230	183	221	166	9.53	-78.97	1.26	16037.79	678.04	3234.77	721.02	-155.36	856.62
101	528	267	231	184	223	166	9.11	-79.14	1.16	16045.50	651.74	3213.03	692.97	-172.80	842.74
102	528	266	231	184	221	165	7.67	-79.29	0.93	16065.22	588.35	3184.58	692.22	-178.81	823.00
101	528	266	231	184	222	165	7.07	-79.33	0.79	16076.96	550.34	3157.55	703.61	-156.47	789.30
102	528	266	230	183	220	165	6.55	-79.33	0.68	16076.11	521.22	3135.47	695.33	-138.64	761.34
101	528	266	231	184	221	165	5.49	-79.38	0.52	16076.11	476.56	3118.30	650.41	-128.01	738.52
102	528	267	231	183	222	165	4.37	-79.38	0.31	16077.90	418.93	3108.39	629.29	-112.46	706.39
102	528	266	231	184	223	166	4.62	-79.39	0.27	16079.60	408.78	3095.17	636.73	-96.09	674.42
102	528	267	232	183	222	166	5.25	-79.38	0.32	16065.82	421.54	3091.01	617.24	-97.03	655.50
102	528	265	232	184	222	165	6.15	-79.45	0.40	16073.13	445.07	3075.06	592.78	-104.13	662.23
102	528	268	232	184	222	165	6.76	-79.46	0.48	16082.87	465.01	3060.11	554.49	-93.62	686.62
101	528	267	232	184	222	166	6.27	-79.41	0.39	16085.53	442.36	3051.30	535.97	-71.04	722.53
102	528	266	232	184	221	165	5.25	-79.33	0.19	16092.85	385.04	3056.93	589.67	-58.74	745.16
101	528	267	232	184	221	165	4.73	-79.31	0.06	16095.21	351.39	3050.89	630.13	-42.20	749.35
102	528	266	232	184	222	165	3.91	-79.31	-0.08	16096.25	312.02	3038.74	638.08	-25.34	752.48
102	528	266	232	185	222	166	3.47	-79.33	-0.17	16101.24	287.82	3019.41	625.17	-5.28	756.31
102	528	267	232	184	222	166	2.95	-79.34	-0.25	16102.38	265.63	3007.64	578.91	10.04	768.24
102	528	268	231	185	222	166	1.73	-79.33	-0.43	16103.06	214.55	3001.45	555.92	21.14	771.78
102	528	267	232	185	223	166	1.17	-79.31	-0.54	16112.30	184.22	2993.58	560.82	37.08	762.09
102	528	267	232	185	222	166	1.03	-79.22	-0.58	16116.69	173.21	2996.90	539.63	60.92	758.19
102	528	267	232	185	221	166	0.60	-79.12	-0.68	16104.45	147.75	3014.46	501.65	63.78	763.03
102	528	267	232	184	222	166	-0.34	-79.10	-0.83	16113.23	105.36	3018.73	486.67	55.64	764.48
103	528	267	232	185	222	166	-0.86	-79.11	-0.95	16123.37	71.29	3017.20	513.68	70.06	759.80
103	528	267	232	185	221	165	-0.87	-79.07	-0.99	16123.00	60.13	3019.54	526.05	82.40	762.96
101	528	267	232	185	222	166	-1.24	-79.06	-1.07	16135.65	39.12	3020.36	512.90	82.48	773.16
101	528	267	232	185	222	166	-2.38	-79.05	-1.26	16148.07	-14.23	3023.74	486.15	79.66	770.76
102	528	265	232	184	221	166	-3.38	-79.02	-1.43	16156.06	-61.12	3028.95	481.35	84.33	755.82
102	528	268	232	184	221	166	-3.94	-79.05	-1.53	16153.86	-89.47	3025.71	467.73	86.71	741.88
101	528	268	232	184	221	166	-4.46	-79.09	-1.64	16151.17	-120.99	3023.42	431.19	74.98	736.73
102	528	266	232	185	222	166	-5.48	-79.11	-1.80	16150.81	-163.14	3021.85	398.63	61.08	731.40
102	528	266	232	185	221	166	-6.52	-79.15	-1.99	16142.47	-217.39	3011.56	395.30	48.37	719.63
102	528	266	232	184	222	165	-7.22	-79.21	-2.11	16143.54	-249.52	3001.38	397.99	40.25	710.75
102	528	267	232	185	222	166	-7.78	-79.28	-2.19	16134.77	-271.24	2985.71	361.44	35.44	711.46
102	528	268	232	185	221	166	-8.63	-79.35	-2.31	16127.03	-303.68	2976.23	315.56	22.57	716.89
102	528	268	232	185	222	166	-9.75	-79.34	-2.50	16128.08	-356.09	2961.81	313.74	22.99	716.39
102	528	266	232	185	221	167	-9.92	-79.28	-2.58	16119.67	-378.29	2959.32	335.70	40.34	710.42
102	528	268	233	185	221	166	-10.35	-79.20	-2.67	16106.09	-403.78	2957.56	325.51	54.47	707.25
102	528	267	232	185	222	166	-11.25	-79.20	-2.83	16112.79	-446.99	2946.28	335.39	62.05	707.49
102	528	268	232	185	223	166	-11.86	-79.11	-2.95	16116.95	-479.84	2949.97	348.47	75.95	703.36
102	528	267	233	185	222	166	-12.61	-78.98	-3.10	16128.10	-522.45	2962.87	331.40	88.25	693.95
102	528	267	233	185	222	165	-13.56	-78.83	-3.31	16133.09	-581.92	2979.52	337.53	97.49	677.55
102	528	267	232	185	221	166	-13.74	-78.78	-3.38	16142.84	-600.03	2985.35	337.70	106.41	656.92
101	528	267	232	185	222	166	-13.76	-78.78	-3.40	16138.90	-606.23	2994.08	304.36	100.44	642.32
101	528	268	233	185	221	166	-14.59	-78.78	-3.54	16146.75	-644.91	2989.78	281.50	91.07	628.06
101	528	267	232	185	221	166	-14.78	-78.73	-3.61	16155.61	-666.67	2992.49	312.77	102.07	603.86
102	528	268	232	185	222	166	-14.52	-78.72	-3.60	16152.63	-663.93	2999.66	330.08	103.81	588.31
102	528	268	232	186	222	165	-14.65	-78.81	-3.64	16147.20	-674.14	2997.08	301.23	85.12	586.90
102	528	267	232	185	221	166	-15.59	-78.82	-3.79	16150.84	-716.23	2987.03	270.67	75.32	586.40
102	528	266	232	185	222	166	-16.50	-78.77	-3.97	16147.50	-765.02	2971.67	288.78	79.80	574.73
102	528	268	233	185	222	166	-16.59	-78.85	-3.99	16131.12	-768.37	2960.69	295.59	75.66	552.55
102	528	268	233	185	222	167	-17.20	-78.85	-4.09	16131.77	-796.35	2959.86	260.97	67.88	539.57
102	528	268	234	185	222	166	-17.80	-78.83	-4.20	16139.78	-828.93	2954.06	261.47	67.43	528.09
102	528	268	234	185	222	166	-18.05	-78.76	-4.28	16135.39	-848.89	2956.96	264.24	77.61	515.84
102	528	268	233	185	222	166	-18.17	-78.76	-4.31	16133.02	-857.04	2964.91	235.98	70.13	508.64
102	529	267	233	185	223	167	-19.17	-78.76	-4.47	16139.37	-902.19	2957.07	215.88	58.68	497.56
102	528	268	233	185	223	167	-19.62	-78.75	-4.55	16148.80	-926.48	2943.61	222.49	66.29	479.98
101	528	269	234	185	223	166	-19.55	-78.69	-4.58	16143.36	-933.36	2942.43	211.76	85.48	470.03
101	528	267	233	186	221	166	-20.18	-78.61	-4.68	16137.39	-961.69	2946.51	187.33	91.15	455.53
101	528	268	233	185	223	166	-20.36	-78.46	-4.77	16138.72	-984.80	2964.98	200.16	102.75	443.21
102	528	268	233	185	223	166	-20.26	-78.39	-4.82	16134.38	-998.36	2980.14	194.65	110.71	430.25
103	528	267	233	185	223	167	-20.42	-78.35	-4.87	16132.26	-1012.45	2990.53	172.47	108.72	420.88
103	528	267	233	185	222	166	-20.92	-78.32	-4.97	16138.25	-1042.62	2991.00	179.85	109.09	407.19
103	528	267	234	185	221	166	-20.91	-78.28	-5.00	16146.74	-1051.29	2993.65	190.80	120.08	393.23
102	528	268	234	185	222	166	-20.65	-78.29	-4.98	16143.40	-1044.93	2997.17	170.76	120.83	386.07
103	528	268	234	185	223	167	-21.07	-78.30	-5.05	16142.63	-1064.48	2995.51	147.82	113.99	384.91
102	528	267	233	186	223	167	-21.15	-78.31	-5.10	16135.90	-1078.66	3001.54	163.93	101.74	365.37
102	528	267	233	185	222	167	-20.91	-78.43	-5.07	16135.30	-1068.72	2990.26	151.94	91.55	356.00
103	528	267	233	185	223	167	-21.40	-78.49	-5.11	16133.74	-1081.69	2974.55	130.69	81.77	366.25
103	528	268	234	185	222	166	-22.20	-78.48	-5.22	16134.25	-1109.80	2962.82	132.36	85.93	368.69
103	528	268	233	185	222	167	-22.40	-78.43	-5.28	16125.74	-1127.51	2964.68	144.94	91.04	366.60
103	528	267	234	185	223	166	-22.77	-78.37	-5.37	16123.45	-1152.34	2968.84	128.04	89.54	364.12
102	528	267	233	185	223	166	-23.18	-78.31	-5.46	16126.48	-1177.52	2976.20	131.04	95.56	354.47
103	528	268	233	185	222	166	-23.00	-78.33	-5.45	16116.95	-1174.64	2977.99	131.69	100.38	351.14
103	529	267	233	186	222	166	-23.15	-78.41	-5.46	16112.71	-1175.91	2973.09	96.45	97.61	351.74
102	528	268	233	186	223	166	-23.64	-78.34	-5.57	16121.87	-1206.32	2971.44	107.23	103.18	351.85
103	528	268	233	185	223	166	-23.47	-78.26	-5.60	16126.58	-1214.00	2981.87	130.97	120.42	344.11
103	528	268	233	186	223	166	-23.06	-78.25	-5.55	16120.25	-1201.70	2991.37	113.02	123.50	348.45
103	528	268	233	185	222	167	-23.69	-78.20	-5.68	16117.64	-1236.02	2990.20	97.92	118.88	361.58
102	529	268	233	185	223	166	-23.91	-78.14	-5.76	16124.95	-1260.61	2995.89	132.72	130.53	363.00
103	528	267	233	185	223	167	-23.91	-78.14	-5.79	16117.91	-1267.78	2992.70	132.69	131.66	363.10
103	528	269	233	185	223	166	-24.50	-78.09	-5.92	16120.41	-1303.39	3004.66	116.25	124.02	361.70
103	528	269	234	186	223	166	-24.87	-77.98	-6.03	16123.59	-1336.03	3016.23	139.44	126.42	350.11
102	528	268	233	185	223	167	-24.82	-77.96	-6.06	16117.81	-1341.22	3021.02	147.72	123.80	342.85
103	529	268	233	185	222	167	-25.14	-77.97	-6.11	16114.52	-1357.76	3020.17	135.18	113.41	338.06
103	529	269	234	186	223	166	-25.53	-78.02	-6.18	16111.59	-1374.47	3010.96	131.07	102.99	324.26
103	528	268	233	185	223	167	-25.82	-78.03	-6.22	16112.81	-1387.55	2998.41	142.72	109.04	317.15
102	528	267	234	185	222	166	-25.94	-77.97	-6.27	16106.77	-1400.97	3001.09	155.73	113.79	315.39
102	528	269	234	185	223	166	-26.24	-77.91	-6.35	16097.03	-1422.32	3006.24	152.45	110.50	308.42
101	528	268	234	185	223	167	-26.21	-77.89	-6.38	16099.98	-1429.61	3017.12	147.37	104.27	297.70
101	528	269	234	186	224	167	-26.62	-77.85	-6.45	16103.38	-1451.13	3016.07	133.56	105.01	291.16
100	529	267	234	185	223	166	-26.91	-77.79	-6.51	16098.61	-1467.57	3011.86	138.03	118.06	275.36
98	528	268	234	186	222	166	-26.89	-77.79	-6.53	16083.28	-1471.19	3006.87	157.03	121.56	260.74
98	529	268	233	185	223	166	-27.03	-77.80	-6.56	16084.32	-1479.83	3000.53	151.78	115.88	249.45
99	529	269	234	185	223	166	-27.08	-77.77	-6.58	16081.70	-1482.84	3002.30	146.34	119.54	244.18
98	529	268	234	185	224	167	-27.25	-77.71	-6.63	16075.62	-1496.70	3004.79	148.87	125.41	240.72
97	528	268	234	186	224	166	-27.16	-77.71	-6.64	16073.64	-1499.26	3014.35	154.63	122.44	239.28
96	528	268	234	185	224	167	-27.27	-77.70	-6.68	16083.36	-1510.70	3013.63	148.14	127.17	241.72
95	528	269	234	186	223	166	-27.47	-77.64	-6.73	16072.59	-1525.37	3016.95	139.49	131.26	240.88
94	529	267	234	186	223	166	-27.47	-77.59	-6.77	16068.56	-1534.30	3025.70	145.61	131.39	228.74
94	528	267	234	186	223	166	-27.46	-77.61	-6.77	16067.93	-1534.58	3036.42	132.73	124.13	215.10
94	529	268	234	185	224	166	-27.82	-77.62	-6.82	16076.73	-1551.45	3032.80	105.15	113.97	212.30
95	529	268	234	185	223	167	-28.21	-77.57	-6.91	16081.90	-1574.48	3030.76	108.79	117.22	209.38
95	528	269	234	186	223	166	-28.25	-77.49	-6.98	16083.60	-1595.96	3051.42	116.30	116.36	197.41
94	528	268	234	185	223	166	-28.29	-77.48	-7.02	16085.02	-1608.56	3067.45	106.33	102.94	179.04
95	529	268	234	186	222	166	-28.36	-77.55	-7.04	16094.97	-1612.53	3072.07	90.07	77.09	157.64
94	528	270	234	186	223	166	-28.37	-77.66	-7.02	16097.82	-1608.70	3062.27	74.71	57.84	144.56
94	528	270	234	185	224	166	-28.33	-77.80	-7.00	16098.13	-1602.27	3052.56	75.63	50.20	137.88
95	528	269	234	186	224	166	-28.05	-77.94	-6.95	16094.82	-1589.36	3035.93	89.85	37.74	130.19
95	528	268	234	186	224	166	-27.92	-78.03	-6.91	16099.68	-1578.09	3025.93	73.15	32.75	129.93
95	528	268	234	186	224	166	-28.40	-77.97	-7.00	16102.90	-1603.58	3023.64	76.55	33.51	133.48
95	528	269	234	186	224	166	-28.31	-77.89	-7.03	16096.35	-1609.00	3031.65	107.47	39.54	123.56
95	528	269	234	186	224	166	-27.87	-78.01	-6.94	16087.93	-1585.55	3030.47	110.50	25.76	118.63
95	529	268	234	186	223	167	-28.03	-78.15	-6.90	16092.14	-1575.68	3010.55	76.07	11.62	131.80
95	528	269	234	186	223	166	-28.74	-78.11	-7.01	16091.73	-1605.49	2990.22	71.57	17.44	144.01
95	529	269	234	186	223	166	-28.95	-78.15	-7.00	16087.74	-1601.22	2967.51	86.34	41.82	147.21
95	528	268	234	186	224	167	-29.28	-78.07	-7.07	16070.95	-1618.16	2953.53	99.72	61.08	159.80
94	528	268	234	186	224	166	-29.60	-77.91	-7.16	16087.41	-1645.45	2958.46	124.29	86.97	171.01
91	529	267	234	186	224	167	-29.86	-77.61	-7.26	16089.04	-1673.58	2969.93	147.52	135.93	168.86
87	529	265	234	186	223	166	-29.60	-77.54	-7.23	16084.58	-1664.90	2987.24	105.95	138.83	131.66
85	529	266	234	185	223	166	-30.00	-77.41	-7.30	16072.36	-1684.25	3001.48	77.50	143.79	100.28
84	529	266	234	186	224	166	-29.28	-77.39	-7.24	16042.94	-1663.24	3020.60	88.37	129.45	81.67
87	529	268	234	186	225	165	-28.68	-77.53	-7.14	16057.99	-1635.68	3046.17	40.35	77.58	83.53
87	529	268	235	186	224	165	-29.25	-77.57	-7.20	16084.29	-1656.69	3048.66	-7.01	60.90	92.56
87	529	268	235	186	224	166	-29.33	-77.57	-7.21	16081.08	-1658.06	3042.23	16.79	72.70	98.73
88	529	268	234	186	223	165	-28.95	-77.68	-7.15	16063.62	-1640.36	3031.12	21.20	61.87	97.84
88	529	269	235	186	224	166	-28.83	-77.83	-7.10	16078.84	-1628.94	3028.76	-11.06	35.82	104.85
89	529	271	235	186	224	165	-29.44	-77.72	-7.18	16095.30	-1652.69	3018.72	-29.16	52.73	117.21
89	529	267	235	187	223	166	-29.69	-77.58	-7.28	16085.73	-1679.06	3022.59	15.85	69.05	118.65
89	529	267	235	187	223	166	-29.36	-77.56	-7.27	16079.85	-1676.50	3028.26	34.66	66.89	113.01
89	529	269	235	187	223	165	-29.61	-77.61	-7.29	16076.06	-1680.28	3033.45	7.42	39.25	114.01
89	529	269	235	187	224	166	-30.20	-77.72	-7.33	16095.05	-1695.07	3015.17	-10.25	29.04	121.36
88	529	268	235	187	224	165	-30.54	-77.76	-7.33	16097.10	-1695.91	2993.81	-16.43	48.08	126.20
86	529	267	235	187	224	166	-30.85	-77.69	-7.39	16077.84	-1710.72	2983.72	-5.11	57.08	128.29
87	528	268	235	187	224	165	-30.53	-77.78	-7.36	16069.95	-1699.78	2984.74	-4.41	34.48	122.37
88	529	268	235	188	224	165	-30.93	-77.76	-7.42	16083.85	-1717.79	2984.50	-31.14	28.95	119.40
87	528	269	235	187	224	166	-31.18	-77.69	-7.49	16087.86	-1738.10	2975.88	-30.63	35.41	117.23
88	529	268	235	187	224	166	-31.22	-77.70	-7.52	16076.27	-1744.20	2967.28	-24.55	36.83	106.27
88	529	267	235	187	224	166	-31.10	-77.78	-7.49	16090.85	-1737.39	2962.52	-27.32	30.49	105.96
88	529	268	235	186	224	166	-31.30	-77.76	-7.51	16089.51	-1743.72	2966.59	-29.11	29.57	101.06
87	529	268	235	187	224	166	-31.39	-77.78	-7.52	16101.24	-1749.93	2965.66	-32.40	25.84	96.11
87	528	269	234	188	224	166	-31.54	-77.77	-7.57	16112.17	-1764.03	2963.98	-14.88	27.90	91.45
86	529	269	235	188	224	166	-31.32	-77.78	-7.57	16106.97	-1764.03	2980.98	7.11	19.30	77.43
86	528	267	234	187	224	166	-31.39	-77.86	-7.57	16122.82	-1764.63	2976.93	-10.84	6.54	65.11
86	529	269	235	187	224	166	-31.60	-77.85	-7.60	16129.48	-1775.00	2972.48	-12.40	7.76	60.95
86	528	270	235	187	224	166	-31.66	-77.83	-7.64	16118.40	-1783.05	2972.06	3.57	6.57	45.45
87	528	268	235	187	224	166	-31.45	-77.94	-7.59	16112.68	-1768.30	2957.06	17.74	1.64	30.18
86	529	267	235	187	225	166	-31.35	-78.01	-7.56	16106.65	-1760.88	2948.60	19.85	-4.44	31.47
86	528	268	235	187	224	165	-31.65	-78.00	-7.60	16112.52	-1772.04	2935.37	36.36	5.33	32.90
86	528	268	235	188	225	166	-31.55	-77.96	-7.60	16099.09	-1769.64	2938.21	70.34	21.07	35.80
85	528	267	235	187	224	166	-31.57	-77.97	-7.59	16080.13	-1766.55	2945.29	54.53	13.81	29.21
86	528	266	235	187	224	165	-32.20	-78.01	-7.67	16100.93	-1789.03	2937.03	39.60	-0.33	17.45
86	528	265	235	187	224	165	-32.23	-77.98	-7.66	16105.48	-1789.58	2925.38	34.87	22.29	-2.52
83	528	266	235	187	224	165	-32.33	-77.95	-7.63	16108.41	-1779.50	2903.11	14.48	61.73	-19.54
82	528	266	235	187	224	166	-32.44	-77.90	-7.63	16097.99	-1780.32	2890.55	19.45	89.59	-30.92
81	528	266	235	187	224	165	-32.15	-77.85	-7.59	16097.49	-1768.31	2884.43	49.03	115.56	-40.62
81	528	266	235	187	224	165	-31.54	-77.71	-7.54	16091.61	-1753.89	2899.00	79.58	144.68	-44.89
80	528	267	235	188	225	164	-31.11	-77.63	-7.49	16108.43	-1742.40	2901.85	100.30	170.30	-42.25
79	528	265	235	188	223	166	-30.62	-77.57	-7.46	16115.61	-1733.88	2918.36	113.78	209.18	-45.53
79	528	264	235	187	223	165	-30.39	-77.45	-7.45	16110.63	-1730.38	2921.44	144.20	241.47	-44.81
79	528	264	235	187	224	166	-30.09	-77.40	-7.42	16121.30	-1724.46	2929.97	167.24	259.95	-51.22
79	528	264	234	187	222	166	-29.76	-77.32	-7.38	16118.03	-1711.04	2941.27	193.27	274.65	-65.21
79	528	263	234	187	223	166	-29.05	-77.25	-7.29	16109.33	-1684.49	2957.81	189.11	287.92	-73.34
79	527	263	234	187	223	166	-28.88	-77.20	-7.27	16098.86	-1677.46	2977.72	156.00	275.82	-85.48
79	527	265	234	187	224	167	-28.73	-77.28	-7.23	16099.72	-1666.99	2980.23	144.05	256.93	-90.35
80	527	264	234	188	223	167	-28.39	-77.37	-7.18	16092.73	-1651.64	2983.62	133.40	236.89	-93.64
80	527	264	234	187	224	166	-28.46	-77.47	-7.15	16096.30	-1645.86	2969.24	131.23	231.89	-93.85
80	527	263	234	188	224	166	-28.33	-77.50	-7.12	16096.08	-1636.57	2963.78	132.82	237.20	-95.91
80	527	264	234	188	223	166	-28.33	-77.43	-7.12	16093.48	-1637.94	2970.79	113.08	242.19	-96.97
79	527	263	233	188	223	167	-28.48	-77.40	-7.16	16088.80	-1646.64	2971.25	123.68	242.53	-106.87
79	527	263	233	187	223	166	-28.09	-77.36	-7.10	16087.56	-1629.91	2977.09	118.69	258.60	-109.62
79	527	262	233	188	223	167	-28.09	-77.23	-7.12	16071.79	-1633.81	2989.43	108.86	273.77	-109.14
79	527	262	233	188	224	167	-27.56	-77.22	-7.05	16062.60	-1611.32	3002.76	93.61	272.68	-117.29
79	527	263	233	187	223	166	-27.29	-77.14	-7.01	16061.47	-1600.16	3020.02	72.28	271.70	-111.97
78	527	263	234	187	223	166	-27.22	-77.08	-7.01	16067.19	-1602.95	3039.62	68.77	274.16	-102.97
78	527	263	233	188	224	167	-27.02	-76.96	-7.01	16063.63	-1601.60	3059.84	67.63	286.36	-96.27
78	527	263	234	188	223	167	-26.85	-76.85	-7.01	16052.05	-1600.12	3094.65	54.95	283.09	-95.41
78	527	264	233	188	223	167	-26.82	-76.77	-7.04	16051.45	-1607.71	3123.32	36.35	271.63	-99.74
78	527	263	233	187	224	166	-26.76	-76.75	-7.07	16057.68	-1617.53	3143.15	30.38	260.50	-100.50
78	527	262	233	188	223	166	-26.53	-76.79	-7.05	16056.39	-1610.65	3146.99	28.81	249.88	-112.13
79	527	263	233	188	224	166	-26.07	-76.91	-6.96	16048.77	-1585.32	3146.84	14.92	230.63	-124.92
78	527	264	234	187	224	166	-25.86	-77.04	-6.90	16047.93	-1567.65	3150.30	-5.37	204.25	-127.98
79	527	263	234	188	225	167	-25.91	-77.10	-6.87	16053.34	-1562.87	3150.59	-16.95	196.44	-125.28
79	527	263	234	188	224	167	-26.17	-77.07	-6.88	16062.47	-1565.73	3149.46	-30.41	205.62	-128.61
79	527	263	233	187	224	167	-25.90	-76.99	-6.86	16062.95	-1559.04	3163.98	-34.24	225.89	-139.38
79	527	263	234	187	223	166	-25.72	-76.92	-6.84	16062.40	-1553.69	3181.38	-40.52	238.29	-150.46
79	527	263	233	187	224	166	-25.35	-76.93	-6.77	16060.48	-1535.40	3186.31	-45.55	238.88	-156.74
79	527	262	233	187	223	166	-25.22	-76.85	-6.77	16059.25	-1533.83	3197.40	-49.42	239.78	-157.55
79	527	263	234	188	223	166	-24.82	-76.86	-6.73	16055.49	-1523.94	3199.93	-30.15	232.94	-154.53
79	526	263	233	188	224	166	-24.22	-76.97	-6.65	16046.92	-1498.15	3200.73	-34.84	215.40	-152.15
79	526	262	233	187	224	166	-24.43	-77.08	-6.63	16058.97	-1494.44	3190.10	-67.75	202.73	-138.49
78	526	262	233	188	224	167	-24.72	-77.12	-6.65	16062.62	-1502.92	3180.79	-56.01	200.94	-127.72
79	526	263	233	187	223	166	-24.93	-77.08	-6.68	16055.29	-1508.17	3173.15	-46.41	216.79	-121.83
78	526	263	234	188	224	166	-24.80	-77.09	-6.63	16055.73	-1495.56	3174.69	-76.84	218.95	-124.09
79	526	262	233	188	224	167	-25.29	-76.91	-6.72	16060.54	-1519.18	3183.76	-101.90	247.26	-129.69
80	526	262	233	188	224	166	-25.00	-76.77	-6.70	16056.51	-1513.02	3197.57	-104.80	267.34	-149.20
79	526	263	233	189	222	166	-24.22	-76.76	-6.59	16047.49	-1482.37	3212.49	-115.41	276.18	-154.54
79	526	263	233	187	222	167	-23.74	-76.69	-6.53	16043.51	-1465.05	3237.67	-130.74	274.17	-161.21
79	526	263	233	188	224	167	-23.57	-76.63	-6.50	16047.74	-1457.40	3252.98	-145.06	279.51	-163.80
79	526	263	233	188	224	167	-23.21	-76.58	-6.46	16050.95	-1447.13	3276.93	-138.60	277.78	-163.06
80	526	262	233	188	223	165	-22.79	-76.61	-6.40	16050.80	-1429.98	3292.49	-131.22	265.59	-159.06
79	526	262	233	188	224	167	-22.78	-76.66	-6.39	16062.46	-1427.48	3306.26	-156.56	244.96	-148.16
79	526	262	233	188	224	167	-23.07	-76.64	-6.44	16063.74	-1442.50	3309.95	-163.43	231.27	-141.10
79	526	263	233	188	223	167	-23.29	-76.67	-6.45	16073.15	-1446.98	3307.65	-174.61	228.80	-152.49
80	526	263	233	188	223	167	-23.12	-76.68	-6.42	16072.29	-1438.63	3317.87	-184.43	217.96	-171.17
81	526	263	234	188	223	166	-22.69	-76.71	-6.33	16074.28	-1414.50	3316.78	-201.86	213.56	-190.26
80	526	263	233	188	224	166	-22.16	-76.75	-6.23	16071.36	-1384.97	3306.94	-213.67	222.64	-194.30
80	525	262	233	188	223	166	-21.82	-76.75	-6.17	16058.60	-1366.52	3309.59	-211.33	225.25	-199.98
81	525	263	233	188	223	166	-20.91	-76.78	-6.03	16045.67	-1326.80	3314.31	-207.87	220.84	-188.18
81	525	262	233	188	224	166	-21.09	-76.75	-6.05	16049.98	-1333.06	3323.40	-217.42	218.45	-159.92
81	525	262	233	189	224	166	-21.06	-76.71	-6.05	16044.88	-1332.80	3335.03	-205.15	213.73	-139.13
80	525	263	233	188	223	166	-21.34	-76.64	-6.12	16036.84	-1350.96	3350.47	-195.74	206.24	-135.22
81	525	262	233	188	223	167	-21.43	-76.67	-6.16	16034.00	-1360.62	3355.15	-174.81	184.73	-138.06
81	525	261	234	188	224	167	-21.25	-76.78	-6.13	16044.30	-1353.39	3360.59	-160.67	167.49	-139.81
81	525	262	233	189	224	167	-21.49	-76.66	-6.16	16055.08	-1365.72	3369.16	-148.13	180.62	-136.97
81	525	263	233	188	223	167	-21.73	-76.60	-6.22	16043.13	-1380.43	3373.91	-118.58	180.39	-142.82
81	525	264	233	188	224	167	-21.85	-76.60	-6.27	16038.97	-1393.81	3384.21	-88.95	161.97	-154.43
81	525	262	234	188	222	167	-22.07	-76.58	-6.31	16058.42	-1406.72	3388.20	-72.40	165.77	-183.61
81	525	264	234	188	224	166	-22.33	-76.30	-6.46	16063.10	-1447.38	3424.99	-20.73	180.73	-221.33
81	525	264	234	189	223	167	-22.08	-76.09	-6.50	16059.55	-1458.81	3482.14	8.51	167.44	-265.86
81	525	263	234	189	224	166	-22.13	-75.96	-6.56	16057.77	-1474.47	3547.83	-25.57	116.47	-319.52
81	525	263	234	189	224	167	-22.47	-76.07	-6.65	16076.68	-1501.95	3601.24	-95.14	17.55	-391.89
82	525	264	234	189	224	165	-22.51	-76.30	-6.67	16096.45	-1509.65	3624.38	-109.43	-68.98	-481.05
82	525	264	235	189	224	166	-21.00	-76.83	-6.42	16101.82	-1442.37	3607.76	-92.21	-167.68	-569.84
82	525	264	234	189	223	165	-19.70	-77.43	-6.16	16107.93	-1369.65	3563.57	-130.05	-260.80	-635.85
82	524	264	235	189	222	165	-18.99	-78.10	-5.97	16118.14	-1316.97	3509.99	-168.95	-358.76	-698.31
83	524	265	234	189	224	165	-17.28	-78.72	-5.69	16128.83	-1239.92	3442.49	-171.05	-427.37	-764.19
83	525	264	234	188	223	165	-14.75	-79.23	-5.33	16117.79	-1140.52	3378.57	-167.40	-485.60	-811.93
83	524	263	234	189	224	165	-13.00	-79.71	-5.05	16118.90	-1061.50	3307.44	-178.18	-524.77	-830.54
83	524	264	234	188	224	164	-11.65	-80.04	-4.82	16105.95	-996.02	3251.07	-171.72	-542.38	-844.41
83	524	263	234	190	224	164	-10.47	-80.31	-4.62	16104.45	-941.22	3201.32	-167.03	-553.01	-852.29
83	524	264	234	188	223	165	-9.36	-80.57	-4.42	16084.83	-884.56	3161.25	-179.08	-571.66	-856.83
84	524	263	234	189	224	165	-7.51	-80.95	-4.15	16079.79	-809.93	3097.59	-209.53	-594.23	-845.78
83	524	264	234	188	224	164	-5.77	-81.22	-3.88	16067.00	-733.84	3025.71	-260.85	-594.87	-823.20
83	524	264	234	188	224	164	-6.10	-81.28	-3.81	16066.05	-716.34	2983.82	-267.66	-574.92	-804.44
83	523	264	234	189	223	164	-5.92	-81.19	-3.74	16067.75	-696.33	2974.23	-208.73	-538.18	-797.01
83	523	263	234	188	223	164	-5.30	-81.19	-3.59	16074.56	-653.51	2957.72	-171.99	-523.62	-778.46
83	523	264	234	188	223	164	-5.24	-81.25	-3.49	16088.23	-627.03	2949.43	-171.84	-527.54	-758.59
83	523	263	234	189	224	164	-4.85	-81.33	-3.36	16104.62	-593.48	2937.96	-140.60	-542.11	-746.46
84	523	264	234	188	223	164	-3.56	-81.51	-3.17	16125.19	-541.01	2911.06	-122.77	-560.71	-739.64
84	523	262	234	188	224	164	-2.34	-81.78	-2.97	16128.13	-487.96	2867.51	-129.03	-586.17	-717.96
84	523	264	234	188	223	164	-1.58	-82.17	-2.82	16151.92	-447.76	2811.53	-126.43	-619.16	-699.11
83	523	263	234	188	223	164	-0.91	-82.44	-2.72	16175.33	-418.57	2746.56	-121.41	-609.50	-682.20
83	522	263	234	188	223	164	-0.36	-82.64	-2.60	16182.96	-387.44	2689.03	-110.59	-600.03	-674.69
84	522	263	233	188	223	164	0.83	-82.78	-2.44	16185.21	-342.47	2626.18	-90.51	-579.78	-666.91
84	522	262	234	188	224	164	2.29	-82.90	-2.26	16185.55	-293.75	2571.87	-75.38	-564.59	-654.91
85	522	263	234	188	224	164	3.25	-83.02	-2.13	16193.67	-256.66	2523.08	-64.16	-544.36	-633.47
84	522	263	234	188	223	164	3.84	-83.00	-2.02	16198.79	-226.43	2498.32	-36.35	-525.29	-611.74
85	522	263	233	188	223	162	4.31	-82.99	-1.92	16198.65	-197.31	2483.81	-5.29	-513.78	-593.06
84	522	263	234	188	222	163	4.83	-82.98	-1.79	16207.52	-164.84	2472.42	14.08	-518.34	-573.15
85	523	263	234	188	223	163	4.58	-83.03	-1.76	16216.14	-156.60	2456.99	21.27	-517.02	-554.55
85	523	263	233	188	223	163	5.18	-83.17	-1.66	16221.73	-128.37	2435.74	31.91	-526.67	-540.47
85	522	262	233	187	224	164	6.51	-83.39	-1.52	16232.25	-90.95	2385.76	21.81	-538.59	-524.69
85	522	263	233	188	223	163	7.15	-83.57	-1.45	16238.23	-69.40	2338.47	19.67	-545.11	-512.86
84	522	262	234	187	223	163	7.13	-83.73	-1.42	16246.12	-62.53	2296.95	37.04	-540.20	-511.62
85	522	263	233	188	223	163	8.21	-83.79	-1.31	16265.61	-30.01	2255.70	70.34	-517.34	-513.39
85	522	263	233	188	225	163	9.62	-83.88	-1.17	16269.93	9.49	2209.31	59.87	-502.67	-512.37
85	522	263	233	187	222	163	10.55	-83.97	-1.08	16288.24	33.82	2172.05	59.88	-486.99	-506.35
85	522	263	233	188	223	162	11.47	-84.00	-0.97	16294.82	62.73	2136.05	72.08	-462.44	-506.13
86	522	264	233	187	223	163	12.57	-83.97	-0.85	16304.28	97.19	2112.64	94.73	-434.02	-500.27
85	522	263	234	188	223	163	13.07	-83.91	-0.73	16299.47	129.53	2096.81	103.99	-405.52	-482.51
85	522	263	233	187	223	163	14.69	-83.84	-0.53	16290.50	186.06	2078.97	102.89	-394.14	-455.44
85	522	263	233	188	224	163	15.63	-83.81	-0.42	16288.37	216.75	2051.82	81.85	-368.18	-413.61
85	522	263	233	188	223	163	15.64	-83.80	-0.40	16281.55	223.32	2035.23	95.11	-341.08	-373.03
85	522	264	233	188	222	163	16.22	-83.78	-0.32	16281.07	245.55	2013.07	114.10	-316.92	-327.18
85	522	263	233	187	223	163	16.43	-83.79	-0.28	16291.42	256.47	1989.62	130.00	-297.83	-290.72
85	522	263	233	188	224	164	16.71	-83.83	-0.23	16311.85	271.45	1954.33	117.05	-273.13	-267.39
85	522	263	233	188	223	163	14.82	-83.84	-0.30	16327.05	250.68	1934.62	87.64	-235.18	-259.82
85	522	263	233	187	223	163	13.71	-83.86	-0.37	16346.90	229.94	1906.69	92.76	-199.52	-280.23
85	521	263	233	188	224	164	14.30	-83.79	-0.30	16362.96	250.85	1894.35	83.22	-156.79	-311.31
85	521	263	232	188	223	163	15.07	-83.66	-0.19	16373.61	281.30	1889.44	29.46	-123.45	-330.35
85	521	263	233	187	222	162	14.69	-83.68	-0.18	16385.93	283.04	1866.16	-29.76	-94.43	-337.13
86	522	264	233	188	222	162	14.81	-83.65	-0.14	16384.83	295.29	1847.66	-59.57	-56.71	-355.67
85	522	264	233	188	223	164	16.29	-83.49	360.00	16378.59	334.32	1838.87	-67.04	-21.47	-379.19
86	522	263	233	189	222	163	18.22	-83.26	0.24	16375.86	401.01	1827.93	-103.14	14.10	-381.58
87	522	263	233	189	224	163	18.66	-83.06	0.31	16362.66	420.56	1838.73	-141.33	48.80	-372.50
89	522	264	233	188	222	163	19.23	-82.87	0.43	16346.13	454.93	1854.40	-163.67	67.81	-368.03
91	521	264	232	188	221	163	19.36	-82.83	0.50	16338.62	474.98	1859.48	-197.38	72.57	-351.63
92	521	265	232	188	221	163	19.59	-82.68	0.61	16343.69	504.83	1889.10	-246.67	73.59	-337.94
92	521	265	232	188	222	163	19.57	-82.64	0.66	16352.31	517.79	1893.65	-255.03	77.81	-318.65
92	521	265	232	188	223	163	20.01	-82.62	0.74	16347.89	541.70	1887.56	-253.73	89.92	-298.26
93	521	265	231	188	222	163	20.91	-82.62	0.83	16352.50	565.02	1873.79	-259.84	94.62	-271.95
93	521	264	231	188	222	163	20.64	-82.65	0.83	16370.87	566.17	1855.30	-279.80	125.04	-238.50
92	520	265	231	188	222	164	19.80	-82.60	0.76	16380.73	548.06	1830.73	-305.66	178.89	-223.08
92	520	264	230	188	223	164	18.34	-82.49	0.67	16380.09	521.45	1833.20	-325.33	214.69	-241.22
92	520	264	231	188	222	163	17.55	-82.28	0.63	16399.09	510.38	1859.74	-311.76	255.46	-272.26
92	520	265	231	188	221	163	17.69	-82.00	0.70	16391.13	531.26	1902.15	-283.37	277.99	-299.20
92	520	265	230	188	222	163	18.16	-81.73	0.87	16384.78	577.50	1953.44	-283.51	271.54	-315.54
92	520	265	230	189	222	164	18.69	-81.61	1.00	16382.54	614.82	1990.17	-277.18	245.96	-314.56
92	520	265	230	188	222	164	19.06	-81.62	1.08	16384.21	637.28	2012.26	-248.52	215.61	-301.94
93	520	266	230	188	222	164	19.41	-81.68	1.14	16383.40	654.02	2020.85	-238.15	191.13	-284.64
92	520	265	230	188	221	163	18.81	-81.83	1.10	16373.43	641.32	2019.61	-236.64	162.22	-276.46
93	520	266	229	188	221	164	17.85	-82.01	1.03	16368.16	623.05	2022.82	-227.41	123.31	-280.93
93	520	265	229	188	221	164	17.64	-82.12	1.01	16369.55	617.90	2027.88	-199.39	96.50	-288.74
93	520	266	229	188	221	164	17.41	-82.14	1.01	16365.87	616.80	2032.29	-192.47	82.07	-307.80
93	520	267	230	188	221	164	17.17	-82.22	1.01	16363.58	618.16	2031.67	-216.04	62.62	-339.76
93	520	267	230	188	219	165	17.50	-82.30	1.05	16343.00	628.46	2027.69	-235.04	30.99	-380.52
93	520	267	229	188	221	164	18.41	-82.39	1.18	16339.65	664.23	2026.71	-286.34	-2.21	-414.15
93	520	267	230	188	220	165	19.43	-82.45	1.28	16340.46	692.42	2010.97	-328.47	-13.30	-435.59
94	520	267	229	188	221	164	20.47	-82.47	1.42	16319.84	730.80	1996.42	-348.90	-31.54	-460.11
93	520	267	229	188	221	164	22.08	-82.46	1.60	16302.85	780.06	1987.60	-350.60	-68.11	-470.40
93	520	268	230	188	221	164	23.39	-82.53	1.76	16301.11	823.06	1980.02	-344.32	-113.80	-471.08
93	521	268	229	188	221	164	25.09	-82.54	1.95	16316.05	877.90	1968.62	-326.31	-138.96	-447.23
93	521	268	230	189	221	164	25.74	-82.58	2.03	16318.85	901.81	1967.99	-328.99	-156.01	-411.02
93	521	267	230	188	222	164	26.66	-82.69	2.10	16319.11	920.72	1947.99	-318.59	-172.61	-380.97
94	521	268	230	188	223	162	26.50	-82.88	2.06	16337.35	911.88	1937.99	-296.61	-191.58	-370.87
93	521	268	230	188	222	163	26.95	-83.02	2.06	16352.28	910.29	1908.29	-288.43	-187.70	-370.48
94	521	268	230	189	221	163	27.09	-83.15	2.05	16348.27	908.17	1888.08	-310.16	-194.02	-388.55
95	522	268	230	188	222	163	27.58	-83.34	2.07	16347.25	913.97	1862.27	-366.95	-214.52	-411.92
95	522	268	230	189	223	163	29.40	-83.51	2.09	16349.09	919.67	1808.96	-409.75	-218.19	-433.38
95	523	268	230	189	223	163	30.32	-83.45	2.16	16360.04	938.28	1770.31	-480.22	-179.13	-496.41
95	523	268	231	189	222	162	31.01	-83.32	2.25	16348.63	964.37	1762.20	-479.41	-152.28	-557.34
95	523	267	231	189	222	161	32.55	-83.08	2.51	16331.60	1035.35	1767.49	-466.14	-160.41	-577.52
95	523	267	232	189	222	162	33.70	-82.93	2.71	16343.02	1092.98	1759.91	-522.18	-155.14	-575.40
95	524	268	232	189	223	162	33.54	-82.82	2.72	16335.87	1095.73	1762.52	-517.07	-126.63	-572.53
94	524	268	232	189	221	161	34.58	-82.69	2.86	16322.08	1133.55	1769.39	-462.97	-126.60	-565.60
94	524	268	232	189	221	162	35.70	-82.62	3.01	16321.17	1174.07	1760.92	-423.77	-137.62	-544.07
94	524	267	232	188	222	162	36.86	-82.63	3.12	16333.12	1205.97	1742.27	-407.88	-131.19	-512.52
94	525	269	232	189	222	161	37.60	-82.61	3.18	16336.26	1222.27	1728.16	-367.14	-119.28	-495.04
94	525	269	232	189	223	161	38.04	-82.61	3.26	16335.65	1244.35	1731.15	-330.53	-127.37	-481.84
94	525	268	232	189	222	161	38.20	-82.66	3.28	16353.06	1253.74	1728.40	-316.10	-134.70	-471.75
95	525	268	232	189	223	161	38.40	-82.66	3.31	16363.81	1261.85	1720.78	-316.55	-126.41	-463.96
94	525	268	232	189	223	161	39.01	-82.69	3.33	16364.42	1268.96	1710.14	-306.72	-126.49	-462.36
94	525	268	232	189	222	162	40.01	-82.74	3.42	16370.20	1293.11	1690.63	-271.43	-140.82	-459.54
94	525	269	232	189	222	162	40.94	-82.72	3.52	16381.69	1321.05	1676.10	-249.56	-143.33	-449.52
95	525	269	231	189	222	161	41.59	-82.74	3.57	16387.81	1336.60	1654.09	-232.68	-138.91	-427.44
94	526	269	231	189	223	162	42.47	-82.78	3.61	16372.61	1347.77	1621.59	-215.05	-129.27	-416.57
94	526	269	231	189	223	162	43.87	-82.70	3.74	16355.98	1382.78	1584.51	-186.10	-127.85	-414.09
93	526	269	231	188	223	162	45.16	-82.56	3.88	16349.18	1419.84	1559.08	-191.74	-102.76	-394.09
93	526	268	232	189	222	162	45.56	-82.41	3.93	16330.52	1432.05	1548.73	-204.86	-55.82	-373.88
94	526	268	231	189	222	162	45.92	-82.19	3.99	16310.80	1449.85	1551.29	-189.41	-14.23	-367.14
91	526	268	231	189	223	162	46.50	-82.01	4.10	16311.66	1480.16	1545.13	-179.54	14.48	-345.98
90	526	269	232	189	222	162	46.85	-81.87	4.14	16310.28	1490.55	1548.27	-138.71	59.51	-305.08
89	526	267	232	189	223	162	47.28	-81.72	4.19	16323.56	1505.02	1542.26	-95.83	106.03	-281.63
88	526	268	231	190	222	162	47.77	-81.53	4.26	16334.58	1526.77	1541.15	-68.69	146.08	-267.60
89	526	268	231	188	223	162	47.43	-81.44	4.30	16354.05	1538.23	1548.49	-69.15	168.03	-256.47
89	526	268	231	189	223	162	46.88	-81.37	4.24	16367.15	1521.52	1557.86	-38.85	207.27	-250.09
88	526	269	231	189	222	162	47.34	-81.15	4.34	16371.99	1551.84	1577.77	24.45	236.41	-248.24
89	526	268	230	189	222	163	47.76	-80.93	4.49	16366.19	1593.25	1590.88	49.02	254.34	-241.43
89	526	267	231	190	221	163	48.14	-80.81	4.61	16359.28	1627.19	1599.54	60.57	255.82	-232.20
89	526	268	231	188	221	163	48.08	-80.71	4.68	16353.52	1646.43	1611.76	70.79	260.58	-219.49
90	526	269	231	189	222	163	47.77	-80.70	4.67	16355.44	1643.91	1619.77	75.30	278.65	-204.82
90	526	268	231	189	222	163	47.85	-80.54	4.69	16339.67	1647.91	1621.78	79.04	319.97	-193.93
89	526	268	231	190	222	163	48.25	-80.60	4.73	16308.69	1655.72	1605.09	72.94	331.02	-185.98
90	526	268	231	189	221	163	48.86	-80.49	4.79	16316.05	1673.93	1590.04	65.49	368.12	-173.23
90	526	268	231	189	221	163	48.63	-80.24	4.81	16318.85	1678.03	1600.74	49.07	444.61	-152.07
90	526	269	231	189	222	163	47.48	-79.90	4.78	16284.51	1667.73	1640.10	58.26	511.93	-136.62
90	526	269	232	189	222	164	46.76	-79.68	4.83	16262.08	1681.35	1691.70	79.60	517.54	-141.49
90	526	268	232	189	222	163	46.22	-79.43	4.93	16266.58	1707.28	1741.11	68.52	531.21	-133.96
90	526	268	232	190	221	163	45.18	-79.24	4.93	16257.65	1706.31	1792.26	65.29	545.70	-116.26
90	526	268	231	189	222	164	45.22	-79.15	5.06	16241.56	1741.20	1822.64	73.48	531.16	-94.20
90	526	269	231	189	222	163	45.31	-79.12	5.13	16245.69	1763.34	1838.71	74.61	514.36	-61.79
90	526	270	231	189	223	163	44.77	-79.13	5.11	16253.20	1758.57	1863.38	78.67	511.09	-33.90
90	526	269	231	189	222	163	44.31	-79.05	5.12	16256.34	1760.44	1895.61	129.94	513.43	-12.46
90	526	270	231	189	222	163	44.10	-78.91	5.17	16255.32	1773.02	1927.43	157.84	521.01	3.82
90	526	269	231	189	221	163	43.66	-78.86	5.21	16250.76	1786.77	1962.25	175.80	498.36	13.18
90	526	270	232	189	221	163	43.36	-78.87	5.24	16263.22	1796.83	1982.34	153.16	483.64	28.07
90	526	270	231	189	222	163	42.68	-78.91	5.21	16262.66	1785.39	2000.42	153.10	476.11	46.41
91	526	270	231	190	222	162	42.26	-78.85	5.19	16269.93	1781.72	2017.20	159.95	493.26	67.99
91	526	269	231	190	221	162	41.40	-78.75	5.15	16259.83	1768.03	2052.54	172.75	501.69	69.99
92	526	269	232	189	222	163	40.43	-78.72	5.10	16263.84	1755.43	2069.92	161.76	499.01	68.24
92	527	270	232	190	221	162	39.55	-78.73	5.00	16256.65	1727.06	2092.62	175.33	501.86	59.48
93	527	270	232	190	221	162	39.29	-78.67	5.01	16244.41	1730.11	2120.19	203.46	494.22	49.31
94	527	270	233	190	221	161	39.70	-78.56	5.15	16240.99	1766.80	2141.18	187.54	482.55	47.99
93	526	269	232	190	221	162	39.42	-78.58	5.13	16252.34	1764.06	2148.52	186.61	488.93	57.14
93	527	269	231	190	221	162	39.64	-78.55	5.17	16213.33	1771.66	2151.09	208.38	489.28	55.84
93	527	269	233	190	221	162	40.14	-78.60	5.27	16206.46	1797.68	2159.34	207.41	443.62	59.69
93	527	270	233	190	221	162	39.55	-78.65	5.21	16227.74	1783.19	2167.37	176.69	442.19	76.76
94	527	270	233	190	221	163	38.61	-78.62	5.09	16225.35	1748.83	2172.40	174.10	482.03	81.47
93	526	269	233	190	221	162	38.31	-78.52	5.05	16198.08	1735.59	2192.78	204.30	497.92	72.30
94	527	269	233	190	220	162	38.68	-78.48	5.16	16195.18	1766.81	2207.54	187.53	477.53	61.33
94	527	269	233	190	220	162	38.43	-78.43	5.14	16216.22	1762.47	2210.77	149.36	506.05	65.27
93	527	270	233	190	220	163	37.07	-78.28	4.99	16208.41	1719.55	2241.03	158.19	557.95	51.95
94	527	269	233	190	220	163	37.14	-78.07	5.09	16190.39	1745.77	2285.38	196.73	542.80	29.30
94	527	269	233	190	220	162	36.67	-78.02	5.14	16205.67	1760.28	2334.31	155.39	506.06	34.89
93	527	270	233	190	220	162	35.65	-78.05	5.03	16214.38	1733.07	2364.59	137.87	484.21	42.35
94	527	269	233	190	220	163	35.54	-78.08	5.02	16193.86	1727.81	2376.96	169.78	472.40	41.38
94	527	268	232	190	219	162	36.10	-78.11	5.12	16189.77	1755.42	2380.52	174.49	445.18	39.46
93	527	270	232	190	220	162	36.14	-78.08	5.15	16189.88	1764.25	2392.29	172.07	446.02	44.54
93	527	270	233	190	220	162	36.03	-78.04	5.17	16183.39	1767.24	2406.28	185.76	447.52	45.16
94	527	270	233	190	220	162	36.40	-77.97	5.24	16173.82	1786.08	2414.96	209.63	449.79	53.50
94	527	271	233	190	220	162	36.14	-77.93	5.24	16162.33	1787.77	2436.81	221.19	431.15	59.78
93	527	270	233	190	220	163	36.15	-77.89	5.27	16169.41	1794.98	2457.77	206.33	429.35	79.09
94	527	270	231	190	220	162	35.52	-77.93	5.19	16164.74	1773.04	2466.88	196.22	430.08	87.58
94	527	271	233	190	220	162	34.94	-77.96	5.13	16151.90	1754.58	2483.94	193.66	424.87	89.05
94	527	271	233	190	220	162	34.66	-78.06	5.10	16165.11	1747.45	2500.54	197.37	404.98	93.55
94	527	271	233	191	220	162	34.12	-78.01	5.04	16172.25	1732.88	2521.32	198.11	412.78	94.42
93	527	271	233	191	220	162	34.03	-77.95	5.06	16164.84	1736.04	2542.25	198.50	408.54	97.40
93	527	270	233	191	220	163	33.61	-77.98	5.01	16169.60	1723.04	2556.54	210.48	400.97	103.03
93	527	270	232	191	220	162	33.63	-77.90	5.06	16154.92	1734.08	2583.51	231.70	390.07	96.08
93	527	271	233	191	220	162	33.87	-77.94	5.12	16152.77	1752.38	2590.93	211.42	360.31	93.13
93	527	272	233	191	220	161	33.81	-78.02	5.11	16156.13	1749.36	2585.79	209.40	341.45	100.87
93	527	271	233	192	220	162	33.89	-78.06	5.11	16143.52	1749.69	2593.90	211.63	328.48	97.03
93	527	271	233	191	219	162	34.12	-78.09	5.15	16135.95	1759.01	2592.40	202.54	310.05	100.63
93	527	272	233	191	220	162	34.04	-78.09	5.15	16134.35	1759.66	2600.78	196.42	301.80	108.94
93	527	271	233	191	220	162	33.80	-78.06	5.14	16127.63	1755.67	2613.94	192.90	298.81	115.10
93	527	271	233	191	218	162	33.32	-78.03	5.10	16121.85	1742.29	2634.85	200.40	294.77	121.34
93	527	271	233	191	219	162	33.11	-78.05	5.08	16116.76	1737.98	2645.50	191.78	282.13	128.22
93	527	271	233	191	220	162	32.83	-78.07	5.04	16123.12	1725.88	2649.23	189.79	285.27	143.61
92	527	272	233	191	219	163	32.52	-78.13	4.97	16110.16	1707.38	2649.57	193.70	287.21	158.83
92	527	271	233	190	219	162	32.26	-78.21	4.95	16107.05	1699.61	2646.69	180.07	263.00	164.14
93	526	271	233	190	220	162	31.68	-78.33	4.87	16124.50	1678.63	2642.35	176.06	248.15	171.43
92	527	272	233	191	219	162	31.45	-78.29	4.83	16136.28	1670.50	2656.84	176.01	250.24	170.01
92	527	271	233	191	220	163	31.30	-78.27	4.82	16129.86	1665.98	2660.40	155.51	255.83	168.06
91	527	272	232	191	218	161	31.50	-78.33	4.84	16107.77	1669.48	2668.98	135.48	226.69	157.11
92	527	271	233	191	220	162	31.49	-78.39	4.83	16130.58	1670.40	2661.93	112.61	222.50	161.05
92	527	272	233	191	220	163	30.96	-78.32	4.78	16129.65	1654.88	2677.83	117.93	240.08	166.05
91	527	272	233	191	219	162	30.73	-78.23	4.79	16120.17	1656.54	2699.34	95.63	243.77	163.80
91	526	271	233	191	220	163	30.11	-78.26	4.72	16120.76	1637.11	2718.17	79.20	224.74	165.31
92	526	271	233	191	220	162	29.89	-78.31	4.68	16129.52	1626.46	2714.86	62.99	218.05	167.29
91	526	271	232	190	220	162	29.47	-78.31	4.61	16134.45	1608.13	2725.72	66.49	213.50	168.23
91	526	272	233	191	220	163	29.55	-78.33	4.60	16129.92	1606.93	2727.63	80.97	206.02	167.57
91	526	272	232	191	220	162	29.81	-78.30	4.67	16121.63	1624.18	2732.85	57.02	199.57	170.39
91	526	271	232	191	220	162	29.40	-78.38	4.61	16118.75	1607.37	2743.41	50.92	179.29	175.22
91	526	271	232	191	219	162	29.27	-78.45	4.57	16119.41	1595.00	2742.84	70.72	169.83	181.81
91	526	271	233	191	221	163	29.29	-78.48	4.54	16119.44	1587.05	2732.50	90.74	176.14	193.17
90	526	271	232	191	220	162	29.14	-78.58	4.50	16117.07	1577.10	2725.67	89.65	161.08	201.41
91	526	272	233	191	221	163	28.23	-78.70	4.36	16121.41	1538.05	2723.79	77.52	151.58	204.74
92	526	272	232	191	221	163	27.58	-78.78	4.22	16147.34	1501.54	2710.20	80.64	165.80	197.95
91	526	272	232	191	220	162	27.18	-78.69	4.13	16165.77	1477.47	2689.29	59.61	217.66	182.40
91	526	272	232	191	220	162	26.55	-78.56	4.05	16132.49	1452.59	2698.82	45.63	250.27	154.33
91	526	272	233	191	220	161	26.85	-78.51	4.10	16125.86	1465.36	2712.68	38.00	239.01	122.57
91	526	272	233	191	219	162	27.09	-78.40	4.15	16140.17	1481.49	2728.25	7.60	252.46	109.19
91	527	273	232	191	219	161	26.91	-78.33	4.11	16129.76	1469.82	2743.04	-8.73	264.99	95.28
92	527	272	232	191	220	162	26.60	-78.33	4.09	16131.87	1464.13	2750.28	-66.45	261.79	72.17
92	527	273	233	191	219	161	25.48	-78.50	3.93	16128.48	1420.32	2762.57	-98.57	225.30	32.01
92	527	273	233	192	219	160	25.83	-78.59	3.97	16158.45	1432.91	2762.64	-142.14	196.13	-11.79
92	527	273	233	191	219	161	25.58	-78.54	3.96	16170.13	1430.86	2762.71	-209.19	223.23	-55.25
92	527	273	233	192	219	161	25.14	-78.54	3.93	16141.02	1421.52	2762.37	-294.28	231.27	-140.39
92	527	273	233	192	218	161	25.38	-78.47	4.01	16125.17	1442.64	2777.86	-339.26	200.10	-222.07
93	527	273	232	192	218	161	25.48	-78.41	4.07	16133.91	1459.71	2804.76	-385.85	174.90	-263.87
93	527	274	232	191	218	162	25.75	-78.38	4.11	16134.22	1470.72	2813.72	-413.96	173.90	-273.22
93	527	273	232	192	219	162	26.03	-78.40	4.21	16092.91	1493.19	2831.04	-435.56	115.01	-285.06
93	527	273	232	191	219	160	26.24	-78.63	4.26	16094.46	1507.13	2837.89	-450.28	31.81	-292.76
94	527	273	232	191	219	161	26.30	-78.78	4.29	16115.14	1517.37	2834.39	-481.22	-7.48	-291.17
94	527	273	232	192	218	161	26.31	-78.83	4.32	16107.98	1524.50	2826.27	-514.66	-24.11	-291.86
94	527	273	231	192	220	161	26.31	-79.05	4.31	16088.38	1522.28	2826.56	-517.02	-91.25	-306.07
94	527	274	231	192	219	159	27.26	-79.20	4.46	16095.76	1564.36	2829.83	-527.37	-168.69	-323.72
95	527	273	230	191	220	160	28.10	-79.25	4.64	16113.77	1613.95	2825.34	-576.30	-215.61	-322.28
95	527	273	231	191	219	161	27.99	-79.58	4.58	16100.08	1597.25	2810.07	-577.29	-274.53	-315.37
95	527	273	230	191	220	160	29.23	-79.88	4.70	16079.28	1628.19	2788.37	-508.88	-374.55	-306.45
95	527	274	230	190	220	161	30.43	-80.25	4.83	16107.32	1666.18	2756.55	-506.68	-482.17	-285.73
95	527	274	230	189	221	161	31.03	-80.38	4.84	16145.95	1672.07	2714.92	-557.45	-476.26	-254.09
95	526	274	230	189	221	161	30.96	-80.57	4.78	16130.85	1655.87	2689.98	-569.97	-493.15	-230.59
95	527	274	229	190	221	160	31.61	-80.84	4.80	16130.71	1660.67	2656.88	-586.48	-542.79	-229.76
96	526	274	228	189	220	161	32.30	-80.95	4.92	16147.17	1695.64	2637.43	-650.95	-590.70	-220.67
95	526	274	227	188	222	161	32.88	-81.09	5.01	16150.41	1719.06	2614.76	-764.55	-634.32	-189.08
96	526	274	226	187	221	161	32.60	-81.39	4.93	16151.69	1699.90	2580.22	-841.18	-662.00	-160.08
95	526	273	226	186	221	161	33.54	-81.55	4.91	16161.11	1693.51	2538.41	-804.57	-672.90	-151.08
96	526	273	226	184	222	160	34.30	-81.57	4.94	16158.25	1702.43	2500.89	-804.94	-656.81	-137.57
96	526	273	224	178	222	161	34.96	-81.61	4.93	16161.14	1698.91	2456.05	-802.19	-628.72	-119.29
96	526	273	223	164	222	160	34.51	-81.79	4.81	16138.28	1665.17	2424.04	-774.58	-640.18	-113.58
97	526	273	222	153	221	161	34.87	-81.90	4.82	16153.77	1667.91	2407.24	-731.60	-661.42	-90.40
97	526	273	222	147	222	161	34.36	-81.97	4.72	16163.68	1640.11	2379.68	-722.62	-640.70	-77.23
97	525	273	222	146	223	161	34.80	-82.04	4.69	16157.90	1633.31	2352.10	-662.64	-636.67	-76.67
98	525	273	222	147	224	161	35.52	-82.22	4.67	16150.80	1627.64	2329.69	-597.31	-667.58	-74.14
97	525	273	222	148	222	161	37.08	-82.28	4.77	16180.26	1655.66	2293.41	-560.39	-684.65	-61.28
97	525	273	222	150	222	161	37.99	-82.36	4.75	16199.65	1652.08	2244.34	-524.68	-664.02	-44.26
97	525	273	222	150	223	161	39.11	-82.40	4.77	16194.27	1658.67	2200.32	-484.04	-652.92	-27.95
97	525	273	222	150	223	161	39.88	-82.51	4.79	16206.35	1664.14	2164.10	-431.64	-665.12	-6.20
97	525	274	222	150	223	161	39.98	-82.64	4.76	16233.83	1657.73	2145.90	-380.61	-681.42	11.46
97	525	274	222	151	223	161	40.22	-82.79	4.71	16262.74	1646.24	2116.60	-335.08	-689.60	29.73
97	525	273	222	152	221	160	40.54	-83.00	4.70	16261.60	1643.33	2080.17	-316.07	-712.47	37.40
97	525	274	222	152	223	161	40.84	-83.36	4.62	16263.32	1622.17	2042.16	-257.02	-767.79	35.18
97	525	275	222	153	222	161	42.84	-83.62	4.69	16289.16	1642.86	1984.46	-199.72	-821.30	36.82
97	525	274	222	154	222	161	45.38	-83.70	4.73	16323.30	1658.91	1913.43	-193.48	-814.29	47.33
97	525	275	222	153	222	162	46.79	-83.74	4.69	16324.33	1646.57	1846.56	-178.86	-774.97	56.36
96	525	275	222	154	222	163	48.13	-83.85	4.64	16317.92	1632.84	1793.23	-141.92	-750.18	56.04
97	525	274	222	154	222	162	49.47	-83.89	4.64	16325.02	1631.20	1738.17	-122.22	-721.77	54.09
98	525	275	222	154	222	161	50.22	-83.88	4.59	16335.57	1619.84	1690.66	-126.46	-671.03	54.89
97	525	274	222	156	222	163	50.92	-83.92	4.52	16320.39	1597.05	1647.53	-97.54	-625.68	44.59
98	525	274	222	156	222	162	52.06	-83.80	4.58	16328.37	1614.39	1596.35	-99.21	-585.09	38.91
97	525	275	222	156	222	162	52.75	-83.77	4.53	16336.75	1603.87	1548.74	-105.20	-535.49	45.42
98	525	274	222	156	222	163	53.67	-83.66	4.55	16335.71	1607.88	1511.90	-104.24	-482.36	49.30
97	525	274	222	156	222	162	53.82	-83.62	4.50	16341.33	1594.69	1483.10	-95.48	-438.90	53.23
97	525	274	222	157	223	162	54.35	-83.53	4.50	16355.86	1594.55	1456.55	-84.90	-391.30	52.97
98	525	274	222	156	221	163	53.96	-83.47	4.45	16353.07	1581.82	1445.32	-105.01	-344.39	50.52
97	525	274	222	156	222	163	53.52	-83.48	4.38	16352.82	1560.73	1425.86	-99.11	-308.27	43.69
98	525	275	222	156	222	162	53.35	-83.46	4.36	16346.78	1554.50	1413.16	-79.15	-287.40	29.56
98	525	274	222	156	222	163	53.82	-83.38	4.40	16359.64	1566.17	1385.30	-97.69	-255.73	26.88
98	525	275	222	157	222	162	52.98	-83.34	4.34	16358.45	1551.06	1373.04	-105.66	-210.40	27.49
97	525	274	222	156	222	163	52.59	-83.27	4.32	16353.53	1544.51	1364.99	-85.58	-182.23	21.41
97	525	274	222	156	222	163	52.50	-83.21	4.31	16356.85	1542.88	1361.34	-64.15	-166.67	20.69
98	525	275	222	156	223	163	52.30	-83.13	4.32	16375.21	1546.34	1360.47	-66.44	-146.28	20.96
98	525	276	222	156	223	163	52.57	-83.09	4.34	16377.25	1550.22	1350.05	-62.52	-131.72	23.66
97	525	275	222	157	223	163	52.35	-83.10	4.30	16391.59	1541.71	1339.34	-67.79	-109.13	22.98
98	525	274	222	157	222	163	51.81	-83.11	4.23	16403.81	1522.43	1332.38	-42.05	-84.78	8.63
97	525	274	222	157	221	163	51.26	-83.04	4.19	16410.62	1511.90	1340.56	-13.70	-55.49	-6.80
97	525	275	222	157	222	162	50.75	-82.97	4.17	16404.89	1507.91	1355.33	13.93	-52.91	-21.96
97	525	274	222	156	222	163	50.64	-82.97	4.20	16411.24	1514.31	1358.96	19.59	-58.57	-32.81
97	525	275	222	157	221	163	49.98	-83.00	4.15	16408.08	1499.80	1361.02	27.41	-57.54	-40.07
97	525	274	222	157	223	163	50.25	-83.04	4.17	16406.48	1506.01	1352.17	63.39	-67.21	-52.37
97	526	275	222	157	222	164	51.16	-83.04	4.25	16397.55	1528.91	1336.56	82.82	-81.95	-63.25
98	526	276	222	160	222	162	52.56	-83.00	4.32	16404.08	1547.86	1305.73	80.33	-75.15	-64.94
97	526	275	223	161	222	162	53.79	-82.86	4.39	16404.07	1567.07	1275.04	81.01	-38.60	-62.69
97	526	275	223	161	222	163	54.91	-82.66	4.50	16382.47	1596.72	1253.29	96.66	-0.72	-60.41
97	527	275	222	162	224	163	55.73	-82.42	4.63	16371.74	1633.48	1242.63	122.58	32.42	-50.29
97	526	275	222	163	222	163	55.57	-82.31	4.68	16368.56	1645.21	1250.89	127.00	51.65	-27.37
96	526	275	222	163	222	163	54.58	-82.33	4.61	16379.53	1628.75	1255.95	117.05	68.57	-3.35
97	526	276	222	163	222	163	53.87	-82.41	4.51	16387.15	1599.31	1242.95	117.90	95.64	10.76
97	526	276	222	162	223	163	54.39	-82.41	4.50	16393.80	1597.34	1224.60	117.55	121.36	13.93
97	526	276	222	163	223	164	54.85	-82.32	4.53	16404.11	1607.48	1204.17	93.42	164.94	19.73
96	526	276	222	163	222	164	54.33	-82.24	4.48	16405.10	1592.70	1201.77	71.95	211.99	20.64
97	526	275	222	163	222	164	54.57	-82.00	4.53	16418.65	1608.47	1200.68	56.71	275.19	21.01
97	526	275	222	163	222	163	53.53	-81.80	4.47	16408.11	1591.44	1225.84	75.82	335.93	23.66
97	527	276	221	163	223	164	52.82	-81.54	4.53	16412.11	1607.07	1266.75	80.53	366.19	20.33
97	526	276	221	164	222	163	51.73	-81.40	4.53	16421.50	1608.92	1307.01	49.05	378.73	17.36
97	526	276	220	164	223	164	50.23	-81.31	4.45	16445.83	1589.87	1335.66	14.50	407.14	12.84
98	527	275	221	163	222	164	48.12	-81.19	4.33	16426.93	1552.18	1383.48	14.17	422.53	-13.80
97	526	275	221	166	223	163	47.70	-81.08	4.41	16425.99	1576.17	1427.51	5.42	394.21	-40.86
97	526	275	221	166	221	163	46.77	-81.10	4.45	16437.89	1586.36	1476.73	-55.15	349.70	-50.67
97	527	276	221	166	222	163	45.75	-81.17	4.41	16451.79	1577.24	1509.29	-120.10	316.86	-56.13
97	527	275	221	166	223	163	44.85	-81.41	4.34	16419.40	1554.98	1516.23	-141.34	266.82	-74.03
97	526	275	221	167	223	162	46.03	-81.56	4.46	16417.83	1588.43	1499.42	-153.92	202.78	-94.38
97	527	275	221	166	222	164	47.47	-81.75	4.54	16408.34	1611.41	1461.25	-226.18	154.59	-94.51
97	527	276	221	166	221	163	50.77	-82.10	4.42	16398.92	1577.64	1381.78	-278.77	144.56	-87.08
96	526	275	221	167	222	163	52.34	-82.31	4.27	16391.58	1534.96	1322.10	-311.13	182.98	-119.03
97	527	275	221	167	222	163	51.95	-82.28	4.18	16379.60	1506.01	1290.99	-319.82	244.63	-172.43
97	527	275	220	167	223	163	50.81	-82.16	4.11	16364.02	1487.31	1299.84	-343.38	289.60	-217.65
97	527	276	221	166	222	163	49.08	-82.19	4.01	16353.62	1457.14	1309.65	-415.71	301.92	-267.37
97	527	276	221	167	223	163	47.61	-82.09	3.95	16354.13	1440.69	1336.57	-461.83	320.37	-327.00
96	527	276	220	167	223	163	46.89	-81.85	4.04	16346.83	1466.85	1388.74	-495.39	322.81	-394.15
98	527	276	220	167	223	163	46.41	-81.70	4.17	16349.69	1502.11	1425.50	-557.72	296.17	-446.75
97	527	276	221	166	222	162	46.11	-81.60	4.30	16350.40	1538.40	1467.23	-602.08	258.56	-491.36
97	527	275	221	167	222	162	46.13	-81.48	4.51	16352.48	1598.28	1510.26	-630.63	204.33	-539.59
97	528	277	222	168	223	162	46.46	-81.47	4.72	16357.66	1656.77	1531.75	-677.00	138.26	-587.26
97	528	277	221	167	223	161	47.02	-81.54	4.88	16354.77	1702.53	1531.36	-735.90	70.15	-628.60
96	528	278	221	168	223	160	47.94	-81.68	4.97	16364.83	1727.40	1513.40	-760.25	16.74	-679.67
96	528	277	220	168	223	160	49.40	-81.65	5.11	16376.79	1767.03	1483.33	-748.59	8.31	-727.93
97	528	277	221	168	222	160	50.43	-81.48	5.25	16356.55	1806.88	1464.36	-762.91	25.34	-778.99
97	528	276	221	168	223	160	51.59	-81.16	5.51	16340.92	1878.54	1446.94	-807.31	44.22	-821.49
96	528	277	221	167	224	160	52.58	-80.91	5.71	16317.88	1933.81	1415.99	-896.75	66.16	-851.11
97	528	278	221	168	223	161	53.64	-80.80	5.81	16296.58	1959.32	1387.19	-973.01	89.85	-877.96
96	528	277	221	168	223	162	54.53	-80.53	5.94	16282.35	1993.55	1363.64	-1005.41	149.21	-915.36
97	528	276	220	168	223	162	54.65	-80.03	6.17	16257.44	2054.88	1389.45	-1033.34	216.40	-940.04
96	528	277	221	168	223	162	54.33	-79.62	6.32	16239.16	2095.73	1421.38	-1074.47	272.13	-947.44
97	528	277	220	168	222	162	53.41	-79.22	6.42	16224.41	2121.35	1483.11	-1089.60	320.07	-960.17
97	528	276	221	168	222	161	53.20	-78.77	6.67	16201.58	2190.88	1546.16	-1069.67	336.92	-964.76
96	528	277	220	167	221	163	53.31	-78.49	6.94	16202.71	2264.53	1582.45	-1088.99	332.72	-939.37
96	528	277	221	168	223	163	53.08	-78.32	7.09	16191.77	2306.51	1617.33	-1109.09	324.89	-912.95
96	528	278	220	168	223	163	53.18	-78.14	7.26	16187.38	2353.58	1642.66	-1092.68	316.59	-895.86
97	528	277	220	168	223	163	53.35	-77.87	7.52	16182.81	2425.10	1663.73	-1082.60	312.71	-870.16
96	528	277	220	168	223	163	53.29	-77.75	7.65	16169.87	2462.65	1688.74	-1093.82	303.98	-841.50
96	528	278	220	168	222	163	53.50	-77.72	7.76	16170.18	2492.12	1696.30	-1116.73	290.88	-813.83
97	528	277	219	168	223	163	53.41	-77.77	7.81	16166.67	2505.11	1696.49	-1140.19	281.74	-794.24
96	528	277	220	168	223	163	53.44	-77.73	7.87	16171.93	2523.65	1701.26	-1135.28	291.40	-794.53
97	528	277	219	167	223	163	53.66	-77.41	8.10	16156.74	2587.47	1719.80	-1173.92	306.98	-782.25
97	528	276	219	168	223	162	53.07	-77.33	8.14	16155.30	2596.50	1750.61	-1208.17	308.18	-767.19
96	528	277	220	168	222	163	52.99	-77.13	8.23	16152.94	2622.07	1782.88	-1179.66	325.12	-771.38
97	528	277	220	168	223	164	52.95	-76.74	8.48	16139.29	2690.17	1834.54	-1165.08	335.21	-761.46
96	528	277	220	168	222	163	52.62	-76.58	8.62	16133.12	2728.86	1883.61	-1158.23	319.35	-743.59
97	528	277	219	169	223	162	52.67	-76.34	8.84	16121.07	2789.22	1937.03	-1114.71	298.19	-730.26
96	528	277	220	168	223	163	52.91	-76.07	9.15	16110.01	2875.16	1993.58	-1068.13	270.48	-689.54
97	528	277	219	169	223	163	52.66	-75.98	9.29	16105.51	2915.60	2048.30	-1027.12	226.60	-628.42
96	528	277	219	168	222	163	52.49	-76.02	9.36	16095.84	2932.02	2094.28	-941.42	183.37	-577.30
97	528	278	219	168	222	163	53.27	-75.99	9.58	16090.25	2994.42	2106.97	-833.50	127.30	-527.73
97	528	277	219	168	222	163	54.28	-75.84	9.87	16080.33	3074.50	2105.42	-767.42	89.89	-460.19
97	528	278	219	168	223	163	55.01	-75.66	10.14	16061.12	3147.77	2113.35	-713.75	55.09	-365.43
97	528	279	219	168	223	163	54.98	-75.79	10.14	16036.46	3143.18	2130.68	-617.26	21.64	-255.36
98	528	277	219	168	223	163	55.56	-75.87	10.11	16038.44	3135.62	2139.75	-381.70	14.76	-158.99
97	528	277	219	168	223	163	56.27	-75.80	10.23	16021.91	3165.04	2148.16	-212.91	2.97	-54.79
97	528	278	219	168	223	164	56.62	-75.91	10.28	16009.02	3178.19	2146.75	-139.52	-32.08	79.44
97	527	277	219	168	223	163	55.63	-76.45	9.97	16019.97	3091.28	2139.01	8.01	-72.07	202.92
96	527	277	219	169	223	163	55.83	-76.62	9.83	16019.37	3051.92	2136.26	238.21	-71.37	282.58
97	527	277	219	168	223	163	56.90	-76.63	9.93	16006.60	3076.32	2127.05	398.55	-79.45	374.65
97	526	276	219	168	222	163	57.09	-76.87	9.87	16000.47	3060.70	2115.30	442.17	-113.18	496.87
97	526	276	219	168	223	164	56.43	-77.47	9.54	16008.85	2967.47	2088.13	551.81	-153.02	609.12
97	526	277	219	168	223	163	57.54	-77.72	9.38	16018.01	2925.70	2041.33	756.02	-142.52	673.22
97	526	276	218	168	223	164	59.36	-77.51	9.56	16014.11	2975.81	1998.86	930.32	-117.14	752.76
97	526	276	218	168	222	164	60.31	-77.36	9.73	16001.60	3019.62	1973.32	987.40	-104.44	877.32
97	526	275	219	168	221	164	59.69	-77.76	9.46	16009.72	2946.04	1954.65	1043.33	-115.16	1014.70
97	526	277	219	168	222	164	59.43	-78.15	9.16	16035.83	2865.74	1922.32	1195.02	-103.41	1125.72
96	526	277	219	168	223	165	60.29	-78.32	9.02	16062.84	2830.05	1879.80	1317.72	-82.54	1221.13
97	525	277	219	168	223	165	62.00	-78.49	8.95	16073.30	2813.15	1815.41	1332.53	-64.36	1338.37
97	526	276	219	167	222	166	57.44	-78.98	8.42	16100.23	2669.09	1779.04	1348.00	-41.94	1466.16
97	525	277	219	168	222	166	53.55	-79.36	7.90	16121.02	2526.04	1746.89	1500.00	-4.59	1530.55
97	526	277	219	168	223	167	51.90	-79.50	7.53	16134.37	2422.73	1721.15	1651.65	55.44	1561.92
97	526	277	219	168	222	167	50.34	-79.63	7.21	16152.85	2336.60	1715.89	1736.72	98.56	1587.17
97	526	276	218	168	223	167	47.34	-79.79	6.78	16163.21	2215.37	1718.89	1805.53	121.69	1593.57
97	526	278	218	168	223	167	45.81	-79.97	6.44	16185.45	2124.80	1703.55	1901.66	160.25	1578.24
97	525	277	219	168	223	168	44.45	-80.12	6.17	16186.98	2049.36	1694.17	1971.27	195.64	1548.38
97	526	277	219	168	223	167	43.75	-80.19	5.94	16213.83	1985.89	1693.86	2066.96	235.21	1502.81
97	525	277	219	168	222	167	43.72	-80.06	5.81	16231.34	1953.80	1710.57	2129.81	291.60	1461.07