165	544	309	233	194	212	152	-19.28	-38.84	-24.97	10025.80	-4180.97	11921.65	294.13	-328.37	501.59
164	544	310	233	194	212	153	-19.40	-39.07	-24.87	10050.91	-4171.32	11884.77	258.38	-316.95	475.11
165	544	310	233	194	213	151	-19.55	-39.18	-24.84	10064.77	-4171.35	11836.73	235.86	-283.95	445.05
164	544	310	233	194	211	152	-19.65	-39.06	-24.92	10065.13	-4188.19	11813.29	233.86	-227.85	403.95
165	544	311	233	195	212	152	-19.50	-38.79	-24.93	10059.87	-4188.98	11815.63	259.42	-156.16	365.20
165	544	310	233	195	212	152	-19.26	-38.42	-24.94	10031.88	-4176.73	11838.25	278.15	-96.05	334.14
165	545	310	233	195	212	153	-19.19	-38.16	-25.01	9989.88	-4172.89	11875.33	253.79	-82.95	301.39
165	544	310	233	195	212	153	-19.27	-38.11	-25.08	9970.19	-4177.25	11907.37	211.65	-98.25	273.87
165	544	310	233	195	212	153	-19.40	-38.07	-25.19	9960.08	-4195.78	11914.80	189.17	-100.94	258.57
165	544	310	233	194	211	152	-19.30	-38.06	-25.18	9946.67	-4186.60	11914.86	187.86	-105.24	240.65
165	544	310	233	195	212	153	-19.38	-38.11	-25.21	9931.14	-4184.87	11906.91	166.67	-115.78	210.56
165	544	310	233	194	212	152	-19.38	-38.13	-25.15	9933.18	-4174.02	11889.97	143.64	-105.14	194.38
165	544	310	233	195	211	152	-19.34	-38.10	-25.11	9929.92	-4164.52	11881.87	135.90	-88.93	185.02
165	544	310	233	195	211	153	-19.33	-38.09	-25.09	9928.83	-4159.50	11867.98	131.56	-66.59	165.16
165	544	310	233	195	211	153	-19.35	-37.99	-25.08	9930.79	-4159.52	11860.98	122.98	-22.26	141.46
165	544	310	233	195	212	153	-19.36	-37.82	-25.06	9926.45	-4151.94	11852.33	103.08	31.20	120.88
165	544	310	233	195	212	152	-19.37	-37.72	-25.11	9917.33	-4158.35	11856.91	102.43	64.64	94.39
165	544	310	233	195	212	152	-19.32	-37.64	-25.12	9916.46	-4159.83	11861.47	111.06	91.56	68.37
165	544	310	233	195	212	153	-19.29	-37.61	-25.15	9904.24	-4160.84	11862.79	113.90	95.48	31.60
165	544	310	233	195	211	153	-19.37	-37.67	-25.11	9914.02	-4157.20	11860.66	79.71	97.81	-9.28
164	544	310	233	194	212	153	-19.35	-37.54	-25.18	9915.32	-4170.54	11878.42	92.02	126.27	-34.11
165	544	310	233	194	212	153	-19.01	-37.43	-25.08	9895.16	-4142.61	11897.90	124.67	132.21	-56.71
165	544	310	233	195	211	152	-18.85	-37.49	-25.01	9882.40	-4121.68	11911.61	126.09	103.20	-79.22
165	544	311	233	195	211	153	-18.90	-37.52	-25.05	9873.48	-4125.39	11927.23	120.68	85.79	-98.36
165	544	311	233	195	212	154	-18.82	-37.59	-25.01	9866.00	-4115.32	11928.06	122.55	62.75	-126.49
165	544	312	233	195	212	152	-18.92	-37.79	-24.98	9869.90	-4109.36	11927.06	99.47	23.21	-157.12
165	544	313	233	195	212	154	-18.95	-37.92	-25.03	9883.41	-4126.09	11914.11	112.05	-2.60	-189.26
165	544	314	233	195	211	154	-18.72	-38.04	-24.83	9882.04	-4085.59	11897.60	116.20	-14.47	-216.50
165	544	314	233	195	212	153	-18.75	-38.16	-24.71	9880.34	-4059.51	11883.12	76.39	-23.60	-239.98
165	543	314	234	195	212	153	-18.85	-38.29	-24.72	9890.92	-4065.93	11861.57	60.77	-27.17	-270.28
165	544	314	233	195	211	153	-18.74	-38.34	-24.59	9898.97	-4044.63	11836.49	70.73	-7.36	-297.01
164	544	315	233	195	212	154	-18.56	-38.35	-24.40	9913.22	-4012.00	11824.07	69.49	16.06	-319.86
165	544	315	233	195	212	153	-18.56	-38.25	-24.34	9906.76	-3997.40	11826.46	50.17	42.71	-334.32
165	544	314	233	195	212	154	-18.50	-38.26	-24.30	9898.03	-3986.93	11832.94	38.81	37.47	-353.05
164	544	314	233	195	211	154	-18.72	-38.20	-24.31	9898.72	-3987.19	11853.29	-27.68	43.20	-372.85
165	543	314	233	195	211	154	-18.79	-38.23	-24.27	9912.59	-3985.83	11866.03	-64.25	46.44	-397.06
164	544	314	233	195	212	154	-18.92	-38.18	-24.27	9927.96	-3992.34	11882.12	-101.08	61.72	-432.25
164	544	314	233	194	213	154	-18.66	-38.07	-24.12	9969.76	-3981.92	11918.42	-68.18	103.88	-482.79
164	544	314	233	195	211	154	-18.36	-37.70	-24.01	9983.67	-3964.62	11971.70	-40.32	186.04	-535.60
164	544	314	233	194	211	154	-18.07	-37.38	-23.93	9984.09	-3949.19	12014.11	-5.16	254.33	-593.42
164	544	314	233	195	212	154	-17.80	-37.03	-23.87	9984.48	-3937.13	12049.41	33.20	334.82	-654.50
164	543	313	233	194	212	154	-17.34	-36.67	-23.77	9957.26	-3906.27	12076.14	100.49	395.48	-716.33
164	544	313	233	195	212	154	-17.06	-36.51	-23.61	9931.59	-3862.16	12081.93	106.92	432.80	-771.96
164	543	313	232	194	213	154	-17.09	-36.44	-23.60	9916.61	-3853.45	12059.43	103.37	465.26	-817.11
164	544	314	233	194	213	155	-17.14	-36.35	-23.60	9892.78	-3842.78	12016.06	108.10	505.80	-859.81
164	543	314	232	194	212	154	-17.15	-36.41	-23.48	9914.34	-3828.24	11993.26	98.55	543.61	-916.02
164	543	314	232	195	212	154	-17.33	-36.07	-23.58	9906.03	-3845.83	11983.00	94.57	642.68	-964.72
163	539	311	230	193	211	153	-16.91	-35.78	-23.39	9889.52	-3800.54	11989.85	132.24	729.24	-1018.68
164	542	313	232	194	212	153	-16.34	-35.31	-23.10	9846.65	-3724.71	12034.15	144.48	794.73	-1058.15
164	543	313	232	194	211	153	-15.46	-34.81	-22.68	9785.32	-3616.08	12095.65	190.91	845.70	-1064.19
165	543	313	233	195	212	154	-14.64	-34.47	-22.42	9741.05	-3548.47	12145.86	305.41	878.66	-1048.53
164	542	313	232	194	211	154	-13.68	-34.22	-22.14	9711.40	-3482.25	12197.97	451.69	904.98	-1033.95
164	542	313	232	194	210	154	-12.85	-34.06	-21.67	9660.63	-3372.54	12265.47	511.21	881.73	-1023.05
164	541	313	232	194	210	154	-12.71	-34.24	-21.28	9626.20	-3286.31	12329.00	409.75	773.69	-1022.40
163	540	312	232	194	210	154	-13.29	-34.68	-21.18	9614.69	-3262.79	12364.55	226.41	634.46	-1033.83
164	539	312	232	193	210	153	-13.74	-35.21	-21.28	9654.75	-3297.85	12367.32	169.34	520.34	-1055.04
163	538	312	232	194	210	154	-13.48	-35.44	-21.15	9680.81	-3284.96	12348.95	232.72	510.17	-1077.49
163	538	312	231	193	209	153	-13.01	-35.58	-20.78	9669.17	-3210.91	12324.91	255.53	499.16	-1107.81
163	537	312	231	193	210	153	-12.72	-35.75	-20.33	9661.71	-3123.77	12300.26	207.76	475.35	-1131.27
162	537	311	231	193	209	153	-12.67	-35.82	-20.05	9639.03	-3062.38	12264.45	144.82	478.43	-1143.31
162	536	311	231	192	208	152	-12.24	-35.59	-19.68	9607.08	-2984.26	12268.03	144.73	518.66	-1140.54
162	536	311	231	193	209	152	-11.47	-35.09	-19.32	9539.92	-2895.25	12323.62	211.14	553.33	-1092.62
161	535	311	230	192	209	152	-11.01	-34.86	-18.89	9471.73	-2794.48	12376.24	192.89	520.86	-1014.64
162	536	312	231	193	210	150	-11.36	-35.10	-18.88	9428.14	-2777.96	12403.63	84.99	404.77	-952.40
162	536	312	231	193	210	152	-11.69	-35.54	-18.95	9440.13	-2794.66	12412.45	34.79	290.53	-902.93
162	536	312	232	193	210	151	-11.81	-35.91	-18.82	9452.53	-2774.93	12388.83	-7.05	230.20	-836.79
162	536	312	231	193	209	152	-12.09	-36.21	-18.79	9442.10	-2765.78	12348.98	-70.75	179.59	-783.40
162	536	312	231	193	209	151	-12.23	-36.48	-18.76	9443.79	-2760.49	12330.53	-97.11	132.06	-738.38
162	536	312	231	193	210	151	-12.32	-36.62	-18.73	9446.01	-2757.47	12322.01	-112.05	103.11	-684.26
162	536	313	232	193	210	151	-12.41	-36.80	-18.61	9457.50	-2739.39	12310.71	-152.20	77.56	-630.85
161	536	314	232	193	210	150	-12.66	-36.91	-18.57	9477.63	-2738.23	12302.57	-194.44	75.53	-568.35
162	536	314	232	193	210	149	-12.70	-36.80	-18.64	9487.35	-2755.71	12311.44	-170.72	103.60	-507.74
162	536	314	232	193	210	149	-12.53	-36.69	-18.58	9483.78	-2743.73	12331.47	-140.68	113.12	-465.45
162	537	314	232	193	211	149	-12.63	-36.79	-18.47	9486.19	-2724.34	12335.10	-187.25	90.87	-431.23
162	537	312	232	193	210	150	-12.92	-36.96	-18.53	9507.68	-2741.52	12331.34	-231.94	66.62	-390.22
162	536	310	231	193	209	149	-13.04	-36.98	-18.64	9522.10	-2765.05	12333.57	-219.24	67.04	-353.25
162	536	309	231	194	211	148	-12.98	-36.99	-18.68	9520.99	-2773.20	12347.70	-195.68	52.79	-335.59
162	536	307	231	194	209	149	-12.68	-36.93	-18.51	9535.54	-2747.54	12389.11	-172.74	46.05	-296.26
163	536	305	231	193	209	149	-12.50	-36.88	-18.43	9527.96	-2730.36	12427.25	-155.86	16.40	-252.00
162	536	304	231	193	210	149	-12.54	-37.05	-18.42	9525.37	-2728.44	12448.29	-165.01	-46.52	-218.10
162	537	304	231	193	210	149	-12.57	-37.37	-18.45	9557.10	-2744.22	12446.68	-141.06	-102.60	-182.59
162	536	303	231	194	209	148	-12.54	-37.57	-18.43	9577.64	-2747.21	12424.14	-115.71	-122.77	-154.91
162	537	303	231	194	209	148	-12.68	-37.81	-18.41	9601.36	-2751.65	12373.53	-121.82	-124.83	-132.47
162	536	303	231	193	209	150	-12.94	-37.88	-18.50	9617.89	-2774.67	12350.26	-140.13	-117.14	-132.00
162	537	303	231	193	210	150	-12.86	-37.92	-18.52	9634.00	-2783.73	12335.15	-96.18	-107.18	-129.10
162	537	302	231	192	209	149	-12.68	-38.01	-18.35	9649.70	-2756.75	12307.59	-81.87	-94.32	-117.54
162	537	304	231	193	210	150	-12.65	-38.10	-18.25	9661.41	-2742.31	12290.81	-84.87	-92.16	-105.01
162	536	304	231	194	210	150	-12.75	-38.13	-18.25	9681.54	-2749.19	12284.67	-95.58	-83.55	-95.36
163	536	304	231	193	209	150	-12.78	-38.17	-18.28	9705.06	-2762.13	12288.63	-81.35	-81.02	-92.69
162	536	304	231	193	209	149	-12.96	-38.21	-18.29	9727.01	-2771.23	12287.20	-105.48	-68.07	-89.71
163	537	304	231	193	209	150	-13.06	-38.17	-18.37	9734.26	-2789.06	12273.64	-102.36	-53.07	-104.22
162	536	304	231	193	210	150	-13.00	-38.19	-18.29	9751.75	-2779.81	12272.36	-108.09	-42.61	-112.71
163	536	304	231	193	209	149	-12.86	-38.20	-18.24	9760.36	-2774.22	12283.94	-89.24	-46.23	-111.88
163	536	304	231	194	210	150	-12.90	-38.17	-18.25	9760.14	-2775.31	12272.14	-88.38	-37.87	-109.38
163	536	304	231	194	210	150	-12.64	-38.02	-18.11	9755.54	-2748.94	12296.14	-75.96	-18.23	-114.36
164	536	305	231	193	210	150	-12.34	-37.87	-17.98	9742.76	-2720.30	12342.73	-52.01	-21.42	-92.40
165	536	304	231	194	210	151	-12.22	-37.86	-17.96	9725.42	-2711.68	12365.59	-37.86	-59.24	-67.33
166	536	304	231	194	210	150	-12.33	-38.10	-17.93	9735.55	-2708.30	12362.71	-68.57	-109.33	-59.41
165	536	304	231	193	210	151	-12.47	-38.34	-17.93	9761.17	-2717.28	12342.18	-87.79	-142.17	-47.74
166	537	304	231	194	209	151	-12.68	-38.57	-18.02	9777.71	-2738.42	12306.87	-87.90	-165.31	-43.75
167	536	304	231	194	209	151	-12.94	-38.90	-18.11	9809.23	-2765.30	12247.72	-87.80	-185.64	-57.87
167	536	305	231	193	209	151	-13.21	-39.10	-18.17	9846.37	-2788.03	12191.14	-98.76	-161.91	-67.87
168	536	305	231	194	209	151	-13.27	-39.01	-18.24	9847.45	-2803.83	12155.78	-80.27	-110.76	-83.58
168	537	304	231	193	208	151	-13.09	-38.99	-18.07	9850.48	-2772.44	12125.19	-83.81	-79.58	-103.05
168	537	305	231	193	210	151	-13.31	-39.01	-18.00	9870.15	-2765.02	12093.93	-144.02	-47.75	-112.85
168	537	305	231	193	209	151	-13.47	-38.88	-18.09	9881.44	-2785.77	12099.64	-151.72	-7.11	-127.85
168	536	305	231	193	209	152	-13.30	-38.66	-18.00	9880.57	-2768.48	12116.25	-142.28	33.30	-132.66
168	536	305	231	194	209	151	-13.44	-38.66	-17.95	9883.94	-2761.45	12119.64	-187.77	32.23	-153.48
167	537	306	230	193	210	152	-14.02	-38.73	-18.14	9912.35	-2805.98	12116.66	-273.73	30.82	-173.65
169	537	305	231	194	209	152	-14.28	-38.74	-18.35	9949.93	-2857.08	12101.83	-268.89	58.68	-203.47
169	537	306	231	194	209	152	-14.26	-38.60	-18.37	9958.83	-2863.23	12094.53	-254.80	107.94	-238.45
169	537	306	231	194	209	153	-14.40	-38.39	-18.45	9943.89	-2873.67	12083.21	-271.21	147.45	-276.18
169	537	306	231	194	210	152	-14.61	-38.43	-18.44	9944.10	-2872.38	12054.65	-319.90	153.87	-334.77
169	537	306	231	193	209	152	-14.78	-38.24	-18.58	9943.89	-2896.56	12046.71	-332.90	208.43	-377.53
170	537	306	231	194	208	153	-14.40	-37.78	-18.42	9900.70	-2852.14	12041.78	-312.36	297.16	-388.10
169	537	306	231	194	210	153	-14.23	-37.56	-18.20	9856.06	-2797.73	12035.69	-362.44	320.90	-401.90
169	537	306	231	193	209	152	-14.64	-37.45	-18.34	9848.26	-2820.04	12033.91	-427.92	336.16	-407.20
169	538	306	231	194	209	153	-14.67	-37.17	-18.38	9854.65	-2831.24	12039.41	-422.67	409.75	-396.34
170	537	307	231	194	210	153	-14.50	-36.79	-18.34	9837.51	-2816.08	12068.84	-420.94	477.66	-383.33
169	538	307	231	194	210	153	-14.62	-36.57	-18.39	9820.44	-2822.47	12105.20	-456.04	499.58	-383.51
169	538	307	231	193	209	153	-14.76	-36.39	-18.51	9814.41	-2841.95	12141.54	-481.04	515.05	-383.53
169	538	307	231	194	209	154	-14.65	-36.29	-18.50	9816.29	-2839.05	12175.06	-476.94	518.75	-388.56
169	538	307	231	194	209	153	-14.73	-36.17	-18.61	9804.48	-2855.10	12210.51	-493.79	518.46	-388.73
170	538	307	232	194	210	153	-14.68	-36.15	-18.57	9800.26	-2847.34	12228.18	-508.65	512.89	-385.94
170	538	307	231	194	210	153	-14.61	-36.12	-18.69	9785.84	-2865.58	12255.97	-476.42	500.29	-397.30
170	538	307	231	194	210	153	-14.55	-36.00	-18.71	9767.75	-2862.70	12281.17	-474.55	511.93	-406.48
169	538	308	231	194	209	154	-14.52	-35.96	-18.63	9765.76	-2846.76	12286.32	-500.17	528.33	-404.36
170	538	307	231	194	209	154	-14.57	-35.75	-18.80	9741.88	-2870.03	12303.20	-486.86	551.51	-402.74
169	538	307	231	194	209	153	-14.33	-35.58	-18.85	9705.58	-2866.32	12329.84	-440.82	549.74	-405.95
170	538	307	231	194	209	154	-14.26	-35.55	-18.81	9683.50	-2851.81	12346.35	-453.98	538.70	-409.50
170	538	308	231	194	209	154	-14.35	-35.49	-18.90	9662.73	-2860.82	12345.03	-464.48	540.57	-397.58
170	538	307	231	194	209	152	-14.31	-35.39	-19.00	9631.59	-2869.38	12342.38	-441.71	545.24	-386.90
170	538	307	231	194	210	153	-14.30	-35.29	-19.08	9601.21	-2873.11	12335.86	-428.37	547.98	-369.96
170	538	308	231	194	210	153	-14.45	-35.22	-19.25	9574.95	-2893.65	12327.27	-429.80	544.53	-351.91
170	538	308	231	194	209	154	-14.50	-35.14	-19.37	9550.00	-2906.37	12326.70	-424.46	546.90	-333.66
169	538	308	231	194	209	154	-14.61	-35.06	-19.45	9525.30	-2912.45	12327.97	-432.19	543.81	-308.43
170	539	308	231	194	209	153	-14.84	-35.12	-19.61	9514.04	-2937.23	12325.37	-452.18	524.87	-292.06
170	539	308	231	194	208	153	-15.05	-35.00	-19.85	9514.54	-2980.17	12342.10	-457.72	542.42	-271.70
170	539	308	231	194	209	153	-15.01	-34.84	-19.93	9507.21	-2992.96	12358.39	-437.18	570.45	-246.07
170	538	308	231	194	209	154	-15.07	-34.70	-20.05	9490.25	-3009.91	12381.67	-436.67	566.48	-233.32
170	538	308	231	194	209	153	-15.15	-34.62	-20.19	9476.54	-3028.82	12415.39	-441.64	555.30	-227.05
170	538	308	231	194	209	154	-15.15	-34.57	-20.23	9464.51	-3031.97	12430.42	-440.81	547.24	-221.75
170	539	308	231	195	209	154	-15.00	-34.51	-20.20	9451.68	-3022.58	12460.50	-430.97	537.88	-215.36
170	539	308	231	194	209	154	-14.97	-34.43	-20.35	9426.50	-3039.25	12494.07	-413.72	515.73	-209.54
170	539	308	231	194	208	154	-14.94	-34.55	-20.37	9419.77	-3040.28	12502.37	-401.28	472.65	-210.02
170	539	308	231	194	209	153	-14.99	-34.59	-20.55	9417.19	-3071.67	12515.05	-376.37	452.31	-209.46
170	539	308	231	194	209	154	-14.73	-34.54	-20.54	9405.93	-3065.09	12533.70	-327.95	449.75	-204.69
170	539	308	231	194	209	154	-14.50	-34.47	-20.58	9373.43	-3060.43	12565.41	-284.15	415.56	-209.31
170	539	308	231	195	209	154	-14.26	-34.56	-20.51	9352.56	-3041.21	12584.54	-256.85	360.08	-201.59
170	539	308	231	195	209	154	-14.09	-34.63	-20.48	9337.13	-3029.95	12596.72	-231.60	320.68	-177.81
170	539	308	230	194	209	153	-13.93	-34.72	-20.45	9320.67	-3018.05	12583.68	-202.02	294.40	-147.72
170	539	309	230	195	209	154	-13.76	-34.79	-20.48	9304.44	-3018.15	12561.50	-156.22	274.18	-108.18
170	539	308	231	194	208	154	-13.58	-34.77	-20.52	9289.02	-3019.24	12558.42	-98.21	270.27	-69.08
169	539	309	230	194	209	153	-13.35	-34.81	-20.43	9285.57	-3001.68	12557.70	-55.55	264.30	-33.92
170	539	309	230	194	210	153	-13.55	-34.83	-20.51	9285.89	-3016.00	12549.01	-77.22	268.19	3.02
170	539	309	230	195	210	153	-13.70	-34.90	-20.63	9283.39	-3036.60	12520.96	-74.61	273.48	29.87
171	539	309	230	195	208	154	-13.74	-34.94	-20.70	9283.22	-3048.17	12510.71	-48.78	275.60	49.63
170	539	309	230	195	209	153	-13.73	-34.92	-20.74	9288.66	-3057.96	12516.18	-29.14	289.17	66.95
170	538	308	230	195	209	154	-13.55	-34.80	-20.75	9282.63	-3058.66	12539.17	10.56	297.62	88.25
170	539	308	231	195	208	153	-13.58	-34.78	-20.79	9274.50	-3061.93	12565.81	2.94	279.83	103.84
170	538	309	230	194	209	154	-13.68	-34.88	-20.92	9277.97	-3085.23	12592.32	3.84	230.84	99.35
170	539	308	230	194	208	154	-13.73	-35.00	-20.95	9284.27	-3093.17	12600.50	3.75	200.05	100.08
171	539	308	231	194	209	153	-13.60	-35.21	-20.79	9288.86	-3066.31	12569.48	3.16	184.45	104.52
170	539	309	230	195	208	153	-13.72	-35.27	-20.80	9283.01	-3067.79	12542.20	-14.30	183.58	101.40
170	539	309	231	195	208	154	-13.63	-35.17	-20.81	9277.26	-3066.80	12540.09	13.52	206.00	105.13
170	538	308	231	195	208	154	-13.47	-35.04	-20.75	9258.40	-3048.46	12532.49	29.49	228.90	115.77
170	539	309	230	195	210	154	-13.55	-34.95	-20.80	9239.88	-3050.04	12528.86	14.47	238.75	126.08
170	538	309	230	194	210	155	-13.64	-34.76	-20.89	9228.69	-3062.74	12542.82	5.14	264.76	139.53
170	538	308	230	195	208	153	-13.49	-34.50	-20.95	9202.05	-3062.00	12575.68	28.39	283.83	160.60
170	539	308	230	194	209	154	-13.44	-34.44	-20.93	9174.75	-3048.90	12614.29	9.47	249.54	176.07
170	539	309	230	195	210	154	-13.73	-34.60	-21.05	9179.81	-3071.26	12624.98	-39.61	200.66	191.87
170	539	309	230	195	209	154	-13.95	-34.76	-21.22	9186.22	-3103.29	12616.93	-48.23	163.33	203.98
170	539	309	230	195	209	154	-14.05	-34.88	-21.38	9199.11	-3137.53	12612.88	-17.61	141.61	204.58
170	539	309	230	195	209	154	-13.97	-34.89	-21.38	9206.75	-3140.45	12623.64	3.32	140.43	209.20
170	539	309	230	195	209	154	-14.00	-34.96	-21.41	9196.82	-3142.23	12632.66	5.60	107.81	200.19
171	539	310	230	195	210	154	-14.10	-35.19	-21.38	9212.98	-3143.12	12628.23	-13.33	60.27	187.53
171	539	309	229	194	209	154	-14.17	-35.27	-21.39	9219.93	-3147.36	12615.41	-19.46	46.60	188.65
171	539	310	230	195	210	154	-14.15	-35.31	-21.41	9201.13	-3144.99	12598.64	-10.09	32.97	178.07
170	539	309	229	194	210	154	-14.24	-35.43	-21.44	9192.47	-3146.54	12561.51	-26.64	7.82	172.82
171	539	309	229	195	209	155	-14.38	-35.59	-21.45	9202.45	-3151.62	12525.43	-45.40	3.78	169.98
170	539	309	229	195	209	155	-14.52	-35.55	-21.60	9192.13	-3173.24	12493.16	-34.48	21.74	167.53
170	539	309	230	195	209	154	-14.48	-35.51	-21.53	9174.72	-3154.17	12471.70	-34.76	38.46	165.15
170	539	309	230	194	210	155	-14.58	-35.53	-21.48	9175.38	-3145.07	12452.72	-81.52	45.18	165.54
170	539	310	230	195	210	155	-14.93	-35.42	-21.64	9186.41	-3179.41	12446.08	-119.45	82.18	171.67
170	539	310	229	195	210	155	-14.82	-35.14	-21.73	9180.49	-3192.84	12455.58	-76.47	142.82	191.08
171	539	310	230	196	210	155	-14.63	-34.89	-21.74	9146.67	-3182.00	12473.00	-61.40	167.73	191.43
170	539	310	230	195	209	154	-14.89	-34.90	-21.71	9163.14	-3182.10	12480.95	-134.48	175.44	191.31
171	539	310	229	195	210	154	-15.32	-34.68	-22.01	9176.38	-3241.39	12500.30	-173.01	224.42	203.74
170	539	309	229	195	209	154	-15.19	-34.52	-22.04	9170.16	-3244.72	12524.49	-150.41	246.45	191.60
170	539	310	228	195	208	155	-15.35	-34.50	-22.03	9162.65	-3239.89	12533.66	-212.24	242.67	174.77
170	538	310	228	195	211	154	-15.53	-34.37	-22.15	9164.32	-3262.89	12552.38	-248.62	257.04	167.94
170	539	310	229	195	209	154	-15.47	-34.17	-22.26	9154.30	-3276.15	12575.56	-227.79	285.59	158.89
170	538	310	228	194	209	154	-15.38	-33.99	-22.25	9133.99	-3267.34	12590.38	-229.00	298.01	168.09
170	539	310	228	195	210	154	-15.53	-33.97	-22.35	9121.69	-3280.97	12595.06	-256.40	288.71	181.34
170	539	310	228	195	210	155	-15.77	-33.92	-22.68	9124.40	-3340.53	12609.71	-250.28	279.62	182.07
170	539	310	228	195	210	154	-15.69	-33.89	-22.75	9125.78	-3353.90	12618.62	-214.87	288.09	185.17
170	539	311	228	195	210	154	-15.74	-33.80	-22.87	9107.49	-3368.80	12618.89	-214.07	291.24	191.86
170	539	310	228	195	210	154	-15.90	-33.78	-23.05	9090.32	-3393.16	12607.55	-216.47	286.18	193.32
170	539	311	228	195	209	155	-15.96	-33.75	-23.15	9086.80	-3409.51	12598.17	-211.00	291.42	194.30
171	539	310	228	195	210	155	-15.99	-33.71	-23.15	9080.66	-3407.23	12579.06	-219.50	317.50	194.14
170	539	310	228	194	210	155	-16.10	-33.61	-23.22	9063.63	-3412.07	12562.71	-241.82	342.12	193.88
170	538	311	228	195	210	155	-16.11	-33.58	-23.20	9059.25	-3406.67	12550.77	-251.43	362.82	200.04
170	539	310	228	195	210	155	-16.25	-33.36	-23.36	9050.09	-3431.73	12536.63	-252.36	419.27	213.88
170	539	310	228	194	210	155	-16.37	-33.03	-23.50	9028.18	-3447.35	12520.40	-259.19	495.56	232.89
170	539	310	228	195	210	153	-16.59	-32.67	-23.71	8996.57	-3471.58	12514.38	-281.93	568.93	258.30
170	538	310	228	195	210	153	-16.91	-32.29	-23.92	8969.14	-3496.60	12507.26	-325.99	656.84	280.68
170	538	311	228	195	209	153	-16.89	-31.87	-24.00	8948.69	-3501.57	12507.70	-327.59	763.69	320.00
170	538	310	228	195	210	153	-17.03	-31.17	-24.29	8904.05	-3535.49	12527.71	-323.41	900.86	365.40
170	538	310	228	195	209	152	-17.13	-30.49	-24.68	8837.65	-3575.92	12570.53	-320.34	996.72	369.28
170	538	310	228	195	209	153	-17.20	-29.96	-24.95	8795.56	-3604.52	12618.00	-323.47	1066.18	367.56
170	539	310	228	195	209	154	-17.04	-29.47	-25.13	8748.59	-3613.09	12677.50	-297.05	1131.02	380.83
170	538	310	228	195	209	154	-16.98	-29.00	-25.26	8714.56	-3620.44	12748.03	-298.34	1190.27	414.84
170	537	309	228	195	209	153	-16.73	-28.65	-25.40	8653.03	-3616.02	12811.63	-269.53	1195.71	439.40
170	538	309	228	195	208	154	-16.79	-28.51	-25.50	8609.98	-3614.02	12852.04	-308.90	1182.52	469.18
171	538	310	228	195	209	153	-16.88	-28.23	-25.92	8554.88	-3663.72	12904.04	-291.31	1174.05	485.62
171	537	309	228	195	211	154	-16.70	-28.11	-26.12	8506.54	-3674.33	12940.04	-241.14	1147.59	488.19
171	537	310	228	194	209	154	-16.62	-28.08	-26.26	8463.81	-3677.01	12975.84	-234.63	1104.66	494.38
170	538	309	228	195	208	154	-16.62	-28.10	-26.38	8443.22	-3688.76	12996.85	-223.75	1074.43	501.66
170	537	309	228	195	209	154	-16.53	-27.91	-26.66	8409.66	-3722.12	13026.40	-164.56	1075.31	513.08
170	537	309	229	195	209	155	-16.45	-27.68	-27.00	8356.77	-3755.42	13057.28	-107.79	1068.24	505.28
170	537	309	228	195	209	154	-16.56	-27.57	-27.32	8295.53	-3780.45	13088.22	-116.80	1022.53	470.36
170	537	309	228	195	210	154	-16.88	-27.60	-27.80	8250.36	-3840.62	13120.81	-145.76	949.35	423.79
170	537	309	228	195	210	154	-16.91	-27.73	-28.01	8225.04	-3865.79	13131.77	-137.42	886.59	383.70
169	536	309	228	195	209	154	-16.92	-27.72	-28.21	8185.99	-3879.10	13136.98	-130.80	849.51	351.37
171	536	310	228	195	208	153	-17.10	-27.67	-28.51	8136.29	-3905.15	13140.73	-140.91	807.23	306.60
170	536	309	228	195	210	154	-17.24	-27.66	-28.76	8102.87	-3930.69	13139.69	-143.41	773.92	268.07
170	536	309	228	194	209	154	-17.26	-27.53	-29.03	8050.73	-3950.16	13147.71	-131.29	755.52	240.27
170	536	310	228	195	209	154	-17.20	-27.44	-29.23	8001.19	-3958.85	13157.12	-120.78	727.10	212.75
170	535	309	228	195	209	155	-17.35	-27.43	-29.50	7956.33	-3979.71	13185.47	-135.69	674.04	179.87
170	535	309	228	195	209	154	-17.46	-27.43	-29.77	7919.72	-4006.52	13222.19	-146.35	610.89	152.22
170	535	310	228	195	209	154	-17.48	-27.57	-29.98	7884.93	-4023.59	13238.28	-142.74	523.00	123.11
170	535	310	228	195	208	155	-17.44	-27.75	-30.07	7859.89	-4024.81	13259.97	-142.05	442.40	98.81
170	536	310	227	194	210	154	-17.44	-27.98	-30.14	7846.29	-4029.57	13269.37	-141.40	369.73	76.92
171	535	310	228	195	209	155	-17.17	-28.13	-30.09	7836.18	-4014.29	13297.70	-114.38	307.24	68.27
170	535	310	228	195	209	155	-17.05	-28.24	-30.16	7819.57	-4016.38	13325.22	-95.01	249.98	69.31
170	535	310	228	195	209	155	-16.99	-28.49	-30.24	7817.59	-4029.76	13353.36	-65.81	170.93	52.94
170	535	310	228	195	210	155	-17.00	-28.73	-30.32	7812.11	-4041.27	13347.89	-51.52	95.83	38.84
170	535	310	228	195	210	155	-17.09	-29.05	-30.31	7822.30	-4044.41	13319.29	-58.64	41.99	28.25
170	535	310	228	195	210	154	-17.18	-29.20	-30.44	7826.39	-4069.19	13283.53	-40.56	14.69	12.24
170	535	309	227	195	209	154	-16.93	-29.36	-30.35	7828.47	-4054.73	13260.95	12.27	-3.34	-7.37
171	536	310	228	195	210	155	-16.87	-29.41	-30.28	7828.25	-4042.39	13252.10	17.45	-6.53	-12.60
170	535	310	228	195	210	155	-16.76	-29.39	-30.26	7826.03	-4038.07	13257.10	37.33	-10.30	-3.02
170	535	310	228	195	210	156	-16.56	-29.44	-30.30	7816.33	-4039.97	13277.24	74.52	-45.18	-6.47
170	535	310	228	194	209	155	-16.43	-29.69	-30.15	7830.52	-4021.77	13283.58	82.49	-99.53	-3.60
170	535	310	228	195	210	155	-16.38	-29.84	-30.08	7853.19	-4023.28	13284.60	106.17	-122.95	15.58
170	536	310	228	194	210	155	-16.21	-29.91	-30.03	7855.33	-4015.12	13291.17	142.66	-142.15	31.65
170	535	310	228	195	209	155	-16.13	-30.10	-30.02	7851.76	-4010.16	13284.01	154.42	-188.54	38.12
170	535	311	228	195	209	155	-16.25	-30.33	-29.97	7861.18	-4008.25	13260.01	137.85	-228.47	37.96
170	535	310	228	195	209	155	-16.26	-30.60	-29.89	7883.12	-4006.04	13217.61	149.71	-249.04	37.86
170	535	311	228	195	210	155	-16.13	-30.73	-29.74	7899.56	-3989.14	13183.53	177.87	-240.44	38.82
170	536	311	228	195	209	155	-15.65	-30.74	-29.32	7901.98	-3916.28	13166.35	213.28	-226.32	60.93
171	536	311	227	195	209	155	-15.55	-30.80	-29.14	7903.68	-3887.27	13147.63	215.07	-231.65	87.68
170	535	310	228	195	210	155	-15.51	-30.85	-29.09	7921.50	-3887.90	13141.65	234.56	-226.62	123.35
170	535	310	227	195	210	155	-15.37	-30.81	-29.12	7929.22	-3897.71	13155.77	290.19	-222.94	165.93
170	535	310	228	195	210	156	-15.43	-30.86	-29.14	7934.76	-3904.82	13159.38	294.08	-229.64	198.19
170	535	309	228	195	209	155	-15.52	-31.05	-29.15	7956.42	-3918.38	13158.81	296.37	-263.36	213.78
170	535	309	228	195	210	155	-15.55	-31.30	-29.17	7979.20	-3934.66	13146.67	318.10	-295.64	222.44
171	535	310	228	195	209	154	-15.58	-31.54	-29.02	8009.44	-3925.33	13116.14	315.40	-308.36	233.12
170	535	310	228	196	210	154	-15.63	-31.67	-28.88	8035.57	-3914.66	13094.13	308.48	-298.59	232.71
170	536	310	228	195	210	155	-15.64	-31.75	-28.77	8050.59	-3903.73	13068.02	304.95	-288.66	234.47
171	535	310	228	195	211	155	-15.67	-31.84	-28.61	8075.86	-3889.94	13051.82	285.46	-276.63	230.65
170	535	309	228	196	210	155	-15.66	-31.80	-28.55	8103.07	-3895.05	13058.83	295.63	-249.90	220.22
170	535	310	228	195	210	155	-15.55	-31.68	-28.47	8113.31	-3886.09	13080.09	299.20	-219.90	219.71
170	535	310	228	195	210	155	-15.48	-31.65	-28.37	8120.25	-3871.99	13102.08	293.24	-223.16	208.37
170	535	311	228	195	211	155	-15.46	-31.72	-28.34	8141.24	-3878.99	13115.18	300.28	-237.95	191.25
170	535	310	228	195	210	155	-15.41	-31.85	-28.16	8175.57	-3864.64	13112.02	298.82	-234.55	176.44
171	535	309	228	195	209	155	-15.36	-31.93	-28.10	8193.40	-3864.21	13098.62	316.53	-231.52	162.42
170	535	310	228	195	210	155	-15.43	-32.01	-28.02	8213.53	-3859.80	13074.09	307.15	-217.40	144.30
171	535	309	227	196	210	155	-15.43	-32.14	-27.91	8231.05	-3851.21	13045.18	307.94	-219.63	117.13
170	536	309	228	195	210	155	-15.51	-32.24	-27.84	8256.50	-3851.25	13015.32	305.99	-203.35	88.78
171	536	310	228	195	211	155	-15.43	-32.18	-27.73	8272.47	-3840.09	12990.16	324.29	-164.33	64.54
171	535	309	228	195	210	155	-15.28	-32.03	-27.60	8264.45	-3813.08	12981.25	341.63	-128.96	37.66
170	536	308	227	195	209	155	-15.22	-32.00	-27.39	8259.43	-3774.03	12973.59	307.25	-113.82	18.98
170	536	308	227	195	209	155	-15.21	-31.92	-27.33	8246.65	-3756.53	12977.71	285.14	-110.62	12.23
170	536	309	228	195	210	155	-15.17	-31.87	-27.21	8237.32	-3730.10	12982.82	263.93	-114.94	8.92
170	536	309	228	194	210	155	-15.24	-31.94	-27.10	8236.25	-3711.39	12979.48	222.03	-124.70	13.72
170	536	309	227	194	210	155	-15.21	-31.96	-27.03	8245.64	-3704.62	12989.70	213.43	-127.96	22.34
171	536	309	228	195	210	155	-15.16	-31.93	-26.91	8251.56	-3685.39	12993.22	200.91	-115.46	44.42
171	536	308	228	195	210	156	-15.18	-31.99	-26.82	8260.18	-3673.72	12992.56	183.96	-125.59	54.55
170	536	309	227	195	211	155	-15.36	-32.10	-26.84	8286.77	-3691.64	12992.13	166.72	-132.61	59.72
170	536	309	228	194	210	155	-15.44	-32.16	-26.76	8318.83	-3693.86	12993.52	151.63	-115.83	67.23
170	536	309	227	195	210	155	-15.52	-32.09	-26.82	8332.69	-3710.76	12995.45	145.00	-89.19	67.12
170	536	309	228	195	211	155	-15.46	-32.02	-26.82	8337.06	-3713.22	13004.08	154.00	-77.78	51.82
170	536	310	228	195	210	155	-15.37	-32.05	-26.63	8346.00	-3684.56	13009.67	130.80	-74.49	38.23
170	536	309	228	195	210	154	-15.41	-32.04	-26.53	8358.10	-3673.13	13000.39	107.41	-61.02	40.01
170	536	309	228	195	209	156	-15.46	-31.97	-26.57	8355.60	-3679.08	12990.77	106.34	-40.51	40.96
170	536	309	228	195	209	155	-15.27	-31.99	-26.43	8360.42	-3656.32	12984.03	128.92	-38.09	35.07
170	536	308	228	195	210	155	-15.22	-31.95	-26.31	8361.40	-3637.11	12996.83	111.13	-34.88	36.56
170	536	309	228	195	209	156	-15.39	-31.88	-26.35	8363.33	-3643.65	12988.79	82.27	-11.74	50.48
170	536	308	227	195	209	155	-15.29	-31.92	-26.27	8364.76	-3630.27	12975.35	94.56	-8.40	55.36
170	536	309	228	194	209	155	-15.31	-31.98	-26.22	8368.32	-3623.36	12967.98	74.08	-16.28	60.39
171	536	309	228	194	210	155	-15.42	-32.08	-26.18	8388.51	-3627.19	12953.98	54.02	-16.42	61.77
170	536	310	228	195	209	156	-15.56	-32.09	-26.25	8404.48	-3646.23	12950.28	46.72	-1.05	60.13
170	536	310	228	195	209	155	-15.52	-32.07	-26.18	8415.06	-3641.12	12950.17	49.74	16.50	58.28
170	536	309	228	194	210	155	-15.53	-32.06	-26.26	8409.50	-3651.26	12958.66	54.65	12.68	47.01
170	536	310	228	195	209	155	-15.53	-32.12	-26.09	8426.63	-3629.10	12953.53	22.72	9.35	34.01
170	536	309	228	195	210	156	-15.60	-32.17	-26.02	8450.70	-3629.24	12956.45	-7.07	19.78	28.81
171	536	310	228	195	209	156	-15.67	-32.03	-26.16	8448.56	-3652.38	12955.03	12.58	51.94	28.07
170	536	310	227	194	210	156	-15.41	-31.96	-26.10	8436.53	-3636.16	12967.07	52.81	52.14	16.12
170	536	310	227	194	211	156	-15.51	-32.06	-26.06	8436.71	-3629.75	12970.92	16.97	22.63	-4.99
170	536	310	227	194	211	156	-15.84	-32.23	-26.13	8453.47	-3649.67	12957.37	-33.58	-2.75	-19.14
170	536	309	228	195	210	156	-15.91	-32.19	-26.14	8457.00	-3653.58	12937.71	-50.15	17.44	-39.63
170	536	310	227	194	210	156	-15.59	-32.07	-25.98	8434.35	-3614.70	12934.42	-31.10	34.52	-59.95
170	536	310	228	194	210	155	-15.42	-32.02	-25.83	8409.43	-3577.37	12938.10	-43.99	22.84	-62.30
171	536	310	228	194	212	156	-15.51	-32.04	-25.81	8406.16	-3571.50	12936.99	-67.94	7.40	-60.89
171	536	310	228	194	210	156	-15.70	-31.96	-25.88	8410.05	-3585.92	12941.34	-93.34	20.38	-49.79
170	536	309	228	194	210	155	-15.71	-31.93	-26.00	8414.55	-3608.23	12953.08	-74.63	28.96	-37.10
170	536	310	227	195	210	155	-15.88	-31.93	-26.09	8428.82	-3630.62	12968.42	-91.20	24.51	-31.70
170	536	310	227	195	210	155	-16.09	-31.92	-26.32	8449.98	-3682.09	12987.20	-81.94	23.34	-35.11
170	536	311	228	195	209	156	-16.03	-31.96	-26.35	8467.68	-3696.78	12995.44	-50.34	28.27	-49.71
170	536	311	228	195	210	154	-15.85	-31.92	-26.35	8476.30	-3701.74	13040.47	-12.22	18.61	-70.07
171	536	311	228	195	209	156	-15.69	-32.03	-26.19	8489.08	-3677.86	13057.65	-2.31	-3.27	-82.42
170	536	310	227	195	210	156	-15.69	-32.15	-26.16	8499.83	-3678.76	13061.36	-1.10	-23.76	-94.15
169	536	309	227	194	209	155	-15.48	-32.26	-26.07	8511.04	-3667.02	13052.69	43.31	-30.42	-99.64
170	536	309	227	195	210	155	-15.19	-32.25	-26.04	8498.48	-3657.47	13041.46	107.29	-34.30	-110.46
170	535	310	228	194	210	154	-14.93	-32.41	-25.83	8485.96	-3613.20	13001.19	124.18	-51.14	-125.49
170	535	310	227	195	209	154	-14.97	-32.48	-25.72	8490.66	-3595.94	12961.13	109.67	-44.88	-123.16
170	536	311	228	195	209	154	-14.77	-32.34	-25.65	8480.73	-3578.34	12944.47	150.14	-13.93	-103.15
170	536	310	227	195	208	154	-14.30	-32.35	-25.37	8461.09	-3521.23	12927.65	197.88	-13.39	-78.45
170	536	311	227	194	210	153	-14.32	-32.45	-25.19	8456.64	-3488.76	12911.26	162.29	-34.12	-51.37
170	536	311	227	194	209	154	-14.48	-32.54	-25.17	8476.60	-3493.33	12902.30	130.07	-28.51	-11.05
170	536	311	227	195	209	154	-14.42	-32.52	-25.13	8485.57	-3491.46	12886.19	158.82	-2.49	26.45
170	536	311	228	195	210	154	-14.41	-32.48	-25.07	8487.50	-3481.69	12872.88	163.43	17.34	59.63
170	536	311	227	194	209	154	-14.62	-32.51	-25.10	8502.72	-3493.80	12870.23	131.96	26.77	81.64
170	536	311	227	194	210	154	-14.76	-32.48	-25.18	8518.58	-3515.51	12877.72	130.21	40.48	105.86
170	536	311	227	194	210	155	-14.64	-32.46	-25.13	8520.05	-3507.34	12896.83	145.55	33.06	113.22
170	535	311	227	195	209	154	-14.54	-32.53	-24.91	8524.25	-3471.77	12917.39	110.72	9.20	126.66
171	535	311	227	195	209	155	-14.54	-32.60	-24.79	8537.84	-3456.58	12933.12	85.43	-5.11	153.53
171	535	312	227	194	209	155	-14.44	-32.55	-24.68	8541.15	-3438.35	12945.47	89.81	-1.50	197.15
172	535	311	227	195	209	154	-14.49	-32.52	-24.79	8520.49	-3448.63	12964.79	93.87	-20.08	218.74
173	535	311	228	195	208	154	-14.75	-32.69	-25.00	8537.06	-3493.40	12958.55	87.23	-56.42	232.90
174	535	311	227	194	209	156	-14.96	-32.84	-25.19	8571.61	-3542.33	12944.03	105.37	-62.90	233.66
174	535	311	227	194	209	155	-14.89	-32.84	-25.26	8579.83	-3557.82	12940.22	142.45	-51.61	217.13
175	535	312	227	194	209	155	-14.85	-32.89	-25.16	8577.24	-3538.52	12938.61	126.98	-64.72	199.27
176	536	311	227	195	208	154	-14.96	-33.06	-25.13	8581.58	-3535.80	12920.88	97.23	-95.79	186.41
176	535	311	226	194	209	154	-14.95	-33.22	-25.07	8588.10	-3528.81	12897.04	101.67	-108.20	187.24
177	535	311	227	195	209	154	-14.84	-33.33	-24.93	8595.09	-3507.57	12878.19	114.23	-116.69	193.82
177	535	310	227	195	209	155	-15.05	-33.53	-24.93	8607.14	-3512.79	12846.08	81.72	-128.05	187.28
177	535	310	227	195	209	155	-15.31	-33.65	-24.97	8638.58	-3535.15	12815.37	63.13	-111.70	181.22
177	535	310	227	194	209	155	-15.43	-33.58	-24.98	8669.05	-3549.99	12803.20	61.23	-58.27	170.46
177	536	311	227	195	209	155	-15.52	-33.35	-25.06	8666.20	-3562.09	12820.04	48.22	-18.75	157.19
178	535	310	227	194	209	155	-15.50	-33.31	-25.04	8667.69	-3560.79	12836.84	43.41	-19.97	129.73
179	535	311	227	194	208	155	-15.55	-33.23	-25.11	8669.90	-3574.15	12859.80	35.69	-23.17	106.54
179	535	311	227	194	208	156	-15.36	-33.24	-25.01	8672.21	-3556.04	12879.41	47.50	-32.01	90.71
179	535	310	227	194	209	156	-15.44	-33.29	-24.98	8674.40	-3553.04	12889.84	15.23	-54.16	77.58
179	535	311	227	194	208	155	-15.55	-33.38	-25.05	8678.88	-3567.39	12892.75	5.11	-88.00	64.25
180	535	310	226	195	208	155	-15.46	-33.50	-25.01	8684.53	-3562.42	12889.11	22.66	-116.40	42.24
180	535	310	227	194	208	156	-15.41	-33.65	-24.91	8692.71	-3548.10	12879.85	13.98	-142.68	30.22
181	535	310	227	194	208	156	-15.59	-33.81	-24.94	8706.47	-3560.09	12862.86	-9.07	-166.20	22.11
181	535	310	226	194	208	156	-15.69	-33.90	-25.00	8723.35	-3578.09	12839.72	0.58	-164.09	5.41
182	535	310	227	195	208	156	-15.45	-33.91	-24.89	8729.98	-3562.78	12803.33	42.80	-129.53	6.04
182	535	310	226	194	208	156	-15.33	-33.92	-24.74	8720.08	-3532.64	12787.16	33.56	-132.21	0.28
182	535	311	226	195	209	156	-15.46	-34.02	-24.77	8727.28	-3540.41	12770.40	10.08	-142.00	-8.23
182	535	310	226	195	208	156	-15.40	-34.08	-24.65	8751.71	-3529.59	12747.88	18.43	-122.35	-6.82
182	535	310	226	194	208	155	-15.40	-33.97	-24.55	8762.53	-3517.51	12733.89	9.41	-71.68	6.72
183	536	310	226	195	209	156	-15.51	-33.77	-24.63	8755.60	-3528.24	12735.79	-5.41	-30.34	3.99
183	536	310	226	194	208	156	-15.64	-33.77	-24.63	8765.82	-3532.22	12732.80	-40.89	-16.08	-4.61
183	536	310	226	195	209	156	-15.86	-33.72	-24.68	8776.93	-3547.21	12725.96	-73.20	8.33	-1.13
183	536	310	226	195	208	156	-15.74	-33.63	-24.64	8774.48	-3538.05	12723.66	-68.99	36.46	-1.78
184	536	311	226	195	208	156	-15.67	-33.58	-24.51	8774.36	-3514.75	12722.68	-90.04	49.79	-4.39
183	536	310	226	195	208	156	-15.81	-33.64	-24.50	8787.04	-3520.81	12724.95	-117.44	44.95	-9.77
184	536	311	226	196	208	156	-15.93	-33.75	-24.49	8814.69	-3530.97	12712.70	-129.16	49.55	-14.83
184	536	310	226	195	208	156	-16.05	-33.70	-24.52	8832.95	-3543.62	12711.47	-139.51	83.52	-10.39
184	536	311	226	195	208	156	-16.23	-33.55	-24.56	8833.91	-3551.64	12712.29	-171.28	123.55	-16.27
184	536	310	226	195	209	155	-16.44	-33.46	-24.65	8834.61	-3568.26	12716.88	-207.37	147.27	-31.05
184	535	310	226	195	208	156	-16.48	-33.26	-24.73	8820.28	-3575.05	12716.03	-217.75	181.66	-33.20
184	536	310	226	195	208	156	-16.54	-33.17	-24.79	8789.27	-3571.89	12713.83	-236.06	187.07	-42.14
184	536	310	226	195	208	156	-16.68	-33.12	-24.84	8767.20	-3570.10	12691.54	-278.61	190.67	-49.43
185	536	310	225	195	209	156	-16.79	-33.11	-24.86	8754.04	-3568.19	12659.56	-304.83	203.59	-52.86
184	536	310	226	195	208	156	-16.90	-33.04	-24.85	8747.54	-3564.98	12631.38	-332.99	237.81	-35.67
184	536	311	225	195	208	157	-17.04	-32.83	-25.00	8738.56	-3586.74	12629.02	-340.84	284.22	-6.49
184	536	310	226	195	209	156	-17.11	-32.61	-25.18	8734.24	-3617.60	12667.16	-328.74	310.26	6.54
185	536	310	225	195	208	156	-17.26	-32.47	-25.42	8747.52	-3666.32	12729.41	-328.61	310.69	15.01
184	536	310	226	195	208	156	-17.23	-32.34	-25.52	8766.15	-3692.20	12810.33	-327.18	304.71	3.51
184	536	311	225	195	209	156	-17.07	-32.18	-25.67	8750.64	-3712.19	12906.22	-299.42	265.92	-21.86
185	536	310	225	195	208	155	-16.96	-32.23	-25.76	8725.71	-3716.38	12970.91	-294.85	184.63	-52.22
185	536	310	225	195	208	156	-16.86	-32.48	-25.80	8710.42	-3715.96	12990.16	-274.51	91.35	-73.36
185	536	310	226	195	208	156	-16.72	-32.79	-25.77	8709.90	-3710.77	12958.25	-228.78	25.63	-94.99
185	536	310	226	195	208	156	-16.66	-32.96	-25.75	8703.00	-3703.63	12898.34	-197.79	18.85	-103.04
185	536	310	226	195	208	156	-16.50	-32.97	-25.78	8685.05	-3700.85	12852.62	-141.15	30.60	-110.74
185	536	310	226	195	208	156	-16.17	-32.97	-25.71	8670.00	-3680.20	12822.79	-73.84	39.42	-103.45
185	536	310	226	195	208	156	-16.16	-33.01	-25.61	8666.70	-3661.79	12794.85	-75.60	49.75	-83.58
185	536	309	226	196	208	156	-16.42	-33.06	-25.67	8671.97	-3674.70	12759.71	-104.42	55.17	-64.10
185	536	309	226	195	208	156	-16.54	-33.01	-25.92	8669.37	-3718.37	12749.32	-76.70	69.56	-54.60
185	536	309	225	195	209	156	-16.39	-33.08	-25.83	8669.30	-3702.45	12743.06	-56.22	56.83	-42.32
185	536	309	226	195	208	157	-16.43	-33.22	-25.83	8673.83	-3703.53	12732.90	-65.30	33.19	-26.05
185	536	309	225	195	209	156	-16.38	-33.37	-25.76	8706.34	-3706.35	12735.06	-43.54	21.38	-12.20
185	536	308	226	196	209	156	-16.25	-33.40	-25.67	8725.23	-3699.23	12746.70	-27.11	15.31	-3.59
186	536	306	226	195	209	156	-16.28	-33.48	-25.64	8738.96	-3701.87	12761.37	-36.81	-6.31	-1.21
185	535	304	225	195	208	155	-16.22	-33.58	-25.65	8746.42	-3706.18	12769.70	-28.27	-30.59	0.05
185	535	302	226	195	208	155	-16.17	-33.73	-25.55	8759.10	-3695.07	12768.02	-27.30	-59.66	3.95
185	535	302	226	195	209	155	-16.17	-33.87	-25.50	8769.14	-3690.72	12760.41	-30.04	-85.33	1.50
185	535	301	226	195	209	156	-16.33	-33.98	-25.57	8779.08	-3707.18	12738.79	-29.94	-96.86	-4.42
185	534	299	226	195	208	156	-16.26	-34.11	-25.49	8791.73	-3699.42	12718.66	-22.49	-106.22	-9.10
185	534	298	226	195	209	155	-16.35	-34.14	-25.47	8800.34	-3700.25	12707.72	-39.51	-100.16	-8.20
185	534	298	226	195	210	156	-16.40	-34.12	-25.58	8798.92	-3718.24	12699.54	-32.94	-101.20	-15.54
186	534	298	226	195	208	155	-16.32	-34.18	-25.51	8804.38	-3708.72	12685.36	-18.19	-103.79	-16.11
185	534	296	226	196	208	155	-16.33	-34.27	-25.40	8814.16	-3693.69	12671.89	-30.88	-104.30	-16.16
185	534	296	226	195	209	156	-16.40	-34.29	-25.38	8822.85	-3694.80	12661.90	-31.14	-97.09	-10.15
186	534	295	226	195	209	155	-16.39	-34.26	-25.40	8821.91	-3698.86	12662.60	-22.33	-96.53	-8.49
185	533	295	226	195	208	155	-16.39	-34.27	-25.36	8829.61	-3693.92	12672.27	-37.86	-100.30	-4.27
185	533	293	226	194	207	156	-16.41	-34.30	-25.37	8834.73	-3697.42	12673.06	-44.07	-104.54	6.65
185	533	293	226	196	208	155	-16.34	-34.34	-25.31	8842.40	-3691.15	12670.40	-40.72	-108.16	13.92
186	533	294	226	195	209	156	-16.37	-34.47	-25.25	8864.68	-3689.20	12665.28	-43.03	-117.50	22.22
185	533	293	226	195	208	156	-16.35	-34.56	-25.27	8890.04	-3705.94	12660.62	-15.93	-116.63	37.16
185	533	292	226	196	208	155	-16.37	-34.55	-25.30	8895.94	-3714.64	12650.99	-2.28	-105.55	45.95
185	532	292	226	196	208	156	-16.41	-34.58	-25.30	8902.74	-3717.31	12641.84	-16.52	-101.17	49.20
185	533	291	225	195	209	156	-16.57	-34.58	-25.42	8909.81	-3743.64	12629.55	-11.24	-96.36	51.24
185	532	292	225	195	208	156	-16.46	-34.63	-25.44	8908.92	-3746.26	12623.67	26.62	-111.14	45.48
185	533	292	225	195	208	157	-16.40	-34.71	-25.30	8906.67	-3718.15	12602.89	4.59	-119.14	45.71
185	532	293	225	195	209	156	-16.50	-34.84	-25.15	8926.94	-3701.64	12571.34	-34.59	-118.98	59.92
185	532	293	225	195	208	155	-16.55	-34.89	-25.20	8941.99	-3717.16	12551.97	-12.61	-108.13	65.53
185	532	293	224	195	208	156	-16.58	-34.86	-25.15	8948.09	-3712.70	12546.97	-19.53	-87.17	74.60
186	532	293	224	196	208	156	-16.72	-34.79	-25.21	8952.89	-3724.06	12555.23	-36.26	-69.42	85.22
186	532	293	223	195	209	156	-16.81	-34.73	-25.30	8957.24	-3743.86	12553.46	-29.19	-55.24	90.31
186	532	293	221	196	209	156	-16.68	-34.70	-25.26	8954.98	-3735.27	12558.79	-12.18	-56.63	93.04
185	533	294	220	195	208	156	-16.68	-34.74	-25.18	8965.83	-3724.30	12571.05	-37.52	-64.60	99.64
186	533	294	217	195	208	155	-16.77	-34.80	-25.20	8977.14	-3734.49	12564.30	-45.05	-70.27	113.96
185	533	294	213	196	208	155	-16.86	-34.77	-25.28	8977.28	-3749.36	12554.28	-29.15	-60.81	125.06
186	533	296	211	196	209	155	-16.73	-34.86	-25.26	8977.62	-3746.50	12541.57	-1.29	-78.32	111.41
185	534	297	207	195	208	155	-16.88	-34.99	-25.14	9012.73	-3740.17	12529.69	-40.57	-72.60	112.44
185	534	297	203	196	209	153	-16.90	-34.89	-25.26	9029.30	-3770.56	12523.21	-6.04	-31.42	120.72
185	534	297	199	196	209	153	-16.64	-34.67	-25.31	9011.83	-3770.63	12540.65	53.21	-8.20	117.48
185	534	297	196	195	208	153	-16.44	-34.64	-25.19	8996.44	-3741.90	12553.21	46.90	-22.94	109.01
185	534	298	192	195	208	152	-16.58	-34.71	-25.16	9011.02	-3743.81	12553.55	18.70	-32.04	109.51
185	535	300	188	196	209	151	-16.53	-34.71	-25.19	9025.67	-3754.82	12558.27	39.82	-23.49	121.58
185	535	300	186	195	209	151	-16.45	-34.77	-25.09	9039.39	-3742.88	12555.16	49.23	-25.42	117.60
185	535	299	183	196	210	150	-16.47	-34.81	-25.14	9051.62	-3758.53	12552.40	59.11	-22.50	112.82
185	535	300	182	195	209	151	-16.35	-34.87	-25.09	9062.04	-3753.41	12557.98	83.56	-28.42	100.83
185	535	300	181	195	208	149	-16.38	-34.99	-25.03	9082.33	-3752.94	12552.08	78.03	-35.75	98.29
186	535	299	179	196	209	148	-16.53	-34.98	-25.14	9092.62	-3776.49	12538.68	83.73	-19.86	97.42
186	535	299	180	195	209	149	-16.34	-34.97	-25.14	9084.19	-3773.06	12536.74	124.49	-26.47	73.45
186	535	299	181	195	208	149	-16.38	-35.08	-25.05	9088.58	-3758.61	12533.11	108.97	-43.60	46.58
186	536	298	182	195	208	149	-16.57	-35.18	-24.92	9123.35	-3750.28	12508.45	66.52	-21.92	40.15
186	536	298	182	195	209	149	-16.54	-35.09	-25.01	9119.98	-3765.37	12500.63	92.09	2.13	29.89
185	535	298	181	196	211	150	-16.27	-35.12	-24.88	9109.98	-3736.10	12504.00	121.89	-11.83	9.30
186	536	299	182	195	208	150	-16.35	-35.19	-24.80	9114.68	-3724.49	12512.80	84.54	-29.69	-11.92
186	535	299	184	195	208	150	-16.54	-35.13	-24.99	9114.55	-3759.47	12515.96	84.72	-25.75	-25.87
185	535	299	190	195	210	149	-16.23	-35.14	-24.82	9110.62	-3727.09	12508.76	120.63	-23.56	-45.43
186	535	299	196	195	210	150	-16.15	-35.22	-24.67	9121.49	-3702.14	12516.32	95.35	-38.14	-62.36
186	535	299	198	195	209	151	-16.28	-35.15	-24.75	9131.21	-3722.43	12518.70	84.13	-23.63	-62.94
186	535	299	199	195	208	151	-16.13	-35.09	-24.69	9121.65	-3707.71	12523.97	117.68	-9.60	-64.24
186	535	300	202	195	209	151	-15.98	-35.16	-24.59	9110.77	-3684.33	12509.97	122.09	-32.87	-76.53
186	535	300	204	196	209	151	-16.04	-35.26	-24.55	9115.83	-3678.71	12496.27	108.84	-44.52	-77.85
186	535	300	207	195	209	151	-16.04	-35.30	-24.49	9129.44	-3674.17	12481.06	107.15	-32.25	-72.11
186	535	300	210	195	208	151	-16.03	-35.29	-24.46	9133.17	-3669.87	12471.21	110.19	-18.54	-71.55
186	535	300	213	196	209	151	-16.02	-35.26	-24.44	9138.51	-3667.17	12461.85	108.63	-4.76	-63.68
186	535	300	214	195	209	151	-15.97	-35.23	-24.32	9139.38	-3647.61	12450.95	98.85	8.88	-54.04
186	535	301	215	195	210	151	-15.99	-35.20	-24.25	9142.82	-3635.23	12445.81	84.21	24.49	-41.14
186	535	300	216	196	208	152	-16.06	-35.18	-24.31	9137.27	-3644.87	12445.52	82.64	26.51	-26.78
186	535	301	216	195	209	152	-16.15	-35.12	-24.45	9139.61	-3671.23	12452.04	97.66	33.34	-7.94
187	535	301	216	195	209	152	-16.01	-35.03	-24.41	9144.83	-3666.87	12455.84	128.03	59.97	6.05
186	535	300	217	196	209	152	-16.05	-34.74	-24.56	9134.19	-3688.92	12493.64	135.93	96.52	12.35
186	535	300	217	195	209	152	-15.88	-34.71	-24.51	9123.28	-3674.08	12522.36	152.58	77.94	4.78
186	535	300	216	195	209	152	-15.75	-34.92	-24.40	9130.31	-3657.37	12529.84	159.80	25.80	-3.61
186	535	301	217	196	210	152	-15.69	-35.12	-24.27	9151.80	-3642.50	12521.15	155.26	1.66	-2.23
187	535	301	217	195	210	152	-15.71	-35.30	-24.19	9171.81	-3636.38	12499.29	151.50	-7.88	-0.01
186	535	300	217	196	209	152	-15.68	-35.46	-24.13	9196.82	-3637.16	12494.53	166.02	-22.13	-9.46
186	535	300	217	195	208	152	-15.51	-35.60	-23.99	9215.78	-3619.70	12497.40	184.37	-42.38	-20.64
186	535	301	217	196	209	152	-15.45	-35.70	-23.84	9235.59	-3600.32	12490.13	166.40	-39.41	-29.71
186	536	300	217	196	209	152	-15.45	-35.70	-23.78	9243.01	-3592.10	12471.83	156.68	-24.74	-36.87
186	535	301	217	195	209	152	-15.41	-35.73	-23.68	9249.06	-3576.50	12454.43	152.85	-20.00	-52.63
186	536	301	217	196	209	152	-15.42	-35.76	-23.57	9265.00	-3564.87	12432.71	143.01	5.45	-64.85
186	535	301	217	195	210	152	-15.46	-35.63	-23.48	9272.16	-3550.43	12423.88	123.51	53.68	-74.36
186	535	301	218	196	210	153	-15.38	-35.46	-23.46	9268.35	-3544.91	12421.68	129.43	95.94	-84.54
185	535	301	217	194	209	152	-15.24	-35.36	-23.38	9256.93	-3524.66	12435.60	131.01	108.00	-93.41
186	535	301	216	195	208	151	-15.21	-35.35	-23.26	9261.88	-3504.63	12453.82	106.26	105.55	-101.24
186	535	302	217	195	210	153	-15.29	-35.29	-23.24	9279.79	-3508.80	12468.93	92.80	112.92	-101.38
186	536	302	217	195	209	152	-15.22	-35.23	-23.26	9272.80	-3508.16	12481.08	103.21	109.22	-112.86
186	536	302	217	195	209	152	-15.20	-35.31	-23.15	9269.96	-3488.95	12483.83	79.00	86.06	-123.62
186	536	302	217	195	210	153	-15.31	-35.41	-23.18	9284.66	-3499.10	12479.63	70.95	75.76	-130.84
186	535	302	217	195	209	152	-15.22	-35.40	-23.15	9282.23	-3493.55	12477.25	92.60	78.72	-137.09
186	536	302	218	195	209	153	-15.12	-35.40	-23.04	9272.12	-3469.67	12477.79	82.87	73.39	-138.74
185	536	302	217	195	209	152	-15.29	-35.43	-23.09	9264.51	-3473.98	12461.10	54.23	66.87	-141.05
185	535	302	217	195	209	152	-15.28	-35.46	-23.00	9263.69	-3458.29	12437.84	41.11	75.82	-134.10
186	535	302	218	195	210	152	-15.18	-35.36	-22.96	9254.70	-3445.57	12436.15	43.81	105.08	-115.39
186	536	302	217	194	208	152	-15.07	-35.20	-22.91	9240.57	-3431.69	12453.54	48.92	124.08	-102.02
186	535	303	218	195	209	152	-15.11	-35.10	-22.91	9237.34	-3430.11	12470.87	32.52	134.02	-92.22
185	535	302	217	195	209	152	-15.20	-35.00	-23.01	9233.47	-3446.40	12484.72	25.90	138.52	-80.96
186	535	303	217	194	209	153	-15.11	-35.07	-23.08	9236.20	-3461.48	12504.29	66.25	107.80	-81.91
185	535	302	217	195	210	152	-15.21	-35.16	-23.12	9237.99	-3469.01	12507.87	46.69	84.96	-80.72
186	536	303	217	194	208	153	-15.18	-35.22	-23.13	9244.49	-3473.36	12514.68	62.35	70.26	-78.98
185	535	303	217	194	209	152	-14.95	-35.35	-22.95	9245.06	-3440.49	12498.94	82.99	53.00	-70.38
186	535	303	218	195	210	153	-14.82	-35.50	-22.85	9231.41	-3417.07	12489.80	84.59	10.95	-74.96
185	536	303	217	193	209	152	-14.84	-35.70	-22.79	9246.44	-3411.61	12471.71	80.86	-10.95	-66.82
185	535	303	217	195	209	153	-14.65	-35.83	-22.62	9266.12	-3389.23	12452.92	111.82	-7.95	-50.23
185	535	302	217	194	209	152	-14.72	-35.81	-22.56	9274.01	-3381.97	12440.27	90.12	16.59	-29.61
186	535	303	218	194	210	153	-14.79	-35.74	-22.63	9275.91	-3393.87	12428.86	103.27	29.16	-18.68
185	536	303	218	194	210	153	-14.57	-35.77	-22.53	9288.31	-3381.38	12420.62	137.85	31.11	-12.35
185	535	303	218	194	209	153	-14.51	-35.79	-22.45	9295.70	-3369.91	12432.59	132.61	33.45	-3.73
186	535	303	218	195	210	153	-14.61	-35.81	-22.45	9313.31	-3377.81	12433.36	117.18	40.08	3.85
186	535	303	218	195	209	153	-14.58	-35.69	-22.55	9306.25	-3392.72	12444.49	149.67	45.87	6.16
186	535	303	218	195	210	154	-14.35	-35.75	-22.39	9301.53	-3361.89	12460.26	166.49	26.13	6.65
185	536	303	217	195	209	154	-14.33	-35.82	-22.32	9313.46	-3354.39	12469.65	156.16	8.32	9.27
185	536	303	217	195	209	153	-14.23	-35.83	-22.31	9311.38	-3350.27	12477.77	182.71	-3.09	12.56
186	535	303	218	194	209	153	-14.05	-35.89	-22.25	9298.81	-3335.76	12488.68	206.87	-32.94	10.48
185	535	303	218	195	210	152	-14.08	-36.07	-22.11	9315.87	-3315.57	12475.64	181.63	-55.74	14.81
185	535	303	218	195	209	153	-14.20	-36.11	-22.13	9323.48	-3322.59	12454.06	181.15	-45.75	28.27
185	536	303	218	195	209	153	-13.97	-36.14	-21.99	9312.71	-3292.66	12437.76	198.99	-46.57	28.50
185	536	302	217	195	209	153	-13.90	-36.29	-21.82	9319.47	-3265.83	12421.47	187.44	-62.19	32.68
185	535	303	218	195	209	153	-14.07	-36.34	-21.78	9335.50	-3264.54	12406.80	161.82	-46.78	46.14
185	536	303	217	195	209	153	-14.00	-36.33	-21.78	9344.72	-3266.51	12402.46	181.78	-35.24	46.84
185	536	303	217	195	208	153	-13.97	-36.30	-21.69	9351.29	-3253.79	12413.93	167.14	-26.03	50.84
185	535	303	217	195	210	153	-14.06	-36.29	-21.71	9361.32	-3260.10	12418.64	149.48	-19.98	52.90
185	536	304	218	195	209	153	-14.06	-36.25	-21.68	9372.25	-3259.09	12425.71	146.66	-5.93	50.76
185	535	303	218	195	209	153	-14.08	-36.23	-21.68	9372.04	-3261.74	12435.42	146.57	-10.48	39.42
185	535	303	217	195	209	154	-14.17	-36.27	-21.67	9377.64	-3260.45	12439.65	121.70	-20.36	25.30
185	536	303	217	195	210	153	-14.05	-36.43	-21.50	9392.96	-3234.03	12425.87	120.06	-34.04	12.23
185	536	304	218	194	210	153	-14.12	-36.45	-21.45	9398.91	-3227.73	12414.97	97.96	-26.54	11.27
185	536	304	218	195	209	153	-14.09	-36.47	-21.51	9388.16	-3235.94	12415.02	116.76	-38.16	-0.94
185	536	304	218	195	209	152	-14.16	-36.55	-21.44	9394.16	-3224.74	12400.07	90.37	-40.75	-11.19
184	536	305	218	195	208	153	-14.38	-36.59	-21.46	9407.05	-3233.71	12376.87	54.95	-16.06	-23.59
185	536	306	218	195	209	153	-14.36	-36.41	-21.50	9398.50	-3237.22	12383.62	56.36	11.74	-38.61
185	536	308	219	195	210	153	-14.24	-36.29	-21.44	9378.57	-3219.16	12406.64	53.69	5.70	-61.28
185	536	309	218	195	209	153	-14.33	-36.31	-21.34	9390.24	-3205.60	12446.91	0.35	-15.28	-67.11
184	536	309	220	195	209	153	-14.65	-36.20	-21.57	9385.93	-3245.52	12449.57	-27.16	5.48	-68.86
185	536	310	220	195	210	152	-14.30	-36.23	-21.39	9385.43	-3213.84	12461.29	8.69	-10.84	-78.61
185	536	309	220	196	210	153	-14.40	-36.31	-21.34	9389.96	-3205.55	12469.62	-35.49	-34.10	-91.38
185	536	310	220	195	209	152	-14.61	-36.36	-21.41	9416.26	-3228.67	12475.94	-54.97	-31.95	-89.46
185	536	309	219	195	208	151	-14.55	-36.31	-21.45	9424.25	-3239.64	12476.74	-24.62	-10.40	-86.49
184	536	310	220	195	209	152	-14.45	-36.29	-21.40	9409.84	-3223.46	12479.51	-18.84	-16.48	-100.07
184	536	310	220	195	209	151	-14.50	-36.38	-21.38	9406.14	-3218.29	12465.53	-34.45	-35.80	-119.41
185	536	310	220	195	209	151	-14.52	-36.47	-21.27	9422.64	-3205.17	12449.05	-54.37	-36.31	-118.74
184	536	311	221	195	210	152	-14.57	-36.45	-21.26	9438.90	-3208.11	12434.60	-53.70	-5.10	-109.40
185	536	312	221	195	210	151	-14.43	-36.40	-21.22	9429.96	-3199.31	12426.67	-21.97	0.06	-114.98
185	536	312	221	195	208	151	-14.39	-36.46	-21.25	9427.26	-3203.54	12428.54	-11.57	-23.35	-130.89
184	536	312	222	195	208	150	-14.43	-36.64	-21.08	9458.70	-3185.16	12412.31	-33.44	-24.33	-132.59
185	536	313	222	195	209	152	-14.41	-36.64	-21.14	9463.96	-3196.51	12398.29	-11.72	-24.56	-132.56
184	537	313	223	196	209	151	-14.49	-36.66	-21.25	9446.36	-3210.08	12390.38	-6.33	-39.28	-146.28
184	536	314	224	195	208	150	-14.44	-36.70	-21.08	9474.05	-3190.38	12414.86	-33.07	-37.22	-153.52
184	536	315	223	196	208	149	-14.47	-36.75	-21.01	9490.34	-3183.06	12389.12	-46.96	-18.26	-139.69
184	536	317	224	196	209	149	-14.38	-36.66	-20.96	9489.23	-3174.30	12376.66	-29.62	15.15	-122.46
184	536	317	225	196	209	150	-14.25	-36.59	-20.89	9480.56	-3158.79	12374.63	-7.84	26.30	-119.04
183	536	319	225	196	209	150	-14.31	-36.61	-20.78	9492.54	-3143.05	12378.70	-43.69	29.78	-120.08
183	536	318	226	196	208	150	-14.39	-36.55	-20.83	9506.51	-3156.30	12380.36	-50.91	50.59	-108.98
184	536	319	226	196	209	149	-14.29	-36.52	-20.78	9509.38	-3148.48	12377.34	-41.01	60.86	-100.53
183	536	320	227	196	209	149	-14.23	-36.52	-20.70	9511.31	-3135.46	12380.88	-44.66	65.02	-89.85
184	536	320	227	196	209	150	-14.35	-36.45	-20.68	9515.55	-3133.69	12377.83	-83.38	88.97	-76.01
184	537	320	227	196	208	150	-14.41	-36.43	-20.82	9516.17	-3158.60	12376.94	-57.11	94.72	-78.11
183	536	321	227	196	210	150	-14.32	-36.48	-20.72	9518.76	-3141.67	12367.89	-55.45	91.23	-75.91
184	536	321	227	196	209	149	-14.55	-36.45	-20.69	9539.23	-3143.39	12353.90	-105.88	130.77	-52.96
184	536	321	227	196	208	150	-14.78	-36.17	-21.00	9513.86	-3190.82	12349.40	-90.69	168.98	-55.16
184	536	321	228	197	209	150	-14.47	-36.23	-20.98	9501.37	-3182.88	12355.33	-37.20	145.48	-72.20
183	536	321	228	196	210	150	-14.49	-36.32	-20.84	9520.50	-3164.33	12374.17	-71.54	136.21	-66.09
182	536	320	228	196	209	150	-14.69	-36.27	-20.93	9525.48	-3182.32	12371.26	-95.37	155.55	-55.44
184	536	320	228	196	209	150	-14.56	-36.25	-20.98	9514.40	-3187.40	12375.69	-60.70	153.27	-61.22
184	536	320	228	196	209	150	-14.35	-36.39	-20.77	9518.88	-3150.23	12382.71	-56.16	124.01	-66.36
183	536	321	228	195	210	150	-14.63	-36.40	-20.79	9543.94	-3163.52	12383.17	-102.25	144.41	-54.44
183	536	320	228	196	209	150	-14.62	-36.22	-21.01	9524.54	-3197.14	12391.61	-48.19	158.89	-56.72
183	536	320	228	196	209	150	-14.36	-36.30	-20.83	9519.51	-3161.89	12401.03	-30.53	125.09	-72.83
184	536	320	228	195	210	150	-14.52	-36.42	-20.81	9539.74	-3166.59	12410.38	-61.61	102.54	-79.54
183	536	320	228	195	210	151	-14.60	-36.32	-20.95	9538.15	-3190.26	12416.06	-48.83	122.56	-74.36
183	536	320	228	195	209	150	-14.26	-36.31	-20.85	9510.64	-3161.15	12413.06	-3.38	102.68	-86.69
183	536	320	228	195	209	151	-14.29	-36.49	-20.77	9515.51	-3149.09	12403.60	-27.22	68.40	-95.51
183	536	320	228	195	209	151	-14.37	-36.53	-20.75	9535.34	-3153.04	12395.82	-39.45	83.68	-82.18
183	537	320	229	195	209	151	-14.23	-36.38	-20.86	9514.17	-3166.38	12396.23	23.82	98.70	-77.92
183	537	320	228	195	209	150	-13.92	-36.52	-20.63	9507.46	-3120.47	12401.62	37.38	59.96	-83.38
183	536	321	228	195	209	151	-14.20	-36.65	-20.62	9530.89	-3126.84	12388.14	-21.99	57.41	-72.21
183	536	321	228	195	209	150	-14.22	-36.59	-20.72	9535.74	-3148.10	12376.73	12.71	85.94	-57.65
183	536	320	229	195	210	150	-14.02	-36.56	-20.62	9521.36	-3124.30	12365.90	31.02	90.24	-55.07
183	536	320	229	195	208	150	-14.06	-36.66	-20.52	9527.49	-3109.08	12362.60	3.37	74.18	-56.86
183	536	320	229	195	209	151	-14.24	-36.68	-20.59	9544.91	-3127.03	12358.27	-9.75	81.67	-46.82
182	536	320	229	196	209	150	-14.17	-36.65	-20.55	9546.27	-3121.07	12355.16	0.59	95.54	-38.58
182	536	320	229	195	209	150	-14.12	-36.63	-20.61	9532.75	-3125.22	12362.60	18.51	83.06	-41.95
183	536	321	229	195	210	151	-14.21	-36.70	-20.58	9551.12	-3128.36	12370.67	-6.11	75.51	-47.20
183	536	320	229	195	208	151	-14.30	-36.65	-20.60	9562.96	-3136.34	12368.94	-16.71	97.38	-41.54
182	536	320	229	195	209	151	-14.13	-36.52	-20.59	9544.41	-3126.32	12375.69	9.38	117.22	-38.82
183	536	320	228	195	209	151	-13.99	-36.44	-20.53	9525.99	-3109.21	12386.70	15.91	108.60	-40.82
182	536	320	228	195	209	151	-13.96	-36.50	-20.45	9529.69	-3095.55	12379.97	5.36	102.87	-32.03
182	536	320	228	195	209	151	-13.93	-36.46	-20.39	9540.21	-3089.17	12379.57	1.39	119.08	-19.28
182	536	320	229	195	209	152	-13.98	-36.39	-20.47	9538.20	-3103.51	12385.39	9.62	130.43	-3.77
183	536	319	229	195	209	151	-13.94	-36.30	-20.58	9521.29	-3117.74	12401.12	35.39	128.81	-4.43
182	536	319	229	195	209	151	-13.92	-36.29	-20.60	9514.22	-3117.05	12417.07	34.82	113.31	-8.76
183	536	319	229	195	209	151	-13.98	-36.37	-20.60	9521.31	-3121.00	12415.61	32.58	96.10	-7.12
183	536	318	229	194	209	150	-13.97	-36.40	-20.59	9526.44	-3119.55	12399.63	37.75	104.99	-0.16
182	536	319	229	195	208	151	-13.89	-36.37	-20.54	9514.32	-3107.77	12391.25	43.57	110.39	5.99
183	536	320	229	195	209	152	-13.92	-36.44	-20.48	9518.41	-3097.78	12378.29	32.94	105.17	11.19
183	536	320	228	195	209	151	-13.98	-36.50	-20.51	9531.89	-3108.29	12367.37	39.29	113.17	21.03
183	536	320	229	195	209	151	-14.08	-36.47	-20.52	9534.89	-3111.88	12356.80	30.68	136.51	33.43
183	536	320	229	195	208	150	-14.06	-36.41	-20.58	9532.95	-3120.88	12357.56	46.84	153.98	44.81
183	536	319	229	195	210	151	-14.09	-36.34	-20.64	9530.10	-3131.04	12361.88	49.25	169.28	47.62
183	536	319	229	194	209	151	-14.08	-36.25	-20.59	9532.99	-3123.49	12375.99	32.04	185.92	45.99
183	536	319	229	194	208	151	-14.10	-36.14	-20.65	9531.34	-3134.11	12388.39	33.89	196.92	43.69
183	536	319	229	194	208	151	-14.02	-36.08	-20.63	9524.18	-3128.01	12393.37	40.34	207.28	43.16
183	536	319	229	195	209	152	-13.87	-36.05	-20.61	9517.57	-3120.41	12403.90	63.97	202.76	37.20
183	536	320	229	194	209	151	-13.77	-36.08	-20.48	9512.49	-3096.59	12414.91	52.38	194.02	38.69
183	536	318	229	194	209	151	-13.85	-36.06	-20.55	9522.26	-3112.76	12421.16	32.31	196.87	55.00
183	536	315	229	194	209	151	-13.91	-35.96	-20.75	9499.75	-3139.72	12420.90	61.49	200.68	56.75
183	536	315	229	194	209	152	-13.58	-35.98	-20.58	9478.76	-3101.13	12423.66	91.47	178.50	50.72
183	536	316	228	194	209	151	-13.57	-36.07	-20.54	9484.42	-3096.88	12432.68	83.19	147.52	46.23
183	536	316	229	194	209	151	-13.68	-36.07	-20.50	9495.80	-3093.83	12418.04	59.58	163.55	57.77
183	536	317	229	194	209	151	-13.71	-35.97	-20.59	9485.61	-3105.54	12413.74	76.55	182.27	58.73
183	536	316	229	194	210	151	-13.48	-35.98	-20.47	9475.73	-3079.06	12408.65	100.18	171.70	49.04
183	536	318	229	194	209	152	-13.53	-35.98	-20.35	9482.14	-3061.91	12412.62	71.67	176.82	46.84
183	536	317	228	194	209	152	-13.61	-35.95	-20.43	9488.84	-3076.82	12414.39	78.08	193.08	47.65
182	536	316	229	194	208	151	-13.57	-35.89	-20.50	9479.59	-3086.57	12421.07	106.48	194.87	41.92
183	537	317	229	194	209	151	-13.54	-35.90	-20.46	9473.82	-3077.05	12435.02	94.56	177.08	29.12
183	536	318	228	194	209	151	-13.55	-35.92	-20.42	9470.92	-3068.99	12449.66	73.73	160.68	23.91
182	536	317	229	194	209	151	-13.55	-35.89	-20.49	9447.38	-3071.94	12443.78	81.39	145.74	21.02
183	536	318	229	193	209	151	-13.43	-36.05	-20.36	9441.41	-3046.35	12443.59	83.02	104.71	15.02
183	536	318	229	194	209	152	-13.46	-36.23	-20.30	9453.34	-3039.23	12432.61	68.57	78.27	14.92
182	536	317	228	194	209	151	-13.54	-36.33	-20.31	9460.87	-3044.07	12419.18	63.54	75.21	19.32
183	536	318	229	194	210	152	-13.58	-36.36	-20.32	9462.23	-3046.46	12404.22	57.17	77.40	19.66
183	536	317	229	194	209	151	-13.49	-36.42	-20.26	9462.72	-3036.14	12409.21	71.96	63.53	12.22
183	536	317	229	194	209	151	-13.59	-36.46	-20.26	9463.58	-3036.53	12409.75	46.16	54.85	7.81
183	536	317	229	194	209	152	-13.71	-36.46	-20.28	9471.60	-3044.31	12410.26	24.95	60.11	5.97
183	537	318	229	194	210	152	-13.77	-36.44	-20.33	9474.22	-3054.09	12413.15	22.65	63.35	3.82
183	536	317	229	194	208	151	-13.77	-36.53	-20.29	9485.91	-3049.19	12415.49	14.47	55.63	-7.07
183	536	317	230	194	208	150	-13.90	-36.62	-20.26	9504.82	-3051.13	12414.52	-18.55	50.90	-18.67
183	536	317	229	194	209	151	-14.09	-36.55	-20.42	9505.58	-3081.97	12404.99	-21.62	71.26	-27.98
183	536	317	229	194	209	152	-13.95	-36.49	-20.34	9497.90	-3064.27	12407.54	-13.54	84.89	-43.08
183	537	318	229	194	209	151	-13.93	-36.47	-20.32	9487.40	-3057.46	12408.16	-18.27	77.05	-55.73
183	536	317	229	194	208	152	-13.82	-36.41	-20.20	9482.43	-3032.39	12409.76	-23.50	91.20	-58.39
183	536	317	229	194	208	151	-13.60	-36.42	-20.04	9473.51	-3001.17	12409.27	-25.38	79.44	-61.37
183	536	317	229	194	209	152	-13.69	-36.47	-19.99	9486.23	-2996.91	12410.60	-53.86	73.92	-54.05
183	536	317	228	194	209	152	-13.69	-36.46	-20.02	9503.92	-3008.06	12411.87	-40.72	86.07	-48.90
183	536	317	229	194	208	151	-13.71	-36.41	-20.04	9507.93	-3013.86	12416.88	-43.48	106.32	-41.06
183	536	316	229	194	209	152	-13.81	-36.35	-20.12	9504.33	-3026.97	12422.44	-47.41	112.65	-40.45
183	536	314	229	194	209	151	-13.90	-36.33	-20.21	9500.91	-3041.62	12426.71	-48.34	107.52	-49.68
182	536	314	229	194	209	152	-13.85	-36.37	-20.18	9498.47	-3034.14	12420.78	-48.72	106.59	-54.15
183	536	312	229	194	208	151	-13.88	-36.23	-20.26	9487.34	-3045.63	12433.74	-56.28	123.26	-48.49
183	536	312	229	194	209	152	-13.81	-36.08	-20.22	9459.58	-3029.95	12431.65	-54.17	139.15	-39.56
183	536	312	229	193	209	152	-13.77	-36.02	-20.21	9446.20	-3021.65	12448.47	-61.71	129.19	-26.69
183	536	310	229	194	208	151	-13.73	-36.04	-20.24	9441.09	-3026.57	12455.85	-45.97	104.18	0.65
183	535	308	229	194	208	152	-13.68	-36.09	-20.23	9439.63	-3022.64	12460.85	-38.73	85.92	24.82
183	536	307	229	193	209	152	-13.72	-36.17	-20.30	9429.85	-3032.11	12461.81	-39.59	55.78	40.67
183	535	308	229	194	209	152	-13.75	-36.32	-20.34	9437.56	-3041.50	12455.52	-25.81	25.04	52.29
183	536	309	229	194	208	151	-13.81	-36.44	-20.32	9456.88	-3044.63	12441.54	-30.82	25.59	74.48
183	536	308	229	194	209	152	-13.92	-36.39	-20.40	9462.04	-3062.60	12445.87	-27.53	40.01	97.55
183	536	308	229	194	208	152	-13.76	-36.44	-20.34	9452.74	-3048.07	12435.17	-0.85	30.11	109.37
183	536	308	229	194	209	152	-13.74	-36.47	-20.27	9458.70	-3037.26	12434.81	-9.11	27.70	123.81
183	536	308	228	194	209	151	-13.70	-36.42	-20.23	9459.56	-3030.40	12438.87	-9.25	36.82	145.72
183	536	308	228	194	208	151	-13.76	-36.35	-20.34	9454.18	-3047.48	12453.33	-6.79	40.88	163.53
183	536	309	227	194	209	151	-13.72	-36.39	-20.42	9456.48	-3063.91	12453.86	30.60	26.18	178.00
182	536	309	227	194	209	151	-13.49	-36.46	-20.26	9455.45	-3033.31	12444.97	46.37	16.42	193.40
183	536	309	226	194	209	151	-13.57	-36.57	-20.23	9471.48	-3034.65	12441.72	33.80	5.85	214.93
183	536	309	225	194	209	150	-13.53	-36.67	-20.34	9479.10	-3057.51	12434.83	77.51	-12.19	225.39
182	535	309	225	194	208	149	-13.45	-36.84	-20.21	9498.35	-3041.64	12423.09	79.78	-26.38	233.17
183	536	310	224	194	209	149	-13.72	-36.93	-20.29	9535.03	-3068.16	12416.54	54.14	-16.46	244.81
183	536	310	222	194	209	150	-13.94	-36.84	-20.58	9541.28	-3124.75	12409.91	91.24	5.71	240.07
182	536	310	220	194	208	149	-13.65	-36.96	-20.47	9544.62	-3105.11	12399.81	149.58	-16.37	215.11
183	535	311	219	193	209	149	-13.65	-37.16	-20.30	9564.38	-3081.25	12400.42	110.95	-48.01	192.51
183	536	311	218	194	209	148	-14.02	-37.10	-20.44	9568.96	-3109.99	12384.20	63.30	-23.11	193.53
183	536	311	215	194	209	149	-13.98	-37.05	-20.46	9561.72	-3109.29	12371.59	78.28	-10.80	177.16
182	536	310	214	194	209	148	-13.75	-37.20	-20.28	9567.83	-3079.03	12363.61	92.42	-37.21	158.30
182	536	310	215	195	209	149	-13.92	-37.26	-20.24	9592.84	-3081.68	12350.83	54.45	-17.50	158.03
182	536	309	215	194	210	148	-14.07	-37.07	-20.35	9600.00	-3104.99	12347.69	53.38	35.68	154.68
183	536	310	215	194	208	149	-13.97	-36.91	-20.36	9590.80	-3102.34	12350.10	72.11	62.69	147.85
182	536	309	215	194	209	149	-13.98	-36.82	-20.36	9579.06	-3098.63	12362.20	66.35	62.66	132.01
183	536	309	215	194	208	150	-14.08	-36.77	-20.41	9584.30	-3109.29	12372.69	50.44	71.07	112.81
183	536	309	215	194	210	148	-14.10	-36.66	-20.51	9577.09	-3125.63	12383.85	64.66	83.77	92.22
182	536	310	217	194	209	149	-13.98	-36.68	-20.44	9574.83	-3111.95	12385.46	74.53	77.33	75.60
182	536	310	219	194	209	149	-13.96	-36.75	-20.37	9582.49	-3101.15	12373.99	58.95	74.57	60.97
182	536	310	221	194	209	149	-14.03	-36.69	-20.38	9588.37	-3104.09	12375.49	43.46	96.99	52.63
183	536	309	223	194	208	149	-14.07	-36.64	-20.46	9586.55	-3119.09	12368.91	48.33	110.79	36.09
183	536	310	224	195	209	149	-13.97	-36.65	-20.42	9577.62	-3108.13	12363.87	50.87	108.90	19.34
182	536	310	224	195	209	150	-13.95	-36.62	-20.37	9576.14	-3099.93	12365.47	41.72	116.30	17.17
182	536	310	225	194	208	149	-14.03	-36.58	-20.33	9580.93	-3093.53	12342.20	16.24	146.14	19.66
182	536	309	225	195	210	150	-14.08	-36.51	-20.37	9576.69	-3098.65	12332.49	15.73	164.73	13.78
182	536	309	226	195	210	150	-14.04	-36.44	-20.33	9571.05	-3089.92	12335.07	11.79	177.89	3.49
183	536	309	226	194	210	150	-14.16	-36.40	-20.29	9579.30	-3084.03	12341.51	-26.40	197.80	6.07
183	536	309	223	195	208	150	-14.36	-36.23	-20.55	9582.33	-3134.62	12357.64	-3.88	225.51	11.86
182	536	306	221	194	209	149	-14.06	-36.10	-20.51	9561.22	-3118.69	12369.35	47.01	234.53	5.57
182	536	306	220	194	210	149	-14.07	-35.98	-20.56	9532.16	-3118.16	12387.89	30.61	222.31	-8.76
183	536	306	220	194	209	150	-14.13	-36.00	-20.50	9541.35	-3109.45	12410.49	-10.82	213.14	-15.37
182	536	307	221	194	209	149	-14.00	-36.02	-20.49	9534.08	-3105.58	12412.97	5.82	200.69	-18.00
182	536	306	222	194	209	150	-13.86	-36.03	-20.44	9516.78	-3088.30	12420.92	14.63	176.00	-18.90
182	536	307	222	195	209	150	-13.87	-36.17	-20.42	9523.94	-3087.28	12413.47	12.65	154.80	-18.01
182	536	307	222	195	210	150	-13.91	-36.21	-20.39	9538.54	-3089.12	12399.40	12.67	173.51	-8.26
182	536	306	223	195	209	150	-13.99	-36.11	-20.48	9528.41	-3101.26	12389.43	27.33	196.09	-10.59
183	536	305	223	195	208	150	-13.84	-36.12	-20.42	9516.39	-3086.40	12381.56	40.27	192.23	-20.61
183	536	306	223	195	210	150	-13.82	-36.22	-20.37	9524.57	-3080.28	12375.68	36.25	188.37	-24.78
182	536	307	224	194	209	150	-13.85	-36.13	-20.36	9520.75	-3075.47	12378.69	22.19	208.85	-24.79
182	536	306	224	195	209	150	-13.68	-36.13	-20.26	9513.31	-3055.49	12384.56	37.23	204.41	-22.45
182	536	306	225	195	209	150	-13.61	-36.18	-20.21	9515.64	-3046.72	12384.53	37.17	189.84	-21.78
182	536	306	226	194	208	150	-13.77	-36.13	-20.29	9518.86	-3062.38	12394.30	19.31	195.45	-23.39
182	536	306	225	194	210	150	-13.76	-36.07	-20.34	9507.12	-3067.26	12409.39	32.50	189.77	-26.67
182	536	306	226	195	209	151	-13.69	-36.14	-20.33	9495.56	-3061.10	12413.52	42.27	156.74	-35.94
182	536	306	226	195	208	151	-13.64	-36.22	-20.30	9498.38	-3056.04	12414.24	43.71	135.95	-38.89
182	535	306	226	195	208	150	-13.73	-36.14	-20.28	9500.86	-3054.04	12420.73	18.72	161.90	-34.70
182	536	305	226	195	210	151	-13.55	-36.05	-20.29	9485.82	-3050.54	12435.89	51.74	161.41	-33.41
182	536	305	226	195	209	150	-13.46	-36.00	-20.16	9476.13	-3024.61	12451.70	35.20	158.04	-30.59
182	536	304	226	195	208	151	-13.46	-36.02	-20.21	9471.32	-3030.58	12451.51	45.99	146.98	-20.31
182	535	303	227	195	208	151	-13.46	-36.04	-20.19	9467.16	-3025.45	12445.14	49.84	141.33	-9.90
183	536	304	227	195	209	150	-13.51	-36.12	-20.15	9477.40	-3022.98	12444.88	31.75	133.27	-3.70
183	536	302	227	195	209	151	-13.68	-36.07	-20.33	9458.13	-3048.43	12437.84	19.51	134.80	4.48
183	535	301	227	195	208	151	-13.53	-36.07	-20.22	9456.02	-3027.41	12429.75	35.44	137.36	9.86
182	535	301	227	195	209	151	-13.57	-36.08	-20.19	9447.42	-3019.24	12426.26	17.21	129.00	10.12
183	535	301	227	195	209	150	-13.65	-36.16	-20.23	9459.25	-3030.28	12421.74	8.20	123.00	10.76
182	535	301	227	195	209	150	-13.50	-36.14	-20.20	9460.09	-3025.76	12429.46	41.49	121.10	18.37
182	536	302	227	195	209	151	-13.40	-36.18	-20.07	9463.08	-3003.87	12435.38	32.52	115.84	24.00
183	536	300	227	195	209	150	-13.59	-36.15	-20.16	9469.33	-3020.08	12432.62	3.39	129.70	31.25
182	535	300	227	195	209	151	-13.59	-36.08	-20.17	9461.26	-3019.28	12435.58	-4.08	143.31	35.39
183	535	301	227	194	208	150	-13.56	-36.09	-20.21	9452.80	-3023.11	12438.20	11.83	125.20	29.07
182	535	300	227	195	209	151	-13.70	-36.08	-20.22	9458.96	-3028.76	12432.50	-16.41	139.39	29.32
182	535	299	227	195	208	150	-13.65	-35.99	-20.30	9446.61	-3037.52	12439.27	11.21	145.92	26.50
182	535	300	227	195	208	151	-13.49	-35.99	-20.22	9432.08	-3018.44	12439.11	25.70	132.92	13.93
182	536	300	227	195	209	151	-13.44	-36.02	-20.14	9429.47	-3003.72	12452.55	12.36	120.43	8.83
182	535	301	227	195	208	151	-13.48	-35.97	-20.13	9418.40	-2997.34	12454.32	-9.61	123.56	12.34
182	536	300	227	195	208	151	-13.49	-35.96	-20.16	9414.08	-3000.47	12459.41	-15.48	121.83	16.02
182	536	300	227	194	209	151	-13.38	-35.97	-20.18	9404.58	-3001.25	12468.84	13.05	100.24	15.17
182	535	300	227	195	209	151	-13.38	-36.03	-20.10	9407.95	-2987.58	12479.39	-3.16	83.52	18.61
182	535	300	228	195	209	152	-13.34	-36.12	-20.05	9420.55	-2982.40	12484.62	0.45	74.30	24.98
182	535	300	227	195	209	151	-13.38	-36.11	-20.04	9424.92	-2983.08	12485.19	-9.82	78.88	31.33
183	536	300	227	195	209	150	-13.45	-36.15	-20.12	9425.48	-2998.33	12476.33	4.07	67.39	33.72
182	535	300	228	195	209	151	-13.41	-36.25	-20.09	9434.80	-2996.41	12471.12	12.97	59.32	37.23
182	535	300	227	195	209	151	-13.46	-36.22	-20.12	9439.66	-3003.39	12463.96	15.52	75.15	40.52
182	535	300	227	195	208	151	-13.41	-36.17	-20.13	9426.28	-2999.62	12459.36	20.79	74.55	34.89
182	536	300	227	194	208	151	-13.37	-36.22	-20.04	9420.56	-2981.04	12456.99	2.85	57.67	26.80
182	535	300	227	195	208	151	-13.47	-36.31	-20.08	9433.73	-2994.99	12462.14	-17.94	46.74	22.96
182	535	300	228	195	209	151	-13.56	-36.26	-20.12	9442.25	-3004.84	12463.84	-25.84	64.10	30.31
182	535	299	227	195	208	151	-13.55	-36.22	-20.12	9448.54	-3006.40	12451.24	-5.30	80.04	35.24
182	535	300	227	195	209	151	-13.40	-36.17	-20.11	9440.71	-3001.08	12462.08	23.71	79.44	33.78
183	535	300	227	194	208	152	-13.46	-36.09	-20.12	9436.07	-3001.02	12479.98	0.58	76.17	32.09
181	535	299	227	195	209	151	-13.53	-36.11	-20.16	9434.87	-3008.97	12484.58	-5.75	66.46	30.54
182	535	299	228	195	209	151	-13.55	-36.14	-20.20	9432.93	-3015.52	12487.55	-2.16	51.44	28.96
182	535	300	227	195	208	151	-13.45	-36.23	-20.17	9428.68	-3008.55	12480.57	15.85	24.22	13.56
183	535	299	228	195	208	151	-13.50	-36.39	-20.10	9438.45	-2999.12	12460.94	-7.10	9.46	9.84
182	535	299	227	195	209	151	-13.59	-36.43	-20.11	9451.12	-3004.76	12436.50	-11.34	30.38	20.24
182	534	298	227	195	209	151	-13.63	-36.36	-20.12	9450.77	-3006.73	12430.07	-9.77	53.66	30.63
183	535	299	227	195	209	151	-13.59	-36.29	-20.13	9441.23	-3006.59	12437.17	-2.34	55.73	24.45
182	534	299	227	194	208	151	-13.61	-36.27	-20.09	9451.37	-3001.66	12444.91	-18.02	55.79	24.28
182	535	299	227	195	209	151	-13.60	-36.28	-20.06	9455.20	-2998.98	12446.66	-20.67	61.80	31.81
182	535	299	227	195	208	152	-13.56	-36.27	-20.04	9448.64	-2991.23	12436.93	-18.28	67.46	41.52
182	535	299	227	194	209	152	-13.54	-36.33	-19.95	9450.41	-2976.67	12436.08	-32.27	58.69	37.90
182	535	299	227	195	209	151	-13.67	-36.39	-19.98	9468.09	-2988.23	12440.28	-48.61	57.41	46.35
182	534	299	227	195	208	151	-13.77	-36.36	-20.05	9479.08	-3005.22	12441.26	-48.23	71.24	51.73
182	535	299	227	194	209	152	-13.74	-36.36	-20.03	9479.33	-3001.56	12437.80	-44.37	76.47	54.95
182	534	299	227	195	209	152	-13.84	-36.32	-20.09	9472.36	-3010.48	12435.91	-56.20	77.15	50.45
182	534	299	227	195	208	151	-13.75	-36.26	-20.10	9464.95	-3008.36	12438.31	-47.14	77.54	46.28
182	535	299	227	195	208	152	-13.78	-36.25	-20.03	9461.30	-2995.94	12434.80	-75.23	83.17	47.51
182	535	299	227	195	208	152	-13.86	-36.26	-20.07	9463.63	-3001.74	12436.66	-88.52	84.81	50.54
182	535	299	227	195	209	151	-13.84	-36.20	-20.16	9456.65	-3015.86	12440.42	-63.24	87.82	53.86
183	535	299	227	195	209	152	-13.80	-36.18	-20.12	9457.82	-3010.26	12452.00	-68.58	88.93	49.92
182	534	298	227	194	209	152	-13.86	-36.16	-20.12	9463.73	-3011.15	12462.00	-87.65	94.03	53.67
182	534	297	227	194	209	152	-13.90	-36.15	-20.19	9467.14	-3025.19	12451.90	-79.37	107.38	55.29
182	534	298	227	194	209	152	-13.76	-36.08	-20.17	9456.18	-3018.53	12458.91	-54.45	99.66	35.57
182	534	298	227	195	209	152	-13.81	-36.17	-20.12	9458.37	-3010.21	12466.16	-83.53	76.63	20.00
182	534	299	227	194	209	152	-13.98	-36.25	-20.20	9463.25	-3025.70	12450.85	-99.20	70.75	16.20
182	534	299	227	195	209	152	-13.93	-36.33	-20.19	9465.69	-3024.81	12439.91	-76.19	73.31	10.04
183	534	299	227	194	208	152	-13.86	-36.36	-20.14	9466.41	-3016.37	12432.71	-70.13	76.09	8.73
182	534	299	228	195	209	152	-13.96	-36.39	-20.17	9470.89	-3023.95	12422.08	-75.73	81.14	7.95
182	534	299	227	194	209	152	-14.02	-36.38	-20.16	9470.54	-3021.35	12413.97	-96.34	89.08	6.55
182	534	299	227	194	209	152	-14.07	-36.35	-20.17	9463.21	-3020.49	12417.27	-113.27	94.53	9.22
182	534	299	228	195	208	152	-14.09	-36.32	-20.26	9448.65	-3030.66	12420.21	-106.16	87.55	7.71
182	534	300	227	195	209	152	-14.04	-36.34	-20.15	9443.42	-3009.53	12409.80	-128.15	86.12	5.78
183	534	299	227	195	209	152	-14.06	-36.39	-20.13	9447.05	-3007.05	12395.71	-136.19	83.62	14.44
183	534	298	227	194	209	152	-14.09	-36.37	-20.19	9447.50	-3017.70	12391.52	-129.53	89.34	19.52
183	534	299	227	195	209	153	-14.10	-36.33	-20.21	9450.12	-3022.61	12403.75	-128.76	96.72	16.29
182	534	299	228	195	209	152	-14.12	-36.33	-20.21	9455.62	-3025.88	12422.16	-138.02	92.48	14.02
182	534	299	227	195	208	152	-14.13	-36.27	-20.31	9455.83	-3043.19	12433.85	-125.67	92.26	9.72
182	534	300	228	194	209	152	-14.07	-36.25	-20.28	9448.64	-3035.83	12438.16	-121.53	88.80	1.94
182	534	301	228	195	209	152	-14.02	-36.30	-20.22	9452.81	-3025.84	12437.45	-129.96	81.11	-2.36
183	534	300	228	195	210	152	-14.04	-36.21	-20.22	9453.37	-3026.15	12447.38	-139.71	97.60	7.51
183	534	301	228	195	209	152	-14.01	-36.09	-20.24	9440.70	-3024.24	12444.21	-126.02	115.87	18.43
182	535	300	228	195	208	152	-14.05	-36.11	-20.24	9438.07	-3023.23	12448.80	-140.42	105.43	19.71
182	534	301	228	194	209	153	-14.29	-36.15	-20.41	9444.36	-3058.47	12450.16	-150.30	99.11	23.58
182	534	301	228	195	208	153	-14.29	-36.18	-20.44	9448.34	-3064.94	12431.85	-133.39	108.20	30.30
182	534	301	228	194	208	152	-14.32	-36.20	-20.45	9444.53	-3064.50	12419.85	-135.87	112.59	33.33
183	534	301	227	194	209	153	-14.44	-36.18	-20.50	9443.70	-3073.27	12412.26	-148.42	116.66	31.47
183	534	300	227	194	209	153	-14.43	-36.21	-20.50	9446.92	-3074.21	12405.25	-143.80	118.63	28.89
182	534	300	227	194	209	152	-14.50	-36.17	-20.55	9449.17	-3084.30	12417.79	-153.26	119.35	23.70
183	534	301	227	195	208	152	-14.55	-36.16	-20.62	9452.51	-3097.08	12419.90	-151.05	117.63	21.21
182	534	301	228	194	208	153	-14.45	-36.15	-20.63	9449.48	-3098.03	12421.10	-127.05	106.25	14.65
183	534	301	227	195	208	153	-14.45	-36.20	-20.60	9453.21	-3094.33	12416.84	-136.39	99.74	7.27
183	534	300	228	195	211	152	-14.56	-36.10	-20.67	9456.95	-3109.01	12419.40	-149.98	123.25	10.96
182	534	300	227	194	209	153	-14.44	-35.97	-20.72	9436.50	-3110.36	12422.83	-128.68	135.14	12.61
182	534	300	227	194	208	152	-14.36	-36.00	-20.71	9429.88	-3105.24	12431.69	-118.59	114.98	9.33
182	534	300	227	195	209	152	-14.33	-36.06	-20.74	9435.98	-3114.18	12439.31	-97.71	98.63	10.71
182	534	300	228	195	209	152	-14.29	-36.09	-20.75	9442.98	-3117.27	12441.14	-82.88	94.95	20.73
182	534	301	227	195	209	153	-14.38	-36.13	-20.74	9449.24	-3119.21	12432.88	-95.38	106.40	39.84
182	534	300	228	194	208	152	-14.50	-36.16	-20.88	9451.17	-3145.85	12411.44	-76.81	112.33	48.55
182	534	300	227	195	209	153	-14.49	-36.14	-20.88	9446.02	-3143.75	12401.87	-64.72	117.76	53.02
182	534	300	227	194	208	152	-14.58	-36.18	-20.93	9446.91	-3151.57	12388.97	-67.14	110.13	54.02
183	535	300	227	194	209	153	-14.63	-36.19	-21.01	9449.37	-3168.59	12378.92	-48.53	113.97	59.82
182	535	302	227	195	209	153	-14.50	-36.17	-20.99	9440.30	-3161.76	12370.38	-18.70	122.67	64.83