202	529	505	235	198	214	163	-5.87	-62.30	-4.52	14398.04	-780.58	7543.28	-17.10	-12.98	-107.12
202	529	506	235	198	214	163	-5.83	-62.36	-4.52	14398.94	-780.95	7529.11	2.40	-23.28	-107.16
202	530	505	236	198	215	163	-5.78	-62.44	-4.52	14401.99	-779.51	7519.66	15.93	-33.07	-103.25
202	529	505	236	198	215	161	-5.79	-62.48	-4.53	14400.89	-782.13	7517.07	24.19	-43.36	-100.89
202	529	506	236	198	214	163	-5.75	-62.53	-4.49	14402.45	-773.63	7514.82	26.33	-47.65	-104.25
202	530	505	236	198	214	163	-5.76	-62.56	-4.49	14405.93	-771.94	7505.88	20.91	-45.66	-103.68
203	529	505	236	198	215	163	-5.73	-62.61	-4.45	14406.63	-762.15	7489.19	13.56	-41.58	-112.60
202	530	505	236	198	215	163	-5.69	-62.60	-4.42	14401.70	-754.04	7477.33	-7.36	-32.80	-125.12
202	529	505	235	198	216	163	-5.68	-62.64	-4.36	14406.81	-741.74	7466.06	-22.05	-16.66	-131.16
202	529	506	236	198	214	162	-5.71	-62.52	-4.37	14404.87	-743.25	7461.16	-22.24	19.92	-127.75
202	530	506	236	198	214	163	-5.66	-62.36	-4.37	14390.03	-741.69	7476.30	-14.08	38.83	-127.22
202	530	506	236	198	215	163	-5.58	-62.29	-4.33	14384.53	-732.20	7491.08	-13.53	38.28	-120.36
203	529	505	236	198	215	162	-5.61	-62.23	-4.33	14377.10	-731.19	7501.13	-19.60	33.57	-106.79
202	529	506	236	198	215	163	-5.64	-62.17	-4.40	14369.24	-747.43	7517.87	-3.87	20.74	-76.50
201	529	505	236	198	215	163	-5.21	-62.28	-4.33	14348.78	-729.86	7504.98	24.37	8.75	-57.07
201	529	505	236	198	215	163	-4.94	-62.33	-4.23	14344.54	-703.57	7497.13	19.65	0.22	-57.42
201	529	506	235	198	216	163	-5.06	-62.32	-4.25	14342.91	-707.39	7490.87	4.47	9.26	-45.45
201	529	506	236	199	216	163	-5.18	-62.35	-4.30	14346.77	-720.22	7484.13	13.60	17.69	-34.13
201	529	505	236	198	215	163	-5.26	-62.35	-4.31	14349.03	-723.01	7469.72	13.52	24.16	-25.37
201	529	506	236	198	215	163	-5.53	-62.39	-4.38	14354.18	-741.06	7464.44	6.89	18.35	-20.85
201	529	506	236	198	215	163	-5.57	-62.48	-4.39	14368.47	-744.41	7447.21	12.25	20.98	-19.81
201	529	505	236	198	214	163	-5.56	-62.51	-4.37	14367.04	-740.79	7438.25	9.04	23.78	-25.07
201	529	506	236	199	216	163	-5.65	-62.54	-4.37	14371.49	-741.75	7435.94	-5.07	20.84	-34.32
201	529	506	236	199	215	163	-5.67	-62.51	-4.36	14378.12	-738.46	7435.94	-8.96	30.55	-32.10
202	529	505	236	198	215	163	-5.76	-62.51	-4.39	14370.41	-745.14	7436.55	-24.57	36.52	-36.14
201	529	506	236	198	216	161	-5.74	-62.50	-4.37	14372.49	-741.68	7435.72	-35.39	38.45	-51.79
202	529	506	236	199	216	162	-5.83	-62.46	-4.37	14377.66	-740.20	7443.13	-62.67	41.48	-68.70
201	529	506	236	198	217	163	-6.00	-62.41	-4.41	14379.18	-749.99	7452.98	-84.18	41.20	-73.41
201	528	506	236	198	215	163	-6.08	-62.39	-4.42	14372.82	-753.49	7464.33	-94.42	29.69	-75.04
202	528	506	236	198	215	163	-6.10	-62.41	-4.44	14370.98	-757.41	7477.51	-97.35	4.21	-83.84
201	528	506	235	198	215	163	-6.00	-62.50	-4.41	14383.83	-749.74	7485.43	-98.44	-26.70	-90.40
201	528	506	236	198	215	163	-5.82	-62.58	-4.30	14378.44	-723.85	7483.76	-113.71	-44.37	-96.28
202	528	506	236	199	216	163	-5.83	-62.67	-4.30	14380.92	-723.86	7474.77	-107.03	-53.85	-96.51
202	528	505	236	198	215	163	-5.63	-62.72	-4.24	14378.67	-707.47	7481.64	-91.08	-68.31	-92.84
202	528	506	236	198	216	163	-5.69	-62.84	-4.20	14393.14	-700.90	7469.35	-101.67	-75.94	-93.35
201	528	506	236	199	215	162	-6.03	-62.95	-4.29	14414.88	-724.65	7458.89	-112.29	-80.14	-84.13
201	528	505	236	198	216	163	-6.31	-62.98	-4.43	14434.34	-759.82	7453.54	-87.48	-82.34	-76.82
201	528	505	235	198	217	163	-6.46	-62.92	-4.51	14441.42	-779.03	7460.46	-74.60	-74.42	-79.93
201	527	505	236	198	216	163	-6.46	-62.87	-4.56	14436.95	-792.68	7474.64	-44.72	-86.20	-100.89
201	527	505	235	198	216	163	-6.22	-62.85	-4.51	14435.90	-778.64	7487.71	-15.84	-98.74	-126.09
201	527	505	235	198	216	164	-5.97	-62.88	-4.40	14427.71	-752.51	7489.92	-11.39	-114.90	-160.49
201	526	505	235	198	217	164	-5.74	-63.00	-4.32	14416.32	-731.88	7474.63	-4.67	-135.81	-186.16
200	527	505	235	198	217	162	-5.35	-63.12	-4.22	14407.30	-704.09	7458.10	20.36	-157.72	-198.30
200	526	505	235	198	215	163	-4.99	-63.27	-4.08	14403.14	-669.29	7424.59	34.04	-169.38	-200.74
200	526	505	235	198	216	163	-4.79	-63.42	-3.98	14400.58	-646.22	7392.36	30.09	-176.11	-190.65
200	526	505	235	198	217	164	-4.72	-63.58	-3.94	14401.55	-635.31	7355.94	38.14	-179.46	-175.77
200	526	505	235	198	216	163	-4.67	-63.67	-3.93	14407.47	-633.14	7332.75	54.58	-177.93	-164.03
200	526	505	236	198	215	163	-4.65	-63.74	-3.91	14420.10	-629.09	7309.91	54.70	-167.44	-145.73
199	526	505	235	198	216	164	-4.79	-63.75	-3.94	14431.30	-638.23	7298.81	57.76	-156.12	-127.29
199	526	505	235	198	217	163	-4.81	-63.75	-3.97	14452.13	-647.12	7292.07	82.43	-141.96	-117.23
199	525	505	235	198	217	163	-4.81	-63.73	-3.96	14457.52	-645.77	7287.07	89.86	-124.06	-116.37
199	525	505	235	198	215	164	-4.86	-63.70	-3.98	14469.85	-651.48	7295.92	104.16	-118.21	-128.55
199	524	505	235	198	215	163	-4.46	-63.77	-3.89	14482.16	-628.70	7288.72	123.00	-116.25	-141.32
199	524	505	235	198	216	163	-4.13	-63.89	-3.75	14503.85	-595.47	7266.08	114.60	-115.79	-152.95
199	524	505	235	198	216	164	-3.98	-63.97	-3.67	14522.66	-577.49	7238.58	110.42	-101.75	-160.61
198	524	505	235	198	216	164	-3.72	-63.99	-3.58	14529.32	-556.82	7211.85	139.80	-79.31	-157.53
199	524	505	235	199	216	163	-3.38	-63.95	-3.48	14527.46	-531.18	7208.46	161.61	-68.64	-156.85
199	524	505	235	198	216	163	-3.27	-63.94	-3.40	14531.88	-511.82	7200.04	144.03	-63.81	-158.11
199	524	505	235	198	217	163	-3.36	-63.96	-3.43	14530.29	-518.03	7195.63	135.68	-64.77	-159.85
199	524	505	235	198	217	163	-3.26	-64.01	-3.38	14527.17	-506.53	7178.25	135.50	-56.33	-163.31
198	524	505	235	199	216	163	-3.21	-64.05	-3.35	14515.82	-496.80	7162.94	130.82	-56.82	-158.89
198	524	505	235	198	216	163	-3.23	-64.06	-3.33	14515.22	-491.96	7156.19	119.43	-60.12	-155.15
198	523	505	235	198	217	163	-3.19	-64.09	-3.28	14514.06	-480.96	7140.18	111.01	-56.02	-141.14
197	523	505	235	198	216	164	-3.19	-64.19	-3.27	14512.96	-476.51	7119.17	108.61	-60.27	-127.19
197	523	505	235	198	216	164	-3.08	-64.23	-3.20	14515.71	-459.89	7098.21	104.93	-55.10	-116.08
197	523	505	235	198	216	163	-3.03	-64.22	-3.16	14518.52	-449.89	7091.50	95.18	-47.15	-109.97
197	523	505	235	198	216	163	-2.98	-64.22	-3.11	14523.60	-437.60	7083.13	76.12	-36.74	-100.62
197	523	504	235	198	216	163	-3.06	-64.22	-3.11	14537.02	-439.52	7079.37	55.57	-27.60	-95.59
197	523	505	235	198	215	163	-3.18	-64.18	-3.14	14548.17	-446.94	7080.60	45.44	-8.02	-99.71
198	523	505	235	198	216	164	-3.09	-64.14	-3.12	14549.36	-442.60	7085.37	48.17	2.18	-95.78
198	523	505	235	198	216	163	-2.97	-64.15	-3.05	14550.29	-425.27	7088.70	38.36	-2.73	-93.89
198	522	505	235	198	217	163	-2.86	-64.19	-3.00	14558.58	-411.60	7078.47	35.04	0.20	-81.09
198	522	505	235	198	216	163	-2.85	-64.19	-2.98	14566.25	-407.22	7076.95	44.84	13.29	-63.24
198	522	505	235	198	217	164	-2.97	-64.19	-3.00	14569.13	-412.06	7073.30	54.15	26.38	-44.88
198	522	505	235	198	215	164	-2.94	-64.17	-2.99	14568.08	-410.06	7071.23	78.24	36.36	-33.58
198	522	505	235	198	217	164	-2.89	-64.15	-2.96	14572.87	-404.96	7062.27	79.68	46.14	-32.20
198	522	505	235	198	216	163	-3.08	-64.12	-3.01	14576.03	-415.71	7063.96	62.84	49.74	-32.59
198	522	505	235	198	216	164	-3.33	-64.05	-3.06	14575.23	-428.52	7069.16	48.70	60.70	-42.31
197	522	505	235	198	217	163	-3.49	-64.00	-3.08	14571.47	-432.90	7069.30	38.62	66.56	-52.65
198	522	505	235	198	215	163	-3.42	-63.95	-3.05	14574.29	-426.05	7072.84	33.79	73.19	-62.07
198	522	505	235	198	217	164	-3.30	-63.89	-3.01	14576.58	-415.35	7077.59	23.90	89.18	-69.71
197	522	505	236	198	217	164	-3.18	-63.84	-2.96	14576.15	-402.78	7077.51	17.40	104.52	-67.68
198	522	505	235	198	217	164	-2.92	-63.73	-2.89	14565.34	-385.84	7086.24	21.98	119.54	-68.19
198	522	505	236	198	216	164	-2.68	-63.61	-2.79	14554.87	-360.55	7099.73	31.78	135.21	-60.48
198	522	505	236	198	216	164	-2.50	-63.53	-2.76	14542.73	-351.72	7113.14	50.74	142.30	-48.11
198	522	505	236	199	216	163	-2.20	-63.47	-2.67	14535.79	-328.34	7116.68	65.96	152.09	-32.50
198	522	505	235	198	217	164	-2.06	-63.41	-2.62	14524.40	-317.52	7125.05	77.36	153.28	-13.83
198	522	505	235	198	217	163	-2.00	-63.44	-2.60	14524.78	-312.64	7123.20	83.69	152.27	9.21
197	522	505	235	198	217	164	-2.13	-63.45	-2.66	14520.74	-325.21	7129.44	92.91	140.91	38.55
197	522	505	235	198	216	164	-2.35	-63.49	-2.70	14526.91	-337.75	7128.36	74.56	132.16	59.07
197	522	505	235	198	215	162	-2.80	-63.50	-2.85	14529.36	-374.06	7132.15	65.63	117.25	71.02
197	522	505	235	198	217	163	-2.92	-63.57	-2.93	14524.09	-393.16	7145.74	76.15	88.34	70.17
197	522	505	235	198	217	163	-2.92	-63.72	-2.90	14521.69	-385.70	7143.85	57.84	52.47	63.61
198	522	505	236	198	216	163	-2.90	-63.84	-2.87	14522.00	-378.42	7136.06	42.55	25.25	62.58
197	522	505	235	198	216	163	-2.71	-63.96	-2.80	14518.90	-360.70	7120.66	37.62	10.39	69.25
197	522	505	235	198	216	163	-2.68	-64.04	-2.77	14522.96	-353.86	7105.42	28.64	2.72	91.24
196	522	505	235	198	216	163	-2.76	-64.15	-2.79	14530.01	-358.77	7086.55	23.96	1.78	111.53
197	522	505	235	198	217	163	-2.85	-64.14	-2.81	14541.51	-363.43	7085.82	12.46	18.34	121.30
197	522	505	235	198	217	163	-3.06	-64.07	-2.86	14550.83	-378.46	7084.53	-5.26	39.03	125.29
197	522	505	235	198	217	163	-3.22	-64.01	-2.93	14565.29	-396.94	7094.31	-6.25	51.77	124.72
197	522	505	235	198	216	163	-3.28	-63.95	-2.98	14573.43	-409.09	7103.59	5.71	70.99	126.19
197	522	505	236	198	216	163	-3.18	-63.89	-2.96	14585.96	-403.03	7107.41	12.83	89.64	128.23
197	522	505	235	198	216	163	-3.22	-63.71	-2.98	14590.26	-410.28	7123.84	22.99	121.35	123.91
197	522	505	236	198	216	164	-3.17	-63.47	-3.00	14591.75	-415.97	7157.05	50.44	145.99	120.92
197	522	505	235	199	216	163	-3.25	-63.31	-3.06	14579.36	-429.57	7185.40	58.37	144.39	108.22
197	522	505	236	198	216	163	-3.33	-63.29	-3.12	14581.39	-443.09	7195.13	85.05	131.97	98.56
196	522	504	235	199	217	163	-3.22	-63.32	-3.11	14580.72	-442.94	7190.77	112.10	132.27	89.93
196	522	505	235	198	217	163	-3.15	-63.43	-3.10	14580.28	-438.99	7161.03	123.84	134.56	74.39
196	522	505	235	198	217	164	-3.13	-63.48	-3.12	14591.27	-444.64	7136.78	163.15	153.08	62.47
197	522	505	235	198	218	164	-2.83	-63.50	-3.07	14586.91	-430.21	7113.94	208.14	178.32	51.74
197	522	505	235	198	216	164	-2.58	-63.50	-2.99	14585.36	-412.70	7092.24	220.33	201.21	48.61
196	522	505	235	198	215	163	-2.47	-63.41	-2.96	14572.29	-403.46	7088.03	235.22	224.45	54.08
197	522	505	235	198	217	163	-2.47	-63.34	-2.96	14554.68	-403.09	7089.43	248.71	234.18	50.67
197	522	505	235	198	218	163	-2.33	-63.31	-2.90	14531.14	-387.94	7084.36	247.97	235.32	49.64
196	522	505	235	198	216	163	-2.20	-63.35	-2.84	14511.99	-371.34	7065.54	234.82	237.60	51.16
197	522	505	235	198	217	163	-1.86	-63.37	-2.73	14497.99	-342.77	7050.46	242.93	244.77	69.70
197	523	505	235	198	217	163	-1.63	-63.33	-2.63	14489.09	-317.03	7035.54	229.23	272.13	107.96
197	522	505	235	198	217	163	-1.73	-63.22	-2.64	14472.03	-318.38	7036.76	215.77	294.83	141.07
197	523	505	235	198	217	163	-1.96	-63.07	-2.68	14465.63	-328.06	7051.32	197.98	316.23	164.96
196	522	505	235	198	216	163	-2.24	-62.90	-2.76	14456.75	-349.26	7087.56	176.64	316.02	180.56
197	523	505	235	198	216	164	-2.49	-62.84	-2.83	14464.31	-365.40	7114.58	151.75	303.87	196.59
196	523	505	235	198	217	164	-2.60	-62.84	-2.86	14465.70	-373.73	7131.85	122.72	288.68	209.46
197	523	505	235	198	217	163	-2.77	-62.89	-2.89	14470.21	-379.64	7143.26	92.18	264.54	219.13
197	523	504	235	198	218	163	-2.99	-62.99	-2.91	14477.30	-386.06	7144.89	44.07	245.37	221.33
197	523	505	235	199	216	163	-3.22	-63.05	-2.94	14486.03	-394.96	7152.25	6.92	222.10	217.16
197	523	505	235	198	216	162	-3.26	-63.11	-2.93	14497.33	-393.01	7159.04	-9.08	208.99	221.50
196	522	505	235	198	216	163	-3.29	-63.12	-2.93	14507.06	-393.76	7171.88	-20.57	196.24	228.78
197	523	505	235	198	218	163	-3.49	-63.15	-2.98	14513.31	-405.27	7178.89	-43.55	183.08	231.04
196	522	504	235	198	218	163	-3.74	-63.18	-3.06	14517.44	-424.61	7182.95	-57.42	166.78	228.69
197	523	505	235	198	216	163	-3.95	-63.25	-3.12	14520.37	-441.38	7182.60	-70.05	147.54	223.20
197	522	505	235	198	217	163	-4.18	-63.30	-3.17	14523.35	-453.31	7182.27	-95.25	137.71	213.09
197	523	505	235	198	217	163	-4.28	-63.32	-3.21	14518.39	-463.64	7181.35	-105.78	129.48	202.04
197	523	504	235	198	217	163	-4.38	-63.36	-3.25	14516.47	-472.66	7178.29	-116.59	123.75	189.79
197	522	505	235	198	217	163	-4.45	-63.36	-3.28	14522.24	-480.43	7170.17	-122.91	125.11	183.75
196	522	505	235	198	216	163	-4.49	-63.32	-3.30	14520.73	-485.21	7176.66	-125.97	125.76	182.21
197	522	505	236	198	217	163	-4.66	-63.27	-3.36	14513.29	-499.34	7182.83	-130.92	118.92	178.55
197	522	504	235	198	218	162	-4.83	-63.21	-3.45	14506.03	-521.18	7194.69	-134.47	107.13	174.47
197	523	505	235	198	217	163	-4.85	-63.25	-3.46	14506.93	-523.32	7201.55	-140.55	89.22	174.05
197	523	504	235	198	217	163	-5.03	-63.28	-3.51	14497.58	-535.55	7210.28	-150.87	72.56	168.95
197	523	505	235	198	217	164	-5.15	-63.31	-3.57	14491.50	-550.78	7213.16	-146.58	55.53	164.60
197	523	505	235	198	218	163	-5.26	-63.37	-3.63	14490.72	-564.04	7210.50	-149.35	40.85	159.92
196	522	505	236	198	217	163	-5.40	-63.44	-3.68	14491.79	-577.63	7205.18	-160.28	30.46	153.47
197	523	505	235	198	217	161	-5.47	-63.48	-3.71	14486.40	-584.95	7196.32	-162.37	30.24	145.40
197	523	505	235	198	218	163	-5.40	-63.48	-3.68	14485.28	-577.71	7193.70	-161.90	30.53	140.38
197	523	505	236	198	217	163	-5.41	-63.51	-3.65	14490.01	-571.82	7190.42	-183.11	33.75	145.91
196	523	504	235	198	218	163	-5.67	-63.46	-3.71	14491.91	-585.63	7188.30	-203.80	39.66	154.76
197	523	505	235	198	217	163	-5.77	-63.42	-3.78	14499.52	-603.15	7191.88	-190.96	47.53	158.78
197	523	505	235	198	217	163	-5.85	-63.31	-3.83	14500.94	-615.59	7195.89	-182.01	61.75	156.64
197	523	505	235	198	216	162	-5.98	-63.27	-3.89	14504.70	-630.81	7207.09	-187.41	59.81	145.66
197	523	505	235	199	218	163	-6.09	-63.24	-3.96	14513.86	-648.47	7221.94	-189.19	53.42	138.72
196	523	504	235	199	218	163	-6.08	-63.18	-3.98	14526.37	-655.45	7242.84	-180.78	53.10	130.49
196	523	505	235	198	217	163	-6.12	-63.17	-4.00	14526.65	-660.27	7254.70	-182.64	43.20	118.91
197	523	505	235	198	218	163	-6.31	-63.23	-4.08	14534.91	-680.66	7261.97	-181.96	23.79	105.77
196	523	505	235	198	218	163	-6.36	-63.31	-4.14	14538.97	-696.83	7259.87	-161.41	-1.10	89.88
197	523	504	235	198	218	163	-6.37	-63.43	-4.13	14540.02	-693.99	7250.47	-159.99	-22.40	66.83
197	523	505	235	198	219	163	-6.43	-63.56	-4.16	14539.42	-699.29	7230.15	-165.19	-36.03	51.84
197	523	505	235	198	217	163	-6.55	-63.61	-4.20	14535.85	-710.52	7215.04	-155.78	-38.53	41.70
196	523	505	235	199	217	162	-6.53	-63.68	-4.20	14538.06	-710.80	7199.89	-150.79	-40.10	32.87
197	523	505	235	198	218	163	-6.53	-63.74	-4.23	14539.35	-717.86	7188.90	-147.85	-35.64	28.97
196	523	505	235	199	218	163	-6.52	-63.72	-4.23	14538.39	-717.36	7192.65	-146.31	-25.61	22.22
196	523	505	235	198	217	162	-6.55	-63.71	-4.26	14542.67	-724.90	7194.82	-136.25	-17.93	18.96
196	522	505	235	198	217	163	-6.56	-63.63	-4.28	14536.93	-731.65	7209.88	-120.23	-13.53	17.01
197	523	504	235	198	218	163	-6.43	-63.60	-4.25	14534.89	-722.87	7213.78	-121.62	-13.66	8.51
197	523	505	235	198	219	163	-6.48	-63.64	-4.29	14533.54	-731.32	7209.29	-116.74	-21.23	3.89
197	523	505	235	198	218	163	-6.40	-63.72	-4.30	14533.26	-734.96	7188.43	-94.60	-29.21	0.04
197	523	504	236	199	218	163	-6.24	-63.84	-4.26	14533.40	-725.41	7165.21	-91.22	-34.95	3.14
196	522	505	235	198	217	163	-6.51	-63.84	-4.34	14538.33	-744.54	7155.15	-100.21	-34.11	3.33
197	523	505	235	198	217	163	-6.58	-63.87	-4.39	14544.81	-758.51	7138.39	-89.05	-27.40	-3.23
197	523	505	235	199	219	162	-6.54	-63.92	-4.36	14540.17	-751.99	7121.87	-89.75	-23.58	-9.67
197	523	505	235	198	218	163	-6.58	-63.90	-4.38	14539.36	-754.79	7111.98	-94.61	-8.80	-13.44
197	522	504	236	198	218	163	-6.40	-63.88	-4.33	14540.80	-743.25	7107.78	-83.53	5.04	-19.27
196	523	505	235	198	218	163	-6.32	-63.83	-4.30	14540.16	-736.09	7106.59	-87.30	20.39	-19.00
197	522	504	235	198	218	163	-6.41	-63.80	-4.33	14549.15	-742.28	7098.66	-86.44	37.22	-13.15
197	523	505	235	198	218	163	-6.47	-63.76	-4.35	14547.09	-749.57	7104.53	-73.72	47.86	-5.24
197	523	505	235	198	218	163	-6.45	-63.76	-4.35	14549.34	-749.29	7103.90	-75.73	43.91	-3.08
197	522	504	235	198	217	163	-6.63	-63.78	-4.40	14549.27	-761.23	7107.10	-87.24	33.57	-3.28
196	522	505	235	198	218	162	-6.71	-63.86	-4.42	14553.01	-767.56	7097.35	-89.83	23.84	-5.16
197	522	505	235	199	218	163	-6.74	-63.97	-4.43	14555.56	-768.79	7083.88	-98.09	9.20	-6.46
197	522	505	235	198	218	163	-6.75	-64.06	-4.41	14556.18	-764.75	7065.29	-108.44	-0.06	-5.73
196	522	504	235	198	217	163	-6.92	-64.12	-4.48	14558.17	-781.71	7053.22	-102.26	-5.41	-11.60
196	522	504	235	198	219	162	-6.83	-64.11	-4.47	14566.26	-780.22	7050.16	-89.80	-0.89	-10.17
197	522	505	236	198	218	164	-6.74	-64.17	-4.44	14551.15	-771.21	7046.65	-94.91	-7.39	-9.51
196	522	504	236	199	218	163	-6.77	-64.23	-4.44	14553.59	-772.05	7035.72	-107.57	-15.92	-13.43
196	522	505	235	198	218	163	-6.81	-64.27	-4.45	14557.11	-774.45	7034.33	-97.79	-23.83	-12.01
197	521	505	235	199	218	162	-6.74	-64.34	-4.42	14562.66	-766.53	7027.42	-99.25	-29.34	-15.61
196	522	505	235	198	218	163	-6.93	-64.46	-4.43	14574.72	-770.00	7015.45	-116.59	-32.72	-15.83
196	522	504	235	198	217	163	-6.99	-64.54	-4.43	14584.19	-772.90	6999.67	-125.76	-35.73	-15.19
196	521	505	235	198	219	163	-7.14	-64.55	-4.49	14586.98	-786.46	6993.49	-127.07	-40.00	-20.68
196	522	504	235	199	218	161	-7.17	-64.57	-4.49	14596.63	-787.13	6991.02	-137.72	-40.45	-29.20
196	522	505	235	198	218	163	-7.35	-64.54	-4.53	14591.80	-796.98	6991.86	-166.38	-42.88	-55.74
196	522	504	235	198	217	163	-7.33	-64.62	-4.52	14591.81	-793.73	6996.27	-181.61	-73.08	-90.55
196	523	505	235	198	218	164	-7.13	-64.80	-4.43	14609.01	-773.64	6981.66	-198.78	-96.43	-108.52
196	523	504	235	198	219	163	-7.00	-64.94	-4.40	14625.16	-766.96	6963.77	-195.69	-111.36	-104.80
196	523	504	235	198	218	163	-6.83	-65.03	-4.33	14634.30	-750.41	6946.39	-191.81	-113.39	-97.81
197	523	504	235	196	218	163	-6.75	-65.10	-4.31	14641.39	-746.09	6932.47	-178.47	-113.37	-87.92
196	522	505	235	198	219	163	-6.73	-65.07	-4.31	14652.52	-746.99	6921.84	-172.24	-96.60	-72.72
196	523	504	235	199	219	163	-6.90	-64.99	-4.37	14650.49	-761.84	6923.95	-173.43	-86.32	-67.53
196	522	504	235	198	219	164	-7.01	-65.02	-4.42	14655.77	-774.54	6921.15	-165.06	-94.20	-68.36
196	523	504	235	198	219	164	-6.96	-65.10	-4.44	14659.78	-779.62	6918.70	-149.86	-108.84	-64.14
196	522	504	235	199	219	163	-6.83	-65.16	-4.39	14663.59	-768.04	6899.96	-151.81	-113.65	-62.93
197	522	504	235	198	219	163	-6.88	-65.23	-4.40	14660.81	-769.43	6881.56	-146.07	-118.22	-56.29
197	522	504	235	198	219	163	-6.86	-65.29	-4.39	14648.17	-765.76	6863.48	-147.92	-119.96	-53.37
197	522	504	235	198	218	163	-6.60	-65.40	-4.33	14640.16	-751.27	6839.31	-124.47	-121.26	-43.45
196	522	504	235	198	218	163	-6.27	-65.46	-4.24	14642.95	-729.71	6820.94	-115.15	-112.55	-25.23
196	522	504	235	198	220	163	-6.25	-65.47	-4.21	14644.21	-721.03	6794.30	-127.14	-98.07	0.78
196	522	504	235	198	219	163	-6.45	-65.50	-4.26	14658.40	-734.17	6775.38	-129.78	-88.37	26.24
196	522	504	235	198	219	163	-6.74	-65.57	-4.32	14685.68	-751.87	6755.01	-134.00	-74.40	46.68
196	522	504	235	198	219	162	-7.04	-65.60	-4.41	14712.99	-775.07	6742.86	-133.50	-63.28	60.60
196	522	504	235	198	218	162	-7.18	-65.61	-4.45	14736.14	-788.12	6737.72	-130.67	-52.86	58.67
197	522	504	234	198	219	163	-7.33	-65.56	-4.50	14754.93	-802.51	6744.43	-132.44	-44.52	48.33
196	522	504	235	198	219	163	-7.43	-65.53	-4.54	14770.79	-813.59	6754.41	-133.67	-43.70	29.47
196	522	504	235	198	218	163	-7.45	-65.58	-4.55	14775.45	-816.11	6756.09	-130.98	-59.51	6.84
196	522	504	235	198	219	164	-7.43	-65.66	-4.54	14781.48	-813.90	6750.89	-132.53	-78.13	-13.90
196	522	504	235	198	219	163	-7.32	-65.72	-4.50	14779.60	-803.21	6744.34	-132.66	-95.43	-28.05
197	522	504	235	199	219	163	-7.32	-65.80	-4.50	14780.82	-805.45	6737.32	-128.22	-112.81	-39.10
196	522	504	235	198	220	163	-7.15	-65.94	-4.45	14783.98	-791.57	6715.26	-123.26	-123.72	-48.50
196	522	504	234	198	218	163	-7.10	-65.98	-4.42	14785.38	-785.40	6704.70	-127.30	-122.83	-50.57
196	522	504	235	198	219	162	-7.07	-66.02	-4.42	14779.11	-783.73	6689.46	-120.63	-122.64	-55.44
196	521	504	235	198	221	162	-7.00	-66.04	-4.40	14777.16	-779.74	6675.79	-110.05	-117.56	-54.82
196	522	504	235	198	219	163	-6.98	-66.06	-4.38	14778.70	-774.55	6669.60	-121.60	-117.03	-52.83
196	522	504	235	197	219	163	-7.13	-66.09	-4.41	14778.76	-781.42	6659.52	-136.97	-116.33	-50.34
196	522	504	235	198	219	164	-7.15	-66.10	-4.42	14773.22	-784.95	6647.14	-136.82	-115.06	-47.77
196	522	504	235	198	219	163	-7.16	-66.08	-4.44	14772.36	-787.51	6640.78	-143.08	-111.11	-49.68
196	521	504	235	199	218	163	-7.06	-66.05	-4.41	14774.54	-780.33	6643.54	-130.53	-104.00	-45.95
197	521	504	235	199	219	163	-6.92	-66.01	-4.38	14773.22	-772.91	6636.77	-115.25	-96.70	-33.65
196	522	504	235	198	220	164	-6.91	-66.01	-4.38	14777.16	-772.87	6637.33	-121.19	-97.22	-18.02
196	522	504	235	198	219	163	-7.04	-66.06	-4.43	14779.90	-786.63	6634.66	-111.08	-101.21	-5.27
196	522	504	235	198	219	163	-6.94	-66.05	-4.43	14783.70	-787.29	6636.73	-80.22	-100.75	5.90
196	521	504	235	198	218	163	-6.81	-66.08	-4.41	14788.12	-781.73	6632.49	-59.71	-102.31	14.05
196	521	504	236	198	218	163	-6.81	-66.12	-4.40	14789.91	-780.44	6621.67	-56.58	-104.54	18.60
196	521	504	235	198	219	163	-6.88	-66.17	-4.41	14790.21	-783.62	6605.78	-58.50	-102.42	23.07
196	522	504	235	198	219	163	-7.12	-66.19	-4.50	14788.30	-803.04	6593.10	-47.27	-95.45	25.12
196	521	504	235	198	218	163	-6.97	-66.21	-4.48	14787.69	-799.69	6579.84	-16.46	-87.67	24.96
196	522	504	235	198	218	163	-6.83	-66.18	-4.45	14776.50	-790.30	6574.25	-9.79	-77.14	31.21
196	522	504	235	198	220	163	-6.99	-66.16	-4.51	14763.88	-805.39	6563.54	-2.25	-72.48	38.85
196	522	504	235	198	220	163	-7.00	-66.20	-4.51	14768.28	-806.72	6535.96	17.26	-59.31	39.91
196	522	504	235	199	220	163	-7.13	-66.19	-4.55	14779.27	-816.58	6512.36	17.15	-24.04	51.86
196	522	504	235	198	219	162	-7.21	-66.07	-4.57	14774.31	-821.15	6495.94	16.54	19.86	60.92
196	522	504	235	198	219	162	-7.12	-65.86	-4.53	14766.79	-810.10	6498.55	19.82	63.87	70.02
196	522	504	235	198	219	163	-6.90	-65.69	-4.44	14770.65	-788.39	6509.02	1.58	104.47	78.47
196	522	504	235	198	219	162	-6.99	-65.52	-4.45	14786.12	-791.37	6523.17	-8.00	142.10	98.00
196	522	504	235	198	219	163	-6.95	-65.32	-4.43	14801.01	-788.20	6541.01	-6.20	179.34	110.85
196	522	504	235	198	219	162	-7.03	-65.16	-4.46	14810.76	-796.99	6563.36	-6.29	213.18	127.66
196	522	504	235	198	219	163	-7.24	-64.97	-4.57	14808.82	-824.14	6588.39	6.87	235.02	138.07
196	522	504	235	197	219	162	-7.23	-64.92	-4.59	14812.98	-830.94	6613.37	26.68	237.17	143.62
196	522	504	235	198	220	162	-7.36	-64.89	-4.64	14815.53	-841.39	6626.90	15.79	234.31	150.94
196	522	504	235	198	220	163	-7.80	-64.82	-4.79	14811.36	-881.52	6644.76	13.55	227.34	144.04
195	522	504	235	198	220	162	-7.82	-64.79	-4.87	14802.79	-901.44	6658.52	41.88	220.98	137.09
196	522	504	235	198	220	163	-7.82	-64.83	-4.88	14775.45	-901.17	6656.59	27.08	200.58	128.74
196	522	504	235	198	219	163	-8.00	-64.98	-4.91	14770.87	-908.71	6642.16	1.28	171.55	121.95
196	522	504	235	198	220	162	-8.23	-65.08	-4.98	14768.33	-924.88	6634.46	-3.83	159.77	121.55
196	522	504	235	198	220	164	-8.45	-65.10	-5.04	14763.51	-940.43	6632.13	-20.54	155.58	118.07
196	522	504	235	198	219	163	-8.53	-65.00	-5.09	14759.94	-952.21	6645.73	-31.97	163.20	116.27
195	522	504	235	198	219	162	-8.48	-64.84	-5.10	14761.54	-955.60	6671.64	-32.37	176.49	118.61
196	522	504	235	198	220	163	-8.49	-64.71	-5.12	14765.86	-960.22	6707.26	-35.40	170.72	117.73
196	522	504	235	198	220	163	-8.47	-64.66	-5.12	14771.77	-960.01	6731.89	-23.98	158.48	114.39
196	522	504	234	198	219	163	-8.29	-64.70	-5.08	14776.58	-951.81	6751.50	-12.13	129.81	109.77
195	522	504	235	198	219	163	-8.12	-64.79	-5.02	14790.55	-938.22	6768.93	0.88	104.52	117.18
196	522	504	235	198	218	163	-8.05	-64.86	-5.04	14803.62	-943.91	6774.28	32.08	88.24	125.97
196	522	504	235	198	220	162	-8.14	-64.95	-5.08	14812.04	-953.31	6772.56	48.53	73.93	115.42
196	522	504	235	198	219	163	-8.33	-65.05	-5.15	14823.44	-973.85	6760.94	61.65	65.18	95.05
196	522	504	235	198	220	162	-8.37	-65.20	-5.18	14838.87	-982.95	6737.29	91.37	59.62	57.75
196	522	504	235	198	219	162	-8.05	-65.29	-5.13	14856.52	-970.21	6714.42	125.60	61.19	29.51
196	522	504	235	198	219	163	-7.74	-65.36	-5.02	14854.30	-943.30	6707.30	134.67	60.08	5.49
195	522	504	235	198	219	162	-7.54	-65.43	-4.95	14860.38	-926.33	6691.14	141.19	55.43	-14.79
196	522	504	235	198	219	162	-7.40	-65.46	-4.90	14861.76	-913.81	6679.98	146.93	60.46	-31.60
196	522	504	235	198	219	162	-7.38	-65.46	-4.89	14863.88	-910.92	6674.98	153.73	65.28	-47.67
196	522	504	235	198	219	162	-7.33	-65.51	-4.88	14874.68	-909.18	6672.43	163.59	61.77	-62.38
196	522	504	234	198	219	162	-7.34	-65.52	-4.89	14877.75	-912.92	6678.41	170.82	49.88	-77.67
196	522	504	235	199	219	162	-7.38	-65.59	-4.91	14875.06	-915.27	6680.69	170.37	25.19	-96.33
196	522	504	235	198	220	161	-7.32	-65.78	-4.87	14873.31	-906.71	6658.26	162.61	-1.42	-116.67
196	522	504	234	198	219	162	-7.18	-65.96	-4.78	14873.84	-884.17	6629.74	134.63	-15.65	-140.18
196	522	504	235	198	219	162	-7.06	-66.06	-4.72	14866.35	-866.57	6598.66	118.54	-15.62	-161.52
196	522	504	235	198	218	162	-6.76	-66.15	-4.63	14854.63	-843.24	6574.72	131.57	-11.89	-179.75
196	522	504	235	197	219	162	-6.37	-66.24	-4.49	14847.90	-807.88	6548.99	125.79	-7.69	-183.61
196	522	504	235	198	219	162	-6.19	-66.29	-4.40	14844.50	-783.68	6530.74	105.65	-1.16	-169.78
196	522	505	235	198	219	162	-6.41	-66.24	-4.43	14846.28	-791.50	6520.60	82.52	21.45	-157.54
196	522	504	235	198	218	162	-6.48	-66.14	-4.43	14840.16	-791.72	6527.37	66.29	35.88	-155.91
196	522	504	235	198	219	162	-6.51	-66.10	-4.41	14834.36	-785.74	6526.20	52.08	37.93	-156.32
196	522	504	234	198	219	163	-6.47	-66.13	-4.39	14836.84	-780.65	6528.69	46.42	35.74	-152.30
196	522	504	235	198	220	162	-6.42	-66.10	-4.37	14835.40	-775.22	6531.66	45.60	38.45	-146.89
196	522	504	235	198	219	162	-6.38	-66.05	-4.35	14833.43	-770.26	6538.87	44.27	40.63	-145.59
196	523	504	235	198	220	163	-6.36	-65.96	-4.35	14825.16	-769.14	6556.13	43.26	40.30	-139.61
195	522	504	235	199	220	163	-6.39	-65.89	-4.34	14823.90	-766.09	6563.92	33.94	40.08	-147.83
196	522	504	235	198	219	163	-6.37	-65.87	-4.34	14820.70	-765.58	6568.53	32.70	41.83	-153.79
196	522	504	235	199	219	163	-6.32	-65.91	-4.31	14819.07	-759.90	6571.10	33.46	37.69	-151.55
197	522	504	235	198	220	163	-6.10	-65.90	-4.26	14822.31	-745.51	6573.55	51.29	37.30	-139.12
196	522	504	234	199	219	163	-5.84	-65.88	-4.19	14821.60	-729.63	6579.87	73.18	36.94	-132.37
197	522	504	235	198	220	163	-5.62	-65.89	-4.10	14821.32	-705.35	6582.87	64.07	34.54	-131.05
197	522	504	235	198	219	163	-5.62	-65.91	-4.10	14824.65	-705.48	6583.53	68.41	24.76	-115.50
197	522	504	235	198	219	162	-5.47	-65.92	-4.08	14828.82	-701.81	6591.15	99.09	15.77	-99.57
198	521	504	235	198	220	163	-5.29	-65.98	-4.04	14829.98	-690.12	6587.40	118.84	2.89	-91.49
197	521	504	234	198	219	163	-5.34	-66.11	-4.03	14837.28	-688.21	6578.83	110.35	-9.81	-89.52
197	522	504	235	198	218	162	-5.53	-66.21	-4.05	14855.21	-694.40	6570.48	103.28	-17.22	-90.44
197	522	504	235	198	220	162	-5.45	-66.30	-4.03	14864.05	-690.08	6561.96	117.41	-27.06	-90.67
197	522	504	235	198	219	163	-5.35	-66.35	-3.99	14861.25	-681.98	6549.46	131.29	-28.25	-85.24
197	522	504	235	198	219	163	-5.41	-66.41	-3.99	14860.59	-679.48	6535.59	116.88	-31.09	-95.72
197	522	504	235	199	220	163	-5.55	-66.41	-4.03	14861.56	-690.10	6524.41	105.24	-22.54	-110.44
197	522	504	235	198	220	163	-5.38	-66.46	-3.99	14852.88	-681.00	6506.59	114.47	-18.61	-127.52
197	522	504	235	198	220	163	-4.98	-66.54	-3.84	14853.04	-642.95	6487.46	98.65	-17.53	-137.39
197	522	504	235	198	219	163	-4.89	-66.55	-3.75	14859.18	-619.20	6479.09	69.82	-5.10	-135.72
197	521	504	234	198	220	163	-4.97	-66.52	-3.75	14874.03	-620.24	6480.93	62.58	5.80	-128.24
197	521	504	235	198	219	162	-5.07	-66.40	-3.77	14881.52	-626.83	6488.48	60.25	25.56	-133.67
197	522	504	235	198	220	163	-5.06	-66.35	-3.77	14894.85	-627.69	6499.46	52.74	30.33	-145.09
197	522	504	235	198	220	162	-5.18	-66.22	-3.80	14899.71	-634.10	6530.09	36.40	29.67	-162.39
197	522	504	235	198	219	163	-5.07	-66.18	-3.79	14906.92	-632.20	6549.18	62.28	21.33	-180.62
197	522	504	234	198	219	163	-4.72	-66.16	-3.70	14899.97	-608.99	6564.32	91.46	13.42	-189.09
197	521	504	234	198	220	163	-4.33	-66.15	-3.59	14883.58	-579.54	6575.31	107.59	-7.25	-196.38
197	521	504	234	198	219	161	-3.88	-66.24	-3.45	14872.00	-544.56	6572.34	123.26	-32.94	-199.06
197	521	504	234	198	219	162	-3.36	-66.43	-3.30	14857.00	-504.53	6546.72	140.75	-52.39	-194.76
197	521	504	234	198	219	162	-2.84	-66.57	-3.14	14857.55	-464.11	6509.59	158.36	-49.57	-169.42
197	521	504	234	197	219	163	-2.54	-66.61	-3.05	14850.87	-440.50	6482.71	179.29	-31.55	-138.55
197	520	504	234	197	220	163	-2.36	-66.62	-3.01	14850.33	-430.08	6467.97	207.68	-11.97	-107.32
197	520	504	234	197	219	163	-2.34	-66.54	-3.00	14854.81	-427.37	6458.77	220.24	13.78	-82.66
197	520	504	234	197	221	163	-2.39	-66.46	-3.01	14856.67	-431.80	6455.84	242.88	24.39	-63.27
197	520	504	234	198	219	162	-2.22	-66.42	-2.96	14863.03	-417.21	6460.84	268.04	31.27	-50.41
197	520	504	234	197	219	163	-1.99	-66.47	-2.88	14873.88	-399.35	6454.20	288.74	31.31	-36.04
197	520	504	234	197	220	162	-1.81	-66.49	-2.82	14888.79	-384.79	6463.89	304.05	29.39	-22.84
197	520	504	234	197	219	162	-1.62	-66.50	-2.79	14890.55	-377.95	6471.90	344.85	11.82	-4.20
197	520	504	234	197	219	162	-1.50	-66.55	-2.77	14891.82	-372.85	6477.90	374.85	-12.52	3.76
197	519	504	234	197	219	162	-1.66	-66.75	-2.84	14892.43	-389.61	6464.81	397.96	-55.04	10.53
197	520	504	234	197	219	162	-1.96	-67.05	-2.90	14900.81	-404.13	6433.17	408.21	-98.44	5.55
197	520	504	234	196	220	162	-2.19	-67.34	-2.94	14923.37	-417.52	6388.31	415.75	-129.57	-6.43
197	520	504	235	197	221	162	-2.35	-67.58	-2.97	14932.80	-425.44	6340.89	413.07	-144.49	-24.96
197	520	504	234	196	220	162	-2.41	-67.66	-2.97	14942.56	-425.57	6319.85	409.81	-145.37	-44.76
197	520	504	234	198	219	162	-2.43	-67.69	-2.95	14939.83	-420.49	6308.25	404.77	-147.95	-68.97
197	519	504	234	197	219	162	-2.30	-67.77	-2.88	14937.44	-402.07	6304.84	382.63	-171.70	-102.07
197	519	504	234	197	219	161	-1.93	-67.79	-2.71	14930.97	-359.97	6311.00	346.65	-193.36	-125.27
197	520	504	234	197	219	161	-1.51	-67.86	-2.54	14923.82	-314.37	6318.05	311.12	-232.75	-131.31
197	519	504	234	196	217	161	-1.11	-68.00	-2.37	14924.03	-270.45	6316.35	277.11	-274.91	-123.89
197	519	503	234	197	219	162	-0.75	-68.31	-2.25	14927.83	-240.33	6278.53	250.91	-316.71	-107.75
197	519	503	234	197	220	161	-0.68	-68.63	-2.19	14948.43	-226.31	6225.20	222.21	-337.58	-84.16
197	520	504	234	196	220	161	-0.96	-68.84	-2.22	14964.21	-235.19	6183.94	201.25	-341.95	-69.45
197	519	503	233	197	219	160	-0.87	-69.06	-2.21	14992.60	-233.83	6137.55	230.69	-332.20	-64.23
197	519	503	234	196	220	161	-0.57	-69.06	-2.12	15006.77	-210.34	6114.47	238.55	-305.34	-60.37
197	519	503	233	196	220	161	-0.40	-69.04	-2.04	15017.83	-189.23	6107.54	231.48	-295.72	-54.70
197	519	504	234	197	221	161	-0.34	-69.06	-1.98	15029.54	-174.76	6096.17	214.90	-288.29	-51.06
197	519	503	234	197	219	161	-0.36	-69.08	-1.96	15042.46	-169.43	6089.76	205.46	-287.87	-45.46
196	519	503	234	197	219	161	-0.25	-69.18	-1.89	15043.74	-152.15	6080.47	171.98	-302.93	-53.14
197	519	503	234	197	220	161	-0.27	-69.25	-1.82	15051.95	-134.95	6076.05	115.94	-323.38	-62.38
197	519	504	234	196	220	161	-0.47	-69.32	-1.82	15059.76	-135.00	6077.64	79.59	-351.66	-72.01
197	519	503	234	196	220	161	-0.27	-69.42	-1.71	15070.37	-106.25	6066.16	52.36	-380.58	-78.81
197	519	503	234	196	219	161	-0.23	-69.55	-1.66	15068.65	-94.34	6063.65	28.29	-424.70	-76.42
197	519	503	234	197	220	161	0.05	-69.73	-1.52	15074.82	-57.22	6053.27	-2.52	-480.42	-76.90
197	519	503	234	196	220	161	0.45	-70.01	-1.32	15076.28	-8.76	6029.81	-57.55	-541.95	-72.65
197	520	503	234	197	221	161	0.54	-70.38	-1.20	15081.06	23.08	5998.32	-141.47	-609.00	-58.12
196	519	503	234	196	220	161	0.46	-70.70	-1.20	15101.01	24.12	5964.00	-163.20	-656.55	-22.32
197	519	503	234	196	220	161	0.40	-70.91	-1.23	15121.96	15.12	5922.20	-128.04	-673.52	13.40
197	519	504	234	197	220	161	0.36	-71.12	-1.29	15125.46	0.16	5885.69	-67.38	-692.25	52.28
197	519	503	234	197	220	162	0.16	-71.37	-1.37	15151.19	-22.65	5840.41	-8.62	-709.63	89.87
197	519	504	233	197	222	161	-0.56	-71.49	-1.62	15179.03	-86.71	5798.39	76.62	-700.10	131.57
197	519	503	233	197	221	162	-0.93	-71.70	-1.80	15196.87	-133.78	5746.67	194.38	-702.85	151.79
196	519	503	234	196	220	162	-0.82	-72.03	-1.81	15224.43	-137.09	5679.93	257.77	-709.40	156.55
197	519	503	233	197	220	163	-0.91	-72.36	-1.82	15248.21	-142.03	5615.34	270.03	-718.78	156.68
197	519	504	234	196	221	162	-0.54	-72.71	-1.74	15269.20	-121.53	5538.57	268.33	-723.34	152.84
197	520	503	233	196	219	162	-0.17	-72.94	-1.69	15289.14	-108.46	5475.44	296.31	-711.78	157.10
197	519	504	233	197	220	163	0.23	-73.06	-1.64	15306.88	-96.63	5417.07	347.29	-674.49	188.50
197	519	503	234	197	220	162	0.37	-73.13	-1.62	15315.94	-91.60	5373.41	362.88	-640.96	220.22
197	519	503	234	196	221	163	-0.20	-73.10	-1.74	15342.34	-122.02	5340.94	357.34	-603.07	252.61
197	519	504	233	196	220	163	-0.81	-73.06	-1.87	15357.62	-158.92	5323.90	364.62	-580.41	263.98
196	520	503	233	196	220	163	-1.28	-73.11	-1.97	15377.34	-185.57	5296.70	359.94	-569.64	265.88
196	519	504	233	197	220	164	-1.08	-73.25	-1.92	15394.28	-173.30	5255.07	341.19	-570.06	271.34
196	519	504	234	196	220	163	-1.11	-73.40	-1.87	15405.56	-158.23	5215.31	291.93	-555.61	289.97
197	519	504	234	196	222	163	-1.70	-73.43	-1.96	15419.68	-182.72	5189.95	255.18	-538.38	301.07
197	520	504	233	196	221	163	-2.08	-73.47	-2.04	15433.10	-204.38	5155.45	256.38	-513.91	305.52
197	519	504	233	197	220	164	-2.16	-73.48	-2.05	15445.24	-209.76	5127.28	259.61	-484.51	314.14
197	519	503	233	196	221	163	-2.56	-73.44	-2.13	15453.78	-230.08	5104.51	236.48	-463.79	328.13
197	519	504	234	197	221	163	-3.24	-73.39	-2.28	15466.49	-269.57	5097.49	211.95	-452.90	342.08
197	520	504	233	196	222	164	-3.97	-73.39	-2.45	15474.97	-314.69	5082.61	208.60	-443.00	336.72
197	519	504	233	196	221	164	-4.24	-73.38	-2.54	15487.62	-338.56	5065.68	211.17	-429.40	328.19
197	519	503	234	197	220	163	-4.31	-73.48	-2.56	15495.04	-344.03	5034.00	201.32	-421.68	321.78
197	519	504	234	197	221	163	-4.30	-73.54	-2.53	15500.29	-338.43	5007.30	168.70	-410.05	318.94
197	519	504	234	197	222	163	-4.23	-73.57	-2.49	15502.27	-327.11	4987.33	131.17	-395.70	323.54
197	519	504	233	197	220	163	-4.26	-73.63	-2.49	15506.16	-326.15	4954.17	99.96	-382.66	330.22
197	519	504	234	197	221	164	-4.08	-73.68	-2.45	15513.45	-315.84	4929.86	76.16	-363.78	350.00
197	519	504	234	196	222	163	-4.02	-73.73	-2.40	15520.38	-303.25	4909.17	33.35	-342.84	379.40
197	519	504	232	197	221	164	-4.57	-73.75	-2.45	15528.56	-318.29	4889.31	-25.32	-318.70	417.63
197	519	504	234	197	221	164	-5.73	-73.56	-2.71	15540.73	-387.38	4877.04	-24.25	-276.66	462.70
197	519	504	233	197	221	164	-6.51	-73.36	-2.96	15546.09	-452.81	4878.39	18.56	-231.28	488.32
197	519	504	234	197	220	163	-7.01	-73.26	-3.09	15546.99	-488.57	4871.67	33.63	-208.57	499.40
197	519	504	234	196	221	164	-7.35	-73.34	-3.15	15553.24	-505.94	4844.29	12.40	-198.39	500.78
197	519	504	234	197	222	164	-7.79	-73.36	-3.23	15563.78	-527.24	4829.47	-21.27	-178.17	514.04
197	519	504	234	197	221	164	-8.50	-73.29	-3.40	15567.39	-572.28	4811.60	-31.65	-147.16	522.79
196	519	504	234	197	221	162	-8.65	-73.27	-3.46	15568.02	-587.27	4791.42	-17.97	-121.95	519.50
197	519	504	234	196	222	164	-8.58	-73.29	-3.45	15573.42	-586.50	4779.65	-26.57	-103.95	513.93
197	518	504	234	197	222	163	-8.47	-73.30	-3.43	15573.55	-581.78	4774.07	-57.59	-87.41	512.28
196	518	504	233	197	222	164	-8.71	-73.24	-3.48	15575.87	-593.89	4769.96	-91.41	-68.24	524.37
197	518	504	234	197	222	164	-9.39	-73.03	-3.69	15565.67	-648.79	4773.46	-95.14	-39.47	542.45
197	519	504	233	197	221	164	-9.88	-72.87	-3.86	15557.79	-695.75	4774.39	-58.59	-14.65	557.27
197	519	504	234	197	222	164	-10.07	-72.81	-3.94	15571.30	-717.37	4766.87	-35.31	-1.77	569.81
197	518	504	234	197	222	164	-10.36	-72.76	-4.05	15569.54	-745.90	4755.53	-45.04	11.62	586.12
197	518	504	234	197	222	164	-11.11	-72.75	-4.22	15568.86	-791.20	4743.55	-62.69	16.24	591.16
197	518	504	234	197	221	164	-11.84	-72.65	-4.42	15581.21	-844.04	4744.77	-59.51	29.33	588.01
196	518	504	234	197	221	163	-12.48	-72.50	-4.61	15603.35	-897.24	4751.93	-48.43	53.11	583.01
197	518	504	234	197	222	164	-13.10	-72.51	-4.75	15629.19	-937.38	4752.34	-79.61	55.01	557.36
197	518	504	234	196	221	164	-13.74	-72.56	-4.88	15646.93	-975.11	4749.12	-124.88	40.16	518.34
197	518	504	234	196	221	164	-13.96	-72.60	-4.96	15665.58	-997.95	4750.27	-126.33	28.00	481.97
197	518	504	234	197	221	164	-13.95	-72.64	-4.98	15666.90	-1004.26	4741.95	-123.87	22.25	442.52
197	518	504	234	197	222	164	-14.06	-72.64	-5.03	15662.56	-1017.84	4739.25	-128.42	20.84	414.20
197	518	504	234	197	221	164	-14.47	-72.50	-5.19	15647.83	-1057.15	4747.29	-126.75	33.49	388.79
197	518	504	234	197	221	164	-14.97	-72.21	-5.39	15627.44	-1109.49	4763.93	-105.62	54.12	357.55
197	518	504	234	197	222	164	-15.02	-72.10	-5.49	15606.46	-1134.62	4774.93	-75.98	56.96	317.62
197	518	504	234	197	222	165	-14.58	-72.16	-5.41	15582.54	-1111.49	4763.58	-76.99	54.56	287.54
197	518	504	234	196	223	164	-14.11	-72.32	-5.31	15557.01	-1081.11	4741.20	-96.69	46.64	277.86
197	518	504	234	197	221	164	-13.70	-72.56	-5.16	15540.36	-1041.46	4693.94	-135.45	47.25	294.82
197	518	504	233	196	220	165	-13.93	-72.66	-5.18	15511.95	-1042.18	4650.25	-173.43	68.79	342.68
197	518	504	234	196	222	165	-14.81	-72.53	-5.33	15496.15	-1081.08	4623.93	-208.51	113.85	391.19
197	518	504	234	196	220	164	-15.77	-72.26	-5.58	15492.54	-1148.82	4616.54	-200.88	170.26	415.73
197	518	504	234	197	222	163	-16.29	-72.01	-5.78	15507.71	-1203.38	4617.91	-165.09	226.50	437.75
197	517	504	234	197	222	165	-16.87	-71.74	-5.96	15530.73	-1252.21	4627.62	-161.73	282.02	453.46
197	518	504	234	197	223	165	-17.56	-71.41	-6.20	15542.39	-1318.00	4651.63	-166.15	323.87	452.99
198	518	505	234	197	221	165	-18.14	-71.16	-6.41	15551.67	-1376.30	4681.65	-159.49	344.78	432.44
197	518	504	234	197	222	165	-18.22	-70.99	-6.53	15558.69	-1410.69	4716.37	-124.32	352.89	399.02
197	517	504	234	197	221	165	-17.87	-70.93	-6.53	15574.55	-1412.15	4739.35	-72.00	356.94	367.77
197	518	504	234	197	222	165	-17.68	-70.81	-6.56	15586.83	-1421.34	4758.58	-24.05	374.75	342.43
196	517	504	234	197	222	164	-17.82	-70.61	-6.71	15589.88	-1462.48	4781.65	40.40	394.61	318.51
197	517	504	234	197	222	165	-17.93	-70.43	-6.83	15592.39	-1495.15	4802.17	84.28	413.98	270.93
197	517	504	234	197	222	166	-18.30	-70.39	-6.95	15591.77	-1528.40	4807.46	108.57	414.33	212.63
197	517	504	234	197	223	165	-18.64	-70.60	-6.99	15585.18	-1536.38	4768.89	93.34	409.86	151.85
196	518	504	234	197	222	166	-19.26	-70.60	-7.06	15593.92	-1557.36	4737.05	46.62	455.87	97.36
198	517	504	233	197	223	165	-19.60	-70.10	-7.28	15582.23	-1614.69	4758.99	109.89	542.73	43.04
197	517	504	234	197	222	165	-18.86	-69.59	-7.27	15561.31	-1610.15	4806.04	224.30	634.49	-29.71
197	517	504	233	197	222	165	-17.93	-69.26	-7.10	15529.05	-1560.05	4854.54	220.23	679.52	-101.43
197	517	505	234	196	224	164	-17.65	-69.09	-6.98	15503.20	-1525.44	4906.01	102.37	684.84	-167.65
198	517	504	234	197	223	164	-17.33	-68.84	-6.94	15485.64	-1512.97	4967.91	64.40	686.30	-219.92
196	517	504	234	197	222	164	-16.40	-68.59	-6.80	15471.35	-1471.12	5023.32	106.53	701.18	-259.68
197	517	504	234	196	223	166	-15.37	-68.37	-6.59	15447.39	-1413.17	5078.95	123.71	713.87	-284.44
197	517	504	234	197	223	164	-14.69	-68.25	-6.41	15421.62	-1361.31	5136.00	74.52	692.48	-306.42
197	517	504	234	197	222	164	-14.42	-68.24	-6.32	15409.13	-1337.64	5181.20	22.94	655.51	-322.45
196	516	504	234	198	222	164	-13.97	-68.15	-6.24	15396.88	-1315.96	5231.14	26.70	637.13	-337.33
197	517	504	234	197	222	164	-13.43	-68.11	-6.15	15384.63	-1288.16	5266.79	63.71	617.37	-350.61
196	516	504	234	197	222	164	-13.01	-68.13	-6.04	15383.40	-1259.96	5291.05	48.83	605.06	-362.28
196	516	504	234	197	222	164	-13.09	-68.12	-6.08	15375.63	-1269.56	5320.29	42.49	582.60	-382.22
197	516	504	234	197	223	164	-12.54	-68.11	-5.97	15373.65	-1239.28	5348.88	69.56	564.97	-416.00
197	516	504	234	197	222	164	-11.65	-68.21	-5.75	15362.37	-1181.32	5351.24	69.78	550.82	-441.45
196	516	504	234	197	223	164	-10.90	-68.55	-5.49	15350.05	-1110.85	5319.47	-9.81	528.28	-445.73
196	516	504	234	197	223	164	-11.42	-68.60	-5.52	15348.55	-1117.11	5295.90	-91.17	551.12	-429.69
196	516	504	234	197	223	164	-11.52	-68.23	-5.62	15331.32	-1143.25	5326.31	-34.56	611.96	-445.36
196	516	504	234	197	222	164	-10.75	-67.81	-5.54	15310.15	-1118.49	5385.39	64.62	664.81	-458.89
196	516	504	234	197	223	164	-10.02	-67.58	-5.32	15280.05	-1059.76	5435.32	44.89	672.47	-468.65
197	516	504	234	197	222	164	-9.83	-67.48	-5.19	15262.04	-1024.78	5489.35	-38.86	642.80	-475.32
196	516	504	234	197	222	164	-9.91	-67.37	-5.20	15260.54	-1026.14	5542.69	-75.01	621.66	-487.00
197	516	504	234	197	222	163	-9.42	-67.30	-5.12	15256.11	-1004.43	5584.15	-21.96	606.08	-497.10
196	516	504	234	197	222	164	-8.58	-67.19	-4.93	15253.71	-954.81	5631.74	30.49	593.27	-505.24
196	516	504	234	197	222	163	-7.89	-67.16	-4.72	15251.62	-898.07	5676.76	25.21	559.91	-505.33
196	516	504	234	197	222	164	-7.72	-67.18	-4.63	15253.64	-874.57	5721.52	-11.35	517.41	-511.42
196	516	504	234	198	224	163	-7.64	-67.20	-4.64	15258.96	-879.64	5762.64	19.32	469.94	-522.09
196	516	504	234	196	223	163	-7.12	-67.28	-4.55	15257.41	-854.66	5791.91	83.50	426.85	-542.29
196	516	503	234	196	224	162	-6.63	-67.38	-4.44	15252.14	-826.12	5810.71	131.08	384.45	-563.78
195	515	504	234	197	223	163	-6.11	-67.57	-4.30	15248.93	-789.22	5823.38	153.92	325.83	-588.49
196	515	504	234	196	222	163	-5.90	-67.82	-4.22	15250.68	-768.56	5829.61	155.93	260.44	-614.51
196	516	503	234	196	222	162	-5.73	-68.12	-4.20	15260.15	-764.33	5827.73	179.88	205.72	-645.84
196	515	503	234	197	223	162	-5.64	-68.49	-4.21	15261.54	-765.11	5789.14	230.99	156.98	-688.09
196	515	503	234	197	222	162	-5.24	-68.91	-4.11	15262.27	-740.46	5734.69	285.89	116.88	-730.44
195	516	503	234	196	221	161	-4.58	-69.22	-3.94	15257.55	-694.23	5685.75	319.74	92.09	-779.27
196	515	503	234	196	223	162	-3.52	-69.50	-3.68	15254.87	-627.32	5637.26	326.11	80.03	-829.80
195	515	503	233	196	223	162	-2.76	-69.66	-3.44	15258.13	-563.16	5584.40	295.70	93.83	-869.91
195	515	503	233	196	223	162	-1.77	-69.59	-3.12	15246.62	-480.40	5562.98	260.57	121.69	-906.37
195	516	503	234	197	222	161	-0.70	-69.40	-2.75	15234.09	-384.98	5567.83	231.94	158.81	-919.75
195	516	503	233	197	223	161	0.26	-69.12	-2.38	15215.99	-286.53	5591.24	190.64	185.72	-912.41
195	515	503	233	196	223	161	0.76	-68.92	-2.14	15208.79	-222.40	5621.08	148.21	199.38	-890.69
195	515	503	233	196	222	161	1.02	-68.68	-1.96	15200.55	-176.28	5663.02	119.25	213.21	-863.71
194	515	503	234	196	222	162	1.44	-68.53	-1.78	15192.32	-128.67	5698.07	116.19	210.75	-841.62
195	515	503	234	196	221	161	2.08	-68.41	-1.57	15187.91	-73.43	5724.37	129.23	208.91	-820.94
194	515	503	233	196	222	161	2.72	-68.30	-1.30	15180.91	-5.16	5748.95	123.97	197.62	-793.24
195	515	503	234	197	222	162	3.17	-68.25	-1.12	15177.86	43.70	5779.10	108.37	177.49	-761.18
195	515	503	234	196	223	161	3.45	-68.24	-0.98	15178.77	80.91	5796.75	95.05	154.41	-734.57
195	515	503	234	196	223	161	3.63	-68.29	-0.87	15175.03	108.47	5804.71	87.95	134.79	-710.94
195	515	503	233	197	222	161	3.76	-68.39	-0.78	15174.28	131.04	5809.07	86.90	106.70	-690.35
195	515	503	233	196	222	161	3.97	-68.57	-0.68	15174.97	156.69	5792.22	81.80	82.87	-669.13
195	515	503	233	197	223	160	4.30	-68.67	-0.56	15176.22	189.46	5780.01	82.61	76.87	-650.92
195	515	503	234	196	222	161	4.57	-68.69	-0.43	15166.41	221.78	5776.21	88.18	73.28	-633.28
195	515	503	233	196	223	161	4.56	-68.76	-0.39	15165.29	232.29	5771.60	83.67	63.57	-621.36
195	515	503	234	196	222	161	4.88	-68.81	-0.26	15175.42	267.08	5767.22	80.19	58.39	-606.79
195	515	503	234	197	222	161	4.99	-68.80	-0.14	15180.85	299.72	5770.86	49.03	52.97	-595.41
194	515	503	234	197	222	161	5.08	-68.89	-0.05	15194.01	321.14	5768.52	25.53	37.62	-592.43
195	515	503	234	197	223	161	5.27	-68.93	0.03	15197.11	342.48	5761.29	14.20	34.99	-588.91
195	515	503	234	197	223	160	5.38	-69.01	0.11	15206.85	362.76	5750.03	-4.86	33.79	-585.62
195	514	503	234	197	223	161	5.44	-69.09	0.18	15205.31	380.02	5733.92	-28.21	35.80	-586.24
195	514	503	233	196	222	160	5.66	-69.07	0.27	15201.44	403.62	5726.23	-42.10	49.91	-590.12
195	514	502	234	197	221	160	6.01	-68.98	0.41	15193.37	440.44	5729.92	-52.30	62.46	-602.02
195	514	503	233	196	223	160	6.72	-68.88	0.64	15190.30	499.42	5734.82	-45.98	72.24	-601.42
195	515	503	233	196	223	161	7.28	-68.80	0.83	15184.59	550.65	5737.48	-46.73	86.03	-578.00
195	514	503	234	197	223	160	7.57	-68.69	0.98	15176.76	588.51	5741.00	-64.95	101.23	-549.65
194	515	503	233	196	222	161	7.62	-68.50	1.01	15160.92	596.89	5768.55	-44.45	117.47	-514.36
195	514	502	234	196	222	160	7.78	-68.38	1.09	15148.27	617.24	5790.73	-21.88	115.19	-482.75
194	514	502	234	197	223	161	7.97	-68.42	1.21	15142.66	646.18	5793.79	-48.43	95.88	-443.36
195	514	503	233	197	223	161	7.90	-68.62	1.23	15144.13	652.47	5781.30	-84.26	78.29	-414.24
195	514	503	233	196	223	160	8.09	-68.78	1.29	15163.72	667.25	5755.84	-70.55	74.87	-390.08
195	514	502	233	197	222	160	8.50	-68.77	1.40	15169.73	698.29	5740.84	-63.12	99.58	-373.62
194	514	503	234	196	222	160	8.45	-68.74	1.45	15175.85	711.17	5741.80	-73.57	111.45	-362.39
195	514	503	233	196	222	160	8.37	-68.72	1.48	15192.25	719.21	5747.31	-88.54	120.73	-353.47
195	514	502	234	196	222	160	8.24	-68.69	1.47	15203.24	715.85	5750.75	-85.66	126.94	-346.20
194	514	503	234	196	223	160	8.26	-68.66	1.50	15196.48	723.46	5756.81	-79.18	128.10	-343.94
194	514	502	234	196	222	160	8.46	-68.73	1.59	15189.05	746.49	5746.57	-92.17	114.04	-346.34
194	514	502	233	196	222	160	8.88	-68.81	1.75	15179.20	787.96	5731.44	-124.61	95.24	-351.13
195	514	502	233	196	221	160	9.07	-68.81	1.85	15177.44	813.36	5731.67	-141.43	91.28	-358.82
194	514	502	233	197	221	159	9.50	-68.80	2.01	15175.37	855.10	5725.48	-147.96	90.16	-354.03
194	514	502	234	196	222	159	9.56	-68.79	2.10	15166.40	878.94	5720.61	-181.11	86.90	-341.23
195	514	503	233	196	222	159	9.40	-68.77	2.12	15169.08	882.19	5712.58	-212.90	90.41	-330.82
195	514	502	234	196	222	159	9.38	-68.81	2.12	15170.83	882.88	5697.95	-222.36	102.49	-321.38
194	514	502	233	196	221	159	9.55	-68.78	2.16	15165.49	894.34	5701.45	-224.54	115.96	-313.01
194	514	502	233	197	222	159	9.60	-68.69	2.22	15161.21	909.62	5711.98	-237.41	126.47	-309.21
194	513	502	233	196	222	159	9.66	-68.63	2.29	15156.95	927.74	5716.38	-252.84	132.99	-302.70
194	513	502	233	196	223	159	9.66	-68.58	2.34	15166.70	940.35	5726.56	-267.65	136.09	-290.76
194	513	502	233	196	222	159	9.75	-68.52	2.40	15170.37	956.54	5740.63	-263.87	141.09	-274.77
194	513	502	233	196	222	159	9.81	-68.48	2.46	15177.05	972.11	5747.80	-287.43	148.68	-265.43
194	513	502	233	197	222	159	9.39	-68.46	2.38	15184.40	952.50	5761.41	-308.05	146.90	-255.91
195	513	502	233	196	222	159	9.17	-68.51	2.34	15187.78	941.08	5763.94	-317.40	138.21	-251.27
194	513	502	233	196	223	160	8.97	-68.58	2.33	15189.79	938.83	5762.14	-338.43	130.54	-250.10
195	513	502	233	196	222	160	8.57	-68.61	2.26	15189.10	919.48	5758.04	-370.31	124.87	-260.00
194	513	503	233	196	221	159	8.63	-68.58	2.30	15181.44	930.71	5764.73	-376.49	118.37	-275.50
194	513	502	233	196	222	159	8.93	-68.54	2.41	15174.97	959.57	5767.90	-390.92	115.16	-289.07
194	513	502	233	196	222	160	9.05	-68.50	2.48	15175.62	978.80	5771.10	-419.32	120.70	-296.37
194	513	502	233	196	223	159	9.12	-68.42	2.53	15174.04	991.26	5780.75	-419.21	134.61	-299.80
194	513	502	233	196	222	160	9.38	-68.31	2.61	15169.34	1011.69	5792.51	-397.80	149.63	-304.66
194	513	502	233	196	222	159	9.58	-68.22	2.68	15168.47	1029.31	5803.48	-390.01	158.35	-300.58
194	513	502	233	196	223	159	9.47	-68.18	2.68	15159.65	1029.24	5802.31	-406.46	161.18	-299.00
194	513	503	234	197	222	159	9.28	-68.22	2.63	15165.66	1016.78	5801.39	-410.28	161.77	-298.05
194	513	502	234	196	222	158	9.08	-68.19	2.57	15163.38	999.74	5797.12	-406.87	173.34	-302.70
194	513	502	233	196	221	157	9.00	-68.15	2.53	15164.01	990.95	5813.47	-409.23	176.92	-311.86
193	513	502	234	196	222	156	9.09	-68.10	2.60	15163.21	1007.01	5827.19	-414.22	175.02	-322.27
194	513	502	233	196	223	156	9.08	-68.02	2.61	15165.65	1010.26	5847.23	-409.35	175.57	-330.31
194	513	503	233	196	222	156	9.32	-67.91	2.72	15156.97	1037.14	5860.67	-403.24	175.59	-340.19
194	513	503	233	196	222	156	9.44	-67.85	2.77	15149.52	1051.49	5874.24	-407.02	171.96	-348.58
194	513	502	232	196	221	155	9.53	-67.81	2.80	15142.04	1059.31	5881.73	-400.87	173.17	-350.20
194	513	502	234	196	222	156	9.71	-67.80	2.84	15135.54	1068.55	5886.24	-372.83	170.81	-343.39
194	513	502	233	197	222	155	9.82	-67.78	2.87	15127.36	1075.52	5893.93	-353.59	164.82	-337.62
194	513	502	233	196	221	155	9.90	-67.73	2.92	15124.79	1089.54	5910.03	-334.66	156.93	-332.14
194	513	502	233	196	222	156	9.95	-67.68	2.92	15121.75	1089.47	5928.13	-316.28	152.03	-326.48
194	513	502	233	197	222	156	9.98	-67.67	2.96	15115.87	1097.99	5942.12	-308.61	134.28	-326.91
194	513	502	233	196	222	155	10.07	-67.78	2.98	15116.67	1103.89	5939.82	-307.73	110.31	-327.81
194	513	502	233	196	221	155	10.29	-67.95	3.03	15112.04	1117.30	5922.23	-303.24	83.95	-325.57
193	513	502	234	196	221	155	10.71	-68.05	3.15	15104.44	1147.03	5892.72	-305.13	79.80	-314.49
194	513	502	233	196	222	155	10.83	-68.07	3.17	15099.21	1151.88	5871.08	-297.98	92.76	-307.47
194	513	502	233	197	222	155	10.94	-68.00	3.20	15103.05	1160.89	5869.13	-279.68	110.47	-302.35
194	513	502	233	197	223	154	10.93	-67.83	3.22	15097.50	1164.64	5893.67	-267.84	124.20	-293.03
194	513	502	233	196	222	154	10.92	-67.80	3.22	15095.42	1164.61	5919.59	-255.50	110.59	-286.18
194	513	503	233	197	222	152	10.95	-67.88	3.24	15090.85	1168.18	5921.81	-266.88	81.16	-284.87
194	513	502	233	196	222	154	10.88	-67.97	3.23	15087.71	1167.77	5927.12	-261.58	52.90	-284.08
194	513	503	234	197	223	154	11.07	-68.06	3.28	15092.33	1179.98	5925.96	-231.75	35.11	-275.72
194	514	503	233	196	223	155	11.36	-68.12	3.36	15086.51	1200.38	5916.86	-222.67	19.15	-261.79
194	514	503	234	197	222	154	11.19	-68.14	3.35	15078.98	1196.96	5920.62	-231.78	5.84	-262.50
195	514	503	234	197	223	154	11.19	-68.22	3.33	15087.83	1192.32	5914.79	-210.99	-6.20	-266.67
194	514	503	234	198	223	154	11.33	-68.33	3.36	15101.04	1200.90	5899.25	-196.29	-10.49	-266.24
194	514	503	234	197	223	154	11.58	-68.34	3.41	15101.19	1214.86	5888.29	-191.48	-14.11	-268.43
195	515	504	234	197	222	153	11.77	-68.37	3.45	15098.53	1225.51	5883.47	-192.15	-20.96	-276.45
194	514	504	234	197	223	154	12.03	-68.44	3.53	15106.20	1244.64	5866.70	-195.30	-20.86	-278.93
195	515	503	234	197	224	154	12.30	-68.46	3.62	15113.89	1268.81	5856.16	-181.88	-18.72	-277.49
194	515	504	234	197	223	154	12.53	-68.45	3.67	15116.00	1281.16	5847.96	-157.74	-12.28	-266.86
195	515	504	234	197	224	154	12.70	-68.43	3.72	15108.80	1294.71	5850.16	-145.35	-16.62	-254.47
194	515	504	234	197	222	154	12.64	-68.50	3.72	15114.16	1296.97	5851.25	-143.48	-33.74	-244.29
195	515	504	234	197	222	155	12.68	-68.57	3.74	15119.65	1300.12	5851.69	-131.11	-53.20	-235.53
194	515	504	234	197	223	154	12.76	-68.66	3.76	15121.67	1306.12	5835.30	-127.30	-73.99	-228.55
194	515	504	234	198	224	154	12.87	-68.83	3.77	15122.18	1310.81	5808.14	-131.09	-88.24	-223.88
194	515	504	234	197	223	155	13.13	-68.95	3.82	15119.87	1320.27	5779.33	-118.63	-90.48	-216.88
195	515	504	234	197	222	154	13.53	-68.99	3.88	15118.28	1338.26	5757.96	-102.10	-83.60	-205.09
195	515	504	234	197	224	155	13.79	-68.96	3.98	15111.77	1362.14	5743.07	-119.10	-69.92	-191.13
195	515	504	234	197	223	154	13.84	-68.96	4.00	15117.18	1368.24	5729.31	-127.19	-59.53	-174.43
195	515	504	234	197	224	155	14.05	-68.91	4.04	15115.32	1379.62	5710.65	-127.53	-42.95	-153.91
194	514	504	234	197	222	155	14.22	-68.83	4.14	15108.55	1403.44	5709.51	-127.81	-24.30	-118.36