147	448	416	172	144	189	158	-6.84	-77.07	-2.84	15924.13	-440.75	3661.18	444.39	-23.79	183.01
147	448	416	172	144	189	159	-7.13	-77.24	-2.87	15938.12	-449.51	3630.32	440.47	-34.75	181.36
147	448	416	172	143	190	158	-7.55	-77.39	-2.93	15956.41	-465.23	3598.80	426.40	-30.22	175.25
146	447	416	172	143	190	158	-7.63	-77.46	-2.92	15984.79	-466.37	3572.46	412.38	-10.30	159.23
147	448	417	172	144	190	159	-7.92	-77.42	-2.96	15999.75	-476.05	3552.04	388.41	24.36	144.97
146	448	416	171	144	190	158	-8.03	-77.24	-2.99	15995.76	-486.45	3555.04	400.94	68.34	131.77
146	448	416	172	144	190	158	-7.68	-77.05	-2.96	15972.78	-476.53	3564.08	407.44	106.28	118.53
146	448	416	172	144	190	159	-7.32	-76.87	-2.93	15954.34	-465.30	3585.68	393.07	126.66	99.76
146	448	416	172	143	189	158	-7.28	-76.75	-2.90	15934.02	-457.64	3600.80	344.87	133.73	74.37
146	448	416	172	144	190	158	-7.14	-76.72	-2.88	15923.12	-452.56	3614.56	338.42	121.04	68.60
146	448	416	172	144	190	158	-6.62	-76.81	-2.81	15913.76	-431.33	3607.43	336.80	106.24	72.97
146	448	416	172	144	190	159	-6.23	-76.85	-2.73	15913.08	-410.56	3611.86	303.06	91.63	77.22
146	448	416	172	143	189	158	-6.71	-76.97	-2.77	15924.02	-422.83	3600.66	246.11	72.85	72.76
146	448	416	172	144	189	158	-7.19	-77.04	-2.84	15941.22	-442.09	3595.23	221.65	62.30	72.07
146	448	416	173	144	190	159	-7.32	-77.07	-2.87	15954.16	-449.99	3592.87	222.12	58.84	74.57
147	448	416	172	144	190	158	-7.48	-77.13	-2.89	15965.65	-455.29	3581.83	196.42	59.85	57.19
146	448	416	172	143	190	159	-7.84	-77.19	-2.92	15980.57	-464.12	3563.33	167.89	65.60	33.23
146	448	416	172	143	191	159	-8.12	-77.22	-2.94	15983.94	-471.52	3550.57	139.35	76.92	8.02
146	448	416	172	144	189	158	-7.94	-77.20	-2.92	15976.14	-464.14	3550.64	130.48	89.33	-7.48
146	448	416	172	144	189	159	-7.60	-77.11	-2.89	15965.54	-455.73	3554.51	119.46	105.11	-18.31
146	448	417	172	143	189	159	-7.53	-77.01	-2.85	15958.66	-445.95	3570.38	103.34	119.46	-18.69
146	448	416	172	144	190	159	-7.57	-77.00	-2.87	15948.33	-449.65	3573.86	84.67	115.48	-20.36
146	448	416	172	144	190	159	-7.66	-77.00	-2.88	15945.51	-453.37	3582.77	70.93	105.71	-23.34
146	448	416	172	144	190	159	-7.90	-76.98	-2.91	15954.43	-462.70	3585.23	53.99	106.07	-27.97
146	448	417	172	144	189	159	-8.36	-76.92	-2.97	15962.71	-479.76	3587.97	42.49	115.77	-35.72
146	448	416	172	144	189	159	-8.58	-76.89	-3.02	15970.78	-493.78	3588.17	49.31	121.68	-48.54
145	448	417	172	143	191	159	-8.53	-76.90	-3.03	15978.64	-494.49	3585.96	51.50	126.35	-65.81
146	448	416	172	143	189	159	-8.14	-76.83	-2.98	15981.91	-481.36	3590.66	41.27	138.48	-85.22
146	448	416	173	143	189	159	-7.95	-76.76	-2.96	15986.21	-475.89	3594.73	30.76	154.66	-99.01
146	447	416	173	144	188	158	-7.53	-76.70	-2.87	15975.10	-452.10	3604.60	37.87	166.37	-100.96
147	447	416	172	143	190	159	-7.04	-76.62	-2.79	15961.15	-429.29	3615.17	31.73	172.65	-99.21
146	447	416	172	143	189	159	-6.90	-76.62	-2.77	15960.29	-424.83	3620.81	13.24	178.32	-98.35
145	447	417	173	143	189	158	-6.58	-76.62	-2.73	15959.27	-412.79	3626.97	4.38	174.36	-96.03
146	447	416	173	143	189	159	-6.87	-76.58	-2.76	15956.11	-421.95	3630.82	-11.59	171.99	-95.03
146	446	416	173	144	189	158	-6.85	-76.54	-2.77	15957.10	-423.45	3636.68	-7.11	178.19	-96.83
146	447	417	173	144	189	158	-7.07	-76.47	-2.81	15958.05	-434.88	3650.64	-16.80	178.88	-109.24
146	447	417	173	144	189	159	-6.69	-76.42	-2.77	15959.95	-423.74	3670.31	-0.51	173.14	-116.23
146	447	416	173	143	189	158	-6.18	-76.41	-2.67	15958.15	-397.35	3679.60	-3.19	168.63	-123.61
146	447	416	173	144	189	159	-5.85	-76.43	-2.59	15958.24	-375.28	3681.02	-3.03	161.85	-124.28
146	447	416	173	144	190	159	-5.34	-76.50	-2.49	15960.33	-346.72	3671.96	-25.33	158.20	-127.92
146	446	417	173	143	189	159	-4.74	-76.59	-2.38	15962.91	-315.18	3663.97	-52.11	148.59	-129.32
146	447	417	173	143	190	159	-4.61	-76.61	-2.29	15965.37	-293.82	3656.37	-104.06	149.36	-131.76
146	447	416	173	144	187	159	-4.55	-76.60	-2.29	15954.70	-290.73	3668.15	-132.00	142.55	-124.52
146	447	417	173	144	190	159	-4.68	-76.50	-2.34	15942.36	-304.79	3671.74	-116.90	145.62	-100.49
146	446	418	173	143	190	159	-4.42	-76.37	-2.29	15930.04	-292.75	3692.76	-116.26	157.84	-76.27
146	446	418	173	143	190	159	-4.40	-76.34	-2.27	15916.34	-285.12	3707.12	-143.29	144.65	-56.01
146	446	418	174	144	189	158	-4.41	-76.34	-2.22	15930.92	-273.06	3713.36	-214.78	143.51	-61.36
146	446	418	173	144	189	159	-5.20	-76.37	-2.32	15933.98	-300.81	3718.89	-262.34	134.34	-60.24
146	445	419	174	143	189	159	-5.30	-76.43	-2.37	15928.08	-312.37	3716.35	-244.17	133.57	-47.93
147	444	423	176	144	189	158	-5.19	-76.35	-2.37	15941.67	-313.55	3726.53	-209.17	148.34	-32.83
147	443	427	177	144	189	159	-4.83	-76.26	-2.31	15982.59	-297.47	3704.80	-204.36	214.18	1.36
147	442	430	178	144	187	158	-4.97	-75.99	-2.32	15946.86	-299.40	3701.16	-225.04	287.62	29.64
148	442	430	178	145	187	158	-4.78	-75.94	-2.31	15940.92	-297.63	3726.71	-215.39	268.99	27.46
147	439	429	177	144	187	158	-5.04	-75.96	-2.32	15945.27	-300.95	3743.77	-272.42	243.59	17.94
147	430	425	174	141	186	158	-5.44	-75.89	-2.37	15939.01	-313.90	3769.58	-333.90	232.11	0.34
147	424	419	172	139	186	158	-6.02	-75.91	-2.44	15923.66	-332.00	3784.90	-371.70	203.40	-15.43
148	423	413	172	139	186	158	-5.99	-75.93	-2.47	15918.08	-340.60	3790.86	-339.67	176.78	-11.35
147	423	411	172	138	188	158	-5.95	-75.98	-2.46	15909.97	-336.97	3793.71	-349.53	159.69	-16.19
147	423	413	172	137	188	158	-6.20	-76.14	-2.46	15908.07	-337.93	3786.23	-407.36	132.36	-29.23
147	425	413	173	138	187	159	-6.65	-76.24	-2.51	15911.67	-350.03	3779.32	-452.59	113.99	-37.17
147	425	414	173	138	186	159	-7.05	-76.32	-2.57	15921.08	-366.13	3766.35	-462.06	109.99	-35.61
147	425	414	173	139	188	159	-7.21	-76.39	-2.58	15928.43	-369.22	3759.43	-472.56	112.24	-35.23
147	425	415	174	139	188	159	-7.55	-76.40	-2.63	15938.61	-384.96	3760.46	-488.23	102.18	-46.32
148	425	416	174	139	187	159	-7.57	-76.47	-2.65	15937.88	-390.71	3771.24	-502.67	74.92	-69.75
147	425	415	174	140	187	158	-7.98	-76.48	-2.73	15934.98	-412.18	3769.68	-517.48	49.97	-96.26
147	426	416	174	140	188	159	-8.17	-76.49	-2.78	15928.03	-425.77	3772.39	-500.26	38.58	-104.65
147	426	416	175	140	188	159	-7.79	-76.51	-2.73	15916.43	-411.88	3768.57	-473.70	35.65	-99.52
147	426	417	175	140	188	159	-7.99	-76.50	-2.75	15919.01	-414.69	3760.14	-482.46	49.51	-102.94
148	427	418	175	140	188	159	-7.46	-76.55	-2.68	15914.86	-397.95	3758.74	-442.29	38.14	-103.79
148	427	419	175	140	187	159	-7.48	-76.45	-2.68	15910.72	-397.25	3768.40	-452.62	40.33	-107.55
147	427	419	174	140	187	158	-7.13	-76.48	-2.64	15914.58	-385.59	3764.38	-425.44	43.47	-100.53
147	427	418	175	140	187	159	-7.09	-76.56	-2.63	15910.05	-383.91	3759.16	-426.97	27.99	-97.75
147	428	419	175	140	187	159	-7.38	-76.65	-2.66	15927.15	-392.32	3753.40	-450.77	8.24	-106.76
148	428	419	175	140	187	160	-7.49	-76.83	-2.68	15948.99	-397.70	3737.73	-440.03	-16.52	-109.07
147	428	419	175	140	188	158	-7.46	-76.98	-2.67	15968.94	-395.61	3719.45	-439.53	-30.19	-114.57
147	428	420	175	138	188	159	-7.52	-77.03	-2.68	15988.49	-398.23	3711.67	-440.11	-31.08	-121.44
147	428	419	175	140	187	159	-7.17	-77.04	-2.62	15999.67	-383.12	3706.49	-437.60	-22.43	-121.17
147	428	419	175	140	186	159	-6.83	-77.04	-2.56	15996.29	-366.97	3702.37	-441.57	-18.56	-120.06
147	428	417	174	140	188	159	-6.57	-77.11	-2.51	15995.87	-354.02	3697.85	-449.39	-33.63	-104.16
147	428	417	174	141	188	159	-6.55	-77.17	-2.49	15998.08	-347.32	3694.76	-463.32	-48.50	-97.90
147	428	417	175	140	187	159	-7.04	-77.25	-2.54	15992.17	-361.35	3682.82	-497.06	-71.57	-101.11
147	428	417	175	141	188	159	-7.64	-77.41	-2.64	15996.96	-390.08	3663.48	-494.30	-96.85	-109.00
148	429	418	175	140	189	159	-7.82	-77.52	-2.68	16010.32	-400.98	3656.30	-471.59	-118.50	-107.60
148	429	419	175	140	190	158	-8.01	-77.56	-2.71	16019.00	-408.53	3647.29	-461.46	-115.73	-106.67
147	430	419	176	140	188	160	-8.08	-77.68	-2.71	16024.65	-409.30	3616.12	-459.84	-110.24	-109.39
148	429	420	176	141	188	160	-8.29	-77.75	-2.73	16031.82	-415.24	3592.92	-460.99	-101.33	-113.17
148	430	419	176	140	189	160	-8.12	-77.74	-2.72	16041.23	-414.08	3582.07	-421.29	-85.81	-106.76
148	430	419	177	141	189	159	-7.63	-77.65	-2.65	16049.57	-394.77	3572.97	-393.68	-57.57	-94.37
148	430	419	177	141	189	159	-7.35	-77.57	-2.62	16048.29	-386.63	3575.12	-374.45	-39.64	-77.90
148	430	419	177	140	188	159	-7.37	-77.59	-2.66	16050.27	-396.90	3559.96	-327.67	-27.31	-56.41
148	431	418	176	140	188	159	-7.17	-77.53	-2.64	16050.36	-392.06	3562.96	-283.59	-12.75	-34.54
148	431	418	176	140	189	159	-6.84	-77.52	-2.58	16046.84	-376.25	3550.02	-279.66	2.44	-27.11
148	430	419	177	139	188	160	-7.42	-77.55	-2.66	16043.30	-397.84	3532.72	-281.13	7.12	-26.35
148	430	418	177	140	188	159	-7.58	-77.58	-2.71	16049.33	-412.15	3520.68	-248.37	7.66	-27.09
148	430	418	177	138	188	160	-7.35	-77.59	-2.70	16056.87	-408.94	3523.25	-210.55	9.83	-24.23
148	431	418	176	139	188	160	-7.25	-77.50	-2.70	16054.22	-408.50	3524.08	-189.32	32.74	-20.62
148	430	419	177	140	189	160	-7.26	-77.46	-2.73	16046.51	-415.87	3531.28	-147.71	40.00	-13.39
148	430	419	177	139	189	159	-7.06	-77.51	-2.71	16041.59	-411.48	3519.52	-115.42	38.50	-17.87
148	430	418	177	138	188	159	-6.90	-77.54	-2.69	16055.71	-406.90	3517.94	-96.25	38.18	-19.08
148	430	419	176	139	189	159	-6.82	-77.47	-2.69	16056.12	-406.76	3509.04	-67.34	65.97	-7.72
149	430	419	177	138	189	159	-6.29	-77.32	-2.62	16056.72	-387.42	3509.79	-60.37	106.67	2.11
148	430	418	177	138	189	160	-6.48	-77.25	-2.63	16056.88	-390.65	3511.70	-69.05	123.59	8.36
149	431	420	178	138	189	159	-6.83	-77.16	-2.72	16052.84	-413.12	3514.32	-42.55	138.46	13.29
149	430	419	177	137	187	160	-6.58	-77.07	-2.69	16052.40	-407.86	3517.40	-21.27	163.58	17.43
148	430	419	177	138	188	159	-6.36	-76.89	-2.67	16040.18	-399.07	3531.53	-25.66	193.85	17.30
148	430	419	178	138	189	160	-6.52	-76.70	-2.71	16030.37	-410.51	3559.35	-22.48	209.26	14.79
149	430	420	177	137	188	159	-6.43	-76.62	-2.71	16024.65	-409.39	3574.79	-9.30	213.15	13.35
148	430	420	177	138	188	160	-6.28	-76.62	-2.69	16019.22	-403.32	3580.05	-4.89	207.54	6.43
149	430	419	177	138	187	160	-6.61	-76.63	-2.72	16014.45	-412.75	3567.24	-13.29	212.41	0.21
148	430	419	177	138	188	160	-6.48	-76.66	-2.71	16017.13	-410.72	3563.88	4.67	218.04	-11.90
149	430	419	177	138	189	160	-6.42	-76.65	-2.70	16009.48	-405.58	3567.69	3.89	219.64	-19.61
149	430	418	177	138	189	160	-6.07	-76.57	-2.64	15990.00	-390.90	3580.10	-3.56	220.11	-28.18
149	430	419	177	138	188	160	-5.90	-76.46	-2.61	15980.70	-381.96	3605.70	-8.98	214.00	-34.42
149	430	419	177	138	189	161	-5.72	-76.42	-2.59	15968.67	-374.46	3627.81	-10.68	197.45	-33.40
148	430	419	177	138	188	160	-5.82	-76.38	-2.63	15966.43	-386.34	3645.02	-7.05	185.08	-27.73
149	431	419	177	138	188	160	-5.86	-76.42	-2.64	15958.51	-387.02	3657.57	-0.24	168.68	-27.19
149	431	419	177	138	189	160	-5.97	-76.45	-2.65	15959.59	-390.67	3673.29	0.22	146.09	-28.03
149	431	419	177	138	188	161	-5.92	-76.50	-2.66	15958.61	-393.73	3676.83	2.41	123.19	-34.98
148	430	419	178	138	188	160	-6.27	-76.63	-2.71	15959.28	-406.05	3668.19	-20.91	91.68	-54.08
149	431	419	178	138	189	160	-6.59	-76.78	-2.74	15967.31	-414.34	3649.38	-23.02	73.10	-74.88
149	431	419	178	138	188	160	-6.78	-76.80	-2.77	15967.75	-424.43	3643.51	-9.32	74.89	-89.08
149	431	419	178	138	189	160	-6.24	-76.78	-2.70	15965.96	-403.21	3647.13	11.60	77.00	-105.68
149	431	418	177	137	188	160	-6.07	-76.81	-2.66	15963.06	-394.05	3646.38	4.02	71.05	-124.34
149	431	418	178	138	188	160	-5.88	-76.86	-2.65	15962.11	-390.54	3654.06	34.37	49.24	-132.28
149	431	419	178	138	188	160	-5.35	-76.95	-2.57	15957.20	-367.62	3649.15	48.15	37.13	-136.76
149	431	419	177	138	188	160	-5.12	-77.01	-2.53	15960.94	-357.44	3647.10	50.29	25.27	-136.87
148	431	419	177	138	189	160	-4.66	-77.04	-2.47	15962.49	-340.16	3649.74	67.23	26.16	-128.88
149	431	419	178	138	188	160	-4.31	-77.14	-2.42	15963.37	-327.16	3645.45	90.27	8.90	-121.14
148	431	419	178	137	188	160	-4.10	-77.25	-2.39	15974.40	-321.40	3624.58	102.80	-3.94	-114.48
148	431	419	178	138	189	160	-3.90	-77.41	-2.36	15980.88	-313.53	3593.95	116.71	-14.34	-108.71
149	431	418	178	138	189	160	-3.99	-77.60	-2.35	15992.84	-310.05	3555.85	106.98	-15.33	-112.87
149	431	419	178	138	188	160	-4.22	-77.73	-2.35	16005.20	-309.55	3532.26	100.53	-17.66	-120.08
148	431	419	177	138	188	160	-4.26	-77.75	-2.33	16005.94	-304.87	3514.05	89.10	-4.98	-122.57
148	431	419	178	138	189	160	-4.09	-77.65	-2.30	16007.44	-297.43	3513.55	92.05	16.02	-120.19
149	431	419	178	138	189	160	-3.78	-77.58	-2.24	16001.47	-280.16	3518.67	86.89	25.67	-114.98
149	431	419	178	138	189	160	-3.53	-77.50	-2.19	15999.39	-267.95	3537.14	88.35	23.69	-107.64
149	431	419	178	138	188	160	-3.47	-77.46	-2.18	16000.22	-262.75	3551.68	80.78	14.70	-100.45
149	431	419	178	138	189	160	-3.26	-77.45	-2.13	16004.61	-251.61	3569.29	80.69	-8.68	-96.83
148	431	420	178	138	189	160	-3.43	-77.59	-2.15	16006.78	-256.23	3552.83	73.76	-32.05	-92.59
148	431	420	178	138	189	161	-3.56	-77.68	-2.18	16025.44	-265.02	3552.19	107.07	-56.35	-86.41
149	431	420	178	139	190	159	-3.50	-77.84	-2.17	16030.17	-262.57	3528.78	111.37	-68.48	-84.29
148	431	419	179	139	190	161	-3.70	-77.98	-2.18	16042.46	-264.84	3493.34	107.45	-62.51	-86.93
149	430	420	179	139	189	160	-3.66	-78.01	-2.20	16034.94	-270.20	3475.07	136.03	-46.88	-88.23
149	431	420	180	138	190	159	-3.29	-78.04	-2.15	16038.79	-257.09	3460.12	157.78	-34.99	-88.52
148	431	419	180	138	190	160	-2.55	-77.95	-2.04	16030.85	-226.64	3469.11	167.99	-28.49	-82.79
149	431	419	180	138	189	160	-2.01	-77.95	-1.95	16016.91	-200.50	3460.06	159.04	-24.91	-73.75
148	431	420	180	138	189	160	-2.08	-77.99	-1.94	16011.86	-198.48	3451.05	134.29	-27.92	-67.51
149	431	420	180	138	189	161	-2.42	-78.10	-1.98	16014.87	-210.15	3434.70	148.12	-39.12	-51.84
148	431	420	180	138	190	160	-2.37	-78.16	-1.97	16026.92	-207.25	3422.17	139.01	-33.76	-42.15
149	431	421	180	137	189	160	-2.30	-78.12	-1.94	16026.98	-200.48	3417.46	129.76	-18.88	-32.14
149	431	420	180	138	189	161	-2.44	-78.13	-1.94	16029.63	-199.06	3410.98	128.83	-14.63	-23.83
148	431	420	180	138	189	160	-2.29	-78.16	-1.92	16039.75	-194.11	3414.24	135.03	-19.15	-20.29
148	431	420	180	138	189	161	-1.94	-78.21	-1.87	16052.16	-179.60	3399.92	129.78	-11.99	-25.08
149	431	420	180	138	189	160	-1.91	-78.21	-1.85	16063.95	-174.62	3386.13	121.99	2.86	-29.97
148	430	420	180	138	190	161	-1.66	-78.18	-1.82	16066.55	-167.89	3371.82	129.44	24.31	-29.82
148	431	420	180	139	188	161	-1.48	-78.15	-1.77	16068.03	-154.90	3370.63	134.82	37.95	-28.78
148	430	420	180	138	189	161	-1.06	-78.07	-1.70	16064.62	-135.15	3372.70	138.83	55.35	-26.14
149	431	420	180	138	190	160	-1.11	-77.96	-1.69	16052.19	-130.39	3379.66	137.79	67.48	-23.44
148	431	420	180	138	189	161	-0.86	-77.86	-1.63	16040.38	-115.07	3387.88	141.45	72.16	-24.46
149	431	420	180	139	191	161	-0.59	-77.83	-1.57	16030.16	-96.12	3393.29	133.13	69.25	-21.24
148	431	420	180	139	189	161	-0.44	-77.87	-1.53	16036.25	-86.91	3396.82	125.52	59.69	-18.33
148	431	420	179	138	189	159	-0.50	-77.88	-1.52	16045.44	-83.77	3394.38	117.04	58.50	-12.56
148	431	420	180	138	190	161	-0.57	-77.86	-1.52	16057.97	-84.98	3392.86	123.69	66.68	-4.78
148	431	420	180	139	190	160	-0.66	-77.88	-1.53	16067.47	-88.93	3394.22	135.06	63.74	1.75
149	430	421	180	138	190	161	-0.66	-77.88	-1.53	16079.70	-86.88	3391.51	126.26	75.21	0.82
147	430	420	180	139	189	161	-0.77	-77.82	-1.52	16092.71	-86.74	3390.13	105.34	97.75	-3.82
147	430	420	180	138	190	161	-0.78	-77.76	-1.51	16094.48	-82.80	3395.03	103.88	111.56	-5.68
148	431	421	180	138	190	161	-0.74	-77.71	-1.51	16090.35	-83.26	3397.87	106.08	122.83	-7.00
148	431	420	180	138	190	161	-0.69	-77.63	-1.51	16087.63	-81.10	3403.58	96.58	137.74	-9.00
148	431	420	180	138	190	160	-0.71	-77.48	-1.50	16073.45	-80.64	3418.00	95.55	158.95	-3.60
148	430	420	181	138	189	161	-0.89	-77.30	-1.52	16057.98	-85.41	3440.70	90.22	175.21	2.53
149	431	420	180	139	189	162	-0.70	-77.23	-1.50	16036.28	-78.74	3453.87	94.41	172.80	10.80
148	431	420	180	139	189	161	-0.59	-77.20	-1.47	16030.87	-71.00	3459.57	84.24	169.11	15.11
148	431	420	180	138	189	161	-0.61	-77.18	-1.48	16029.32	-71.25	3468.79	84.83	173.55	18.26
149	431	420	180	139	190	160	-0.33	-77.19	-1.43	16019.26	-59.89	3471.55	86.44	167.32	25.00
148	431	420	180	138	189	161	-0.48	-77.25	-1.42	16022.09	-56.30	3470.98	72.11	156.61	27.20
149	431	420	180	139	189	161	-0.27	-77.35	-1.41	16032.79	-54.68	3448.83	75.51	159.48	33.04
148	431	420	180	138	191	161	-0.22	-77.38	-1.40	16029.15	-50.15	3431.99	72.43	159.00	37.48
149	431	420	180	139	189	161	-0.13	-77.38	-1.36	16031.89	-39.44	3433.59	46.91	161.65	36.11
148	431	420	180	138	189	161	-0.43	-77.40	-1.37	16042.10	-44.47	3437.71	11.52	158.67	27.55
149	431	420	180	139	191	162	-0.49	-77.33	-1.38	16042.79	-46.45	3453.82	6.54	160.84	24.48
148	431	420	180	139	190	161	-0.40	-77.26	-1.37	16036.45	-43.12	3474.33	10.01	149.74	25.40
149	431	420	180	138	189	161	-0.51	-77.26	-1.39	16035.03	-49.77	3485.81	-2.89	140.06	20.88
147	431	420	179	138	190	161	-0.80	-77.22	-1.43	16035.28	-58.08	3492.32	-26.79	146.35	17.64
148	431	420	180	138	190	161	-1.02	-77.17	-1.46	16031.31	-67.37	3495.51	-27.25	157.04	22.51
147	431	420	180	138	190	160	-1.26	-77.15	-1.51	16025.55	-80.21	3500.73	-8.54	149.58	30.28
148	431	420	180	138	189	161	-1.22	-77.18	-1.50	16029.67	-79.00	3501.90	-3.41	145.61	32.97
148	431	419	179	138	190	161	-1.67	-77.21	-1.56	16031.59	-93.45	3497.60	-25.89	152.23	23.42
148	431	420	180	138	189	162	-1.63	-77.26	-1.56	16040.21	-94.17	3493.72	-10.45	148.41	14.70
148	431	420	180	138	190	161	-1.29	-77.29	-1.51	16030.20	-81.06	3491.03	-1.63	142.24	9.36
148	431	420	180	138	189	161	-0.81	-77.33	-1.44	16016.69	-62.41	3490.08	4.51	131.68	11.40
148	432	420	179	139	190	161	-0.80	-77.34	-1.42	16023.05	-56.09	3493.18	-23.12	132.55	7.98
148	431	420	180	138	189	161	-1.05	-77.38	-1.44	16021.90	-62.29	3493.92	-12.76	118.87	13.53
148	431	420	179	138	189	161	-0.80	-77.30	-1.43	16011.81	-58.77	3501.02	-0.88	119.58	22.90
148	431	420	180	139	189	161	-0.65	-77.26	-1.41	15996.41	-52.23	3510.17	1.22	113.80	31.81
149	431	420	179	139	189	161	-0.93	-77.27	-1.45	15994.19	-64.62	3515.86	-12.14	106.71	32.91
148	431	420	180	139	191	161	-1.04	-77.33	-1.47	16004.08	-68.99	3522.07	-2.19	87.27	31.27
148	431	420	179	139	190	161	-1.33	-77.44	-1.51	16011.88	-80.14	3508.77	-3.93	76.81	22.91
148	432	421	179	139	189	162	-1.31	-77.56	-1.50	16022.69	-78.73	3481.33	8.52	77.27	14.96
148	432	421	180	139	189	161	-1.26	-77.67	-1.49	16025.95	-76.60	3465.26	-3.21	74.50	-2.99
148	432	421	179	139	190	161	-1.51	-77.66	-1.53	16022.25	-85.77	3457.60	-24.70	86.23	-24.14
148	432	421	179	139	189	162	-1.41	-77.55	-1.51	16017.14	-80.28	3462.12	-29.16	103.22	-34.78
148	432	420	180	139	190	161	-1.21	-77.44	-1.48	16006.68	-71.07	3480.41	-30.25	108.21	-39.39
148	432	420	180	139	190	161	-0.99	-77.37	-1.44	16007.95	-60.31	3501.59	-31.44	108.05	-41.92
148	432	421	179	139	189	161	-0.81	-77.30	-1.38	15998.15	-45.50	3518.11	-48.47	95.49	-45.43
148	432	421	180	139	189	161	-1.00	-77.30	-1.39	16003.84	-47.22	3535.61	-71.24	79.12	-45.41
148	432	421	179	139	189	161	-0.95	-77.41	-1.38	16011.25	-45.86	3523.83	-85.83	69.51	-46.43
148	432	421	180	139	189	161	-1.22	-77.50	-1.42	16016.69	-55.57	3510.64	-93.24	62.54	-37.71
148	432	420	179	139	190	161	-1.16	-77.59	-1.41	16022.85	-53.99	3493.70	-86.63	61.51	-31.43
148	432	420	179	139	188	161	-1.15	-77.66	-1.40	16033.91	-50.89	3476.22	-106.85	66.54	-30.61
148	432	420	179	140	189	162	-1.43	-77.65	-1.41	16040.21	-53.15	3460.81	-122.76	82.46	-27.13
148	432	419	179	140	189	161	-1.40	-77.62	-1.40	16039.40	-50.29	3464.77	-117.02	90.99	-22.62
148	432	420	179	139	191	161	-1.17	-77.56	-1.35	16023.23	-36.17	3468.53	-122.27	95.29	-15.94
148	432	419	179	139	190	161	-1.22	-77.53	-1.35	16017.87	-37.76	3477.10	-142.15	86.72	-16.29
148	432	419	179	139	189	161	-1.11	-77.46	-1.32	16007.38	-29.08	3494.45	-167.30	77.74	-17.23
148	432	420	178	140	189	161	-1.41	-77.47	-1.36	16000.81	-40.42	3501.72	-197.28	66.85	-16.52
149	432	419	179	140	189	161	-1.34	-77.55	-1.38	16002.17	-44.60	3504.04	-188.72	45.11	-5.49
149	431	419	178	140	189	162	-1.40	-77.59	-1.38	16003.06	-45.57	3500.24	-177.03	39.00	12.38
149	432	419	178	141	188	161	-1.16	-77.66	-1.37	16011.11	-41.89	3504.62	-156.73	25.55	32.97
149	432	420	178	140	189	162	-1.24	-77.77	-1.37	16025.35	-42.20	3489.99	-178.49	16.07	44.62
149	432	420	179	140	189	162	-1.69	-77.89	-1.44	16036.68	-60.49	3469.49	-172.02	7.92	57.24
148	432	419	179	140	190	161	-1.85	-77.95	-1.46	16046.25	-67.46	3443.62	-162.52	22.52	74.02
148	432	420	178	140	189	162	-2.20	-77.89	-1.52	16056.54	-85.49	3435.24	-161.64	46.80	85.82
149	432	419	178	140	190	161	-2.29	-77.82	-1.55	16073.91	-92.62	3430.68	-145.51	62.81	99.18
149	432	419	178	140	189	162	-2.59	-77.69	-1.59	16079.21	-104.19	3442.34	-147.58	87.77	105.92
148	432	420	178	140	189	162	-2.54	-77.56	-1.60	16073.05	-105.18	3456.62	-139.85	102.23	111.48
149	432	419	178	140	189	162	-2.88	-77.51	-1.64	16073.20	-117.92	3466.79	-153.91	107.37	110.10
148	432	419	178	140	190	162	-2.91	-77.44	-1.65	16071.14	-120.02	3473.05	-141.62	115.25	111.85
148	432	419	178	140	189	161	-2.62	-77.42	-1.62	16052.98	-111.22	3473.20	-128.99	115.24	123.86
149	432	419	178	140	189	161	-2.50	-77.41	-1.61	16043.53	-108.66	3463.94	-134.79	113.93	135.26
148	431	419	178	139	190	161	-2.88	-77.35	-1.69	16037.16	-131.43	3473.74	-132.20	118.78	152.90
149	432	420	178	140	189	161	-3.13	-77.32	-1.73	16037.30	-141.66	3476.46	-118.69	125.09	171.30
149	432	419	178	140	188	162	-3.35	-77.32	-1.77	16030.43	-152.97	3479.43	-119.50	118.34	179.19
149	432	419	178	140	189	161	-3.41	-77.41	-1.79	16027.31	-156.72	3478.86	-123.08	88.62	182.28
148	432	419	177	140	189	162	-3.68	-77.46	-1.83	16021.75	-168.29	3478.12	-135.27	72.14	184.47
148	432	419	177	140	189	161	-4.07	-77.52	-1.92	16028.26	-194.47	3476.01	-119.01	68.78	199.34
148	432	419	176	140	189	160	-4.28	-77.57	-1.97	16036.84	-208.35	3466.81	-89.81	70.34	217.48
148	432	419	177	140	189	161	-4.36	-77.63	-1.97	16042.00	-208.33	3460.27	-83.77	68.37	223.90
148	432	419	177	141	188	161	-4.75	-77.67	-2.05	16042.90	-229.32	3454.46	-90.88	59.36	227.61
148	432	419	177	141	189	162	-5.11	-77.64	-2.12	16046.75	-248.05	3453.33	-80.44	69.99	235.08
148	432	419	177	140	190	162	-4.97	-77.57	-2.12	16044.22	-248.65	3455.87	-55.46	78.69	250.47
148	433	418	177	141	190	161	-5.05	-77.55	-2.14	16037.81	-254.81	3459.67	-55.04	76.80	256.60
148	432	418	177	140	189	162	-5.50	-77.57	-2.21	16037.32	-273.87	3463.89	-64.89	72.21	260.52
148	432	418	177	140	189	162	-5.92	-77.57	-2.29	16035.05	-295.78	3458.70	-65.94	75.10	270.24
148	433	418	177	141	189	162	-6.24	-77.58	-2.35	16032.70	-310.99	3444.36	-60.80	82.70	280.33
148	432	419	178	140	189	161	-6.68	-77.60	-2.42	16033.06	-329.44	3439.34	-66.91	94.36	287.26
148	432	418	177	141	189	162	-7.09	-77.62	-2.48	16033.41	-347.17	3428.78	-74.41	98.60	287.50
148	432	418	177	141	189	162	-7.49	-77.61	-2.55	16036.14	-366.81	3426.94	-79.44	100.77	283.98
148	432	419	178	140	190	162	-7.65	-77.56	-2.60	16040.53	-381.07	3433.39	-76.12	103.63	284.53
148	432	419	177	140	188	162	-7.95	-77.52	-2.66	16046.50	-396.22	3433.92	-86.76	112.80	280.15
148	432	419	178	141	191	161	-8.38	-77.45	-2.75	16049.78	-422.21	3435.02	-87.38	124.66	279.74
148	432	419	178	141	189	161	-8.79	-77.41	-2.83	16048.09	-444.70	3433.47	-79.76	133.52	279.16
148	432	418	178	141	189	162	-9.02	-77.34	-2.89	16036.49	-459.26	3433.40	-69.47	142.95	276.75
148	432	418	178	140	190	162	-9.12	-77.31	-2.91	16029.86	-465.10	3444.73	-69.60	142.20	268.66
148	432	418	178	141	189	161	-9.30	-77.27	-2.95	16027.57	-475.04	3454.09	-89.62	144.99	258.43
149	432	419	178	141	188	161	-9.40	-77.24	-2.97	16024.79	-482.89	3465.39	-91.38	142.19	255.76
148	432	419	178	140	189	162	-9.56	-77.24	-3.04	16021.75	-500.75	3475.52	-84.27	130.18	254.87
148	432	419	177	140	190	161	-9.90	-77.24	-3.09	16017.66	-515.51	3482.54	-97.85	125.97	251.98
148	432	418	178	141	190	162	-10.42	-77.27	-3.19	16025.58	-542.73	3480.22	-95.46	115.92	250.93
148	432	418	178	142	190	162	-10.71	-77.31	-3.23	16037.10	-554.40	3474.21	-96.29	118.58	244.98
148	432	418	178	141	189	161	-10.85	-77.36	-3.26	16049.24	-563.68	3470.89	-89.67	112.10	239.03
148	432	418	178	141	189	162	-11.04	-77.47	-3.29	16066.18	-570.49	3457.35	-93.64	114.39	234.28
148	432	419	178	141	189	161	-11.45	-77.47	-3.35	16069.27	-588.57	3440.48	-94.26	131.52	230.27
148	432	419	178	140	190	163	-11.59	-77.43	-3.38	16076.01	-598.34	3434.66	-91.94	153.65	226.45
148	432	419	178	141	189	162	-11.80	-77.32	-3.44	16066.01	-613.62	3437.73	-91.90	173.11	219.58
148	432	418	178	141	189	162	-11.86	-77.14	-3.48	16064.31	-623.54	3454.04	-97.15	200.46	205.70
149	432	418	178	141	189	161	-12.24	-76.96	-3.57	16056.09	-647.96	3471.14	-95.24	220.79	193.82
148	432	419	178	141	189	161	-12.18	-76.77	-3.61	16033.49	-658.57	3497.38	-64.13	230.60	194.62
147	433	419	178	141	190	162	-11.96	-76.69	-3.62	16018.81	-660.44	3513.71	-49.08	222.72	183.99
148	433	418	178	141	188	161	-12.10	-76.60	-3.68	16014.67	-675.02	3529.63	-46.97	225.98	170.99
147	433	419	178	142	189	162	-11.95	-76.64	-3.68	16009.54	-676.67	3534.54	-41.87	212.33	157.79
148	433	419	178	141	189	162	-12.05	-76.75	-3.72	16015.26	-685.83	3524.42	-41.48	194.77	147.15
148	432	418	178	141	189	162	-12.13	-76.73	-3.75	16025.50	-696.54	3531.00	-26.66	194.88	136.55
148	432	418	178	141	188	162	-11.54	-76.64	-3.68	16047.02	-678.91	3555.85	-19.12	206.38	125.37
148	432	417	179	141	188	161	-11.52	-76.58	-3.68	16040.67	-676.57	3552.45	-30.57	227.21	116.50
147	432	415	178	141	187	161	-11.06	-76.55	-3.62	16039.44	-660.34	3561.43	-26.44	232.55	113.53
148	432	415	178	141	189	162	-10.74	-76.45	-3.56	16028.66	-644.52	3581.56	-57.27	237.43	109.50
147	432	415	178	141	188	162	-11.07	-76.41	-3.60	16024.03	-654.30	3581.68	-90.15	245.55	115.22
148	432	415	178	140	187	162	-11.53	-76.30	-3.70	16008.03	-681.58	3591.20	-94.00	255.83	122.76
147	432	415	178	141	187	161	-11.79	-76.26	-3.78	15997.23	-701.30	3604.84	-81.35	243.09	124.78
148	432	414	178	140	189	161	-12.13	-76.24	-3.84	15988.77	-719.64	3620.60	-99.33	225.13	109.74
148	433	414	179	141	188	162	-12.64	-76.27	-3.93	15983.53	-742.86	3615.17	-119.56	211.67	87.00
148	433	415	179	141	188	161	-13.14	-76.24	-4.02	15982.55	-767.11	3618.61	-125.98	212.04	61.35
148	433	415	178	141	188	162	-13.03	-76.30	-4.03	15979.42	-770.16	3622.28	-99.38	191.39	49.03
148	433	414	178	142	188	161	-12.57	-76.35	-3.95	15977.25	-746.05	3622.36	-114.17	178.87	30.28
148	433	414	178	141	188	162	-12.69	-76.36	-3.95	15978.59	-747.55	3619.64	-148.56	184.78	17.82
147	433	414	178	141	188	161	-12.85	-76.30	-4.01	15974.66	-762.37	3635.86	-154.88	192.49	20.63
147	433	414	178	142	188	161	-12.72	-76.35	-3.98	15980.93	-756.45	3634.47	-144.64	194.41	27.29
148	433	414	178	143	188	162	-12.60	-76.27	-3.98	15985.28	-757.23	3654.35	-155.00	199.14	24.98
148	433	414	178	143	189	161	-12.76	-76.24	-4.02	15979.22	-767.57	3661.23	-162.00	195.39	20.33
148	433	414	178	144	187	162	-12.90	-76.21	-4.07	15977.66	-779.19	3668.77	-161.00	192.42	14.76
148	433	414	178	143	187	162	-12.83	-76.22	-4.05	15980.97	-776.23	3670.53	-149.30	186.09	11.63
148	433	414	178	145	189	162	-13.14	-76.25	-4.12	15976.92	-793.82	3665.80	-137.49	178.44	7.19
148	433	414	178	144	188	161	-12.97	-76.22	-4.12	15983.08	-793.33	3672.11	-113.86	177.82	1.03
148	433	415	178	144	187	161	-12.70	-76.22	-4.09	15984.52	-785.46	3677.11	-98.17	175.63	-5.72
148	433	415	178	145	187	162	-12.41	-76.26	-4.04	15980.50	-771.39	3676.45	-85.46	171.00	-7.93
148	433	414	178	144	187	162	-12.11	-76.32	-3.99	15976.67	-757.02	3673.63	-87.29	167.30	-15.23
148	433	414	178	145	188	162	-12.48	-76.31	-4.04	15974.64	-772.57	3679.75	-99.52	162.78	-20.97
148	433	414	178	144	187	162	-12.36	-76.27	-4.08	15969.90	-781.14	3688.16	-81.60	158.29	-23.17
148	433	415	178	145	187	162	-12.06	-76.22	-4.03	15969.01	-770.08	3699.75	-77.87	159.93	-24.17
148	433	414	178	144	186	162	-12.07	-76.19	-4.04	15965.36	-771.98	3702.76	-73.52	156.53	-25.91
148	433	414	178	145	188	162	-11.82	-76.21	-4.02	15972.09	-765.18	3708.63	-51.00	152.00	-17.51
148	433	415	179	144	188	162	-11.74	-76.31	-4.00	15981.29	-760.92	3699.19	-43.90	142.85	-14.84
148	433	414	178	145	186	161	-11.62	-76.38	-3.97	15991.22	-754.67	3685.43	-40.95	145.96	-8.89
148	433	415	177	145	187	163	-11.68	-76.36	-3.99	16000.86	-760.34	3678.56	-49.21	162.91	-6.50
148	433	414	178	144	187	162	-11.78	-76.32	-4.01	15997.42	-765.72	3679.83	-45.25	177.72	1.78
148	433	415	178	145	186	161	-11.63	-76.23	-4.01	15993.54	-764.04	3691.04	-23.83	187.93	12.34
148	434	414	178	145	187	162	-11.50	-76.12	-4.00	15980.67	-761.64	3707.09	-4.59	189.74	22.37
148	434	414	179	145	187	162	-11.51	-76.07	-4.01	15967.63	-763.35	3728.94	9.69	183.05	27.00
148	434	414	178	145	186	161	-11.52	-76.07	-4.04	15948.05	-770.39	3741.09	27.15	155.75	21.80
149	433	414	178	145	188	162	-11.15	-76.19	-3.99	15945.25	-757.67	3745.64	35.25	129.31	17.41
148	433	413	178	144	187	162	-11.29	-76.24	-3.99	15944.99	-756.98	3740.95	10.23	120.79	0.44
148	433	413	178	146	187	162	-11.27	-76.34	-3.98	15942.74	-753.33	3730.31	19.32	117.55	-0.23
148	433	413	178	145	187	162	-10.90	-76.37	-3.91	15944.20	-734.47	3727.59	17.01	114.03	1.18
148	433	413	178	145	187	162	-10.84	-76.40	-3.88	15949.39	-727.54	3724.41	-0.59	113.02	0.52
148	433	413	178	145	188	162	-10.95	-76.45	-3.88	15957.52	-726.97	3719.39	-3.71	111.87	0.75
148	433	413	178	146	187	162	-10.98	-76.42	-3.87	15965.84	-724.62	3712.02	-22.18	120.23	7.31
148	433	413	178	145	187	163	-11.28	-76.36	-3.93	15961.55	-741.99	3717.02	-12.97	121.92	16.84
148	433	413	177	147	185	162	-11.36	-76.29	-3.95	15958.67	-745.49	3731.17	-6.22	119.62	19.30
148	433	413	177	147	186	162	-11.58	-76.27	-4.01	15960.14	-762.61	3741.61	5.39	105.34	19.09
148	433	413	177	148	187	162	-11.46	-76.26	-4.00	15959.13	-760.08	3744.93	17.42	102.72	11.43
148	433	414	178	148	187	162	-11.45	-76.33	-4.00	15963.78	-759.68	3740.48	33.65	90.14	9.36
148	434	413	177	149	188	162	-11.32	-76.42	-3.96	15969.99	-750.49	3728.26	44.22	79.43	4.09
148	434	413	177	149	188	162	-11.30	-76.48	-3.94	15973.09	-745.97	3710.05	41.76	88.81	-3.41
148	434	413	177	149	186	163	-11.05	-76.49	-3.90	15974.83	-734.87	3703.34	52.77	100.12	-6.39
147	434	413	177	149	187	162	-10.79	-76.52	-3.86	15977.29	-722.13	3693.38	49.33	111.61	-5.47
148	434	413	178	149	186	163	-10.85	-76.46	-3.87	15978.03	-724.42	3700.11	42.11	123.98	-14.40
148	434	414	177	149	187	162	-10.78	-76.40	-3.86	15969.72	-721.80	3702.10	48.56	127.58	-19.48
148	434	414	177	148	187	163	-10.52	-76.37	-3.81	15958.84	-707.91	3720.00	50.33	121.15	-22.41
148	434	414	177	150	186	162	-10.54	-76.37	-3.80	15953.90	-705.32	3717.20	32.96	114.80	-32.03
148	434	414	177	150	187	162	-10.77	-76.44	-3.83	15946.60	-712.65	3712.14	27.31	106.21	-34.48
148	434	414	177	149	187	162	-10.87	-76.49	-3.84	15953.07	-715.62	3710.13	28.50	100.30	-32.91
148	434	413	177	150	187	163	-10.96	-76.52	-3.85	15961.02	-717.64	3701.02	27.02	104.48	-33.71
147	434	414	177	150	188	162	-11.13	-76.50	-3.87	15964.57	-725.35	3696.97	22.72	116.46	-40.83
147	434	413	177	149	187	163	-11.15	-76.45	-3.88	15967.54	-727.29	3701.12	20.99	125.48	-52.89
148	434	414	178	149	187	162	-11.12	-76.44	-3.88	15970.76	-726.32	3705.87	30.04	130.96	-60.09
147	434	413	177	149	187	162	-10.74	-76.44	-3.81	15969.42	-708.41	3704.57	27.34	133.41	-68.29
147	434	414	178	150	187	162	-10.67	-76.42	-3.79	15961.15	-703.19	3711.54	13.57	133.54	-73.77
148	434	413	178	149	187	162	-10.57	-76.38	-3.77	15951.09	-697.43	3720.77	3.99	140.91	-73.23
147	434	414	177	149	187	162	-10.49	-76.33	-3.76	15951.74	-694.36	3732.13	-0.36	138.47	-70.82
147	434	413	178	150	187	163	-10.33	-76.35	-3.73	15939.15	-684.84	3727.92	2.81	135.60	-58.03
148	434	413	178	149	188	162	-10.00	-76.37	-3.67	15932.79	-667.40	3734.13	-4.18	123.57	-52.13
148	434	414	178	149	187	163	-10.12	-76.34	-3.69	15927.15	-673.43	3745.22	-15.37	111.79	-50.42
147	434	414	178	149	187	162	-10.17	-76.36	-3.73	15925.80	-682.75	3744.16	-9.00	100.80	-48.50
147	434	414	178	148	188	162	-10.27	-76.42	-3.75	15917.71	-689.22	3743.35	6.65	80.81	-50.13
147	434	415	177	148	188	162	-10.18	-76.53	-3.71	15935.02	-679.36	3731.38	7.91	62.12	-51.97
147	434	415	177	147	188	162	-10.32	-76.61	-3.71	15940.87	-679.19	3719.01	-19.38	54.61	-52.07
148	434	414	177	147	187	162	-10.50	-76.69	-3.75	15943.62	-689.83	3712.46	-6.91	46.78	-39.97
147	434	415	177	147	188	162	-10.37	-76.67	-3.74	15937.84	-686.94	3717.44	11.58	47.04	-24.37
147	434	414	177	146	189	162	-10.18	-76.68	-3.71	15936.95	-679.19	3721.17	16.10	37.84	-11.80
147	435	414	177	147	188	161	-10.22	-76.66	-3.72	15937.30	-682.03	3727.71	16.50	30.40	-0.71
147	434	415	178	147	188	162	-10.04	-76.78	-3.69	15948.84	-673.53	3713.12	33.42	20.78	8.17
147	435	415	177	147	187	162	-10.21	-76.83	-3.70	15952.20	-676.25	3700.47	23.50	17.84	15.62
147	434	416	178	147	188	162	-10.45	-76.80	-3.72	15962.19	-684.84	3693.84	14.23	30.25	17.43
147	435	416	178	147	189	162	-10.68	-76.84	-3.74	15964.68	-690.20	3681.35	18.92	34.13	16.31
147	434	416	178	146	188	163	-10.60	-76.78	-3.75	15968.04	-692.89	3685.28	28.82	34.53	20.30
147	435	417	178	147	188	162	-10.35	-76.70	-3.71	15962.24	-680.44	3688.62	32.28	47.05	26.08
147	434	416	178	147	188	162	-10.14	-76.61	-3.66	15954.33	-667.82	3698.59	18.42	59.65	31.68
147	434	416	177	149	189	162	-9.88	-76.50	-3.63	15945.81	-656.43	3715.06	19.29	60.67	40.14
147	435	416	178	149	189	163	-9.80	-76.59	-3.61	15944.12	-651.21	3712.91	14.68	40.63	51.24
147	435	416	178	148	190	162	-9.96	-76.76	-3.64	15950.51	-659.65	3698.06	23.85	10.55	63.63
147	435	416	178	149	189	162	-10.01	-76.88	-3.64	15955.39	-660.47	3667.16	20.45	9.02	75.94
147	434	416	179	149	188	163	-10.66	-76.91	-3.72	15959.62	-682.44	3648.60	2.58	19.37	87.40
147	434	416	178	149	188	162	-10.89	-76.89	-3.79	15963.64	-701.32	3645.37	9.35	25.00	92.08
147	434	416	179	150	189	162	-10.94	-76.82	-3.79	15965.85	-702.65	3660.30	4.73	26.10	94.37
147	434	416	178	149	189	162	-10.84	-76.77	-3.78	15969.96	-699.72	3667.49	6.30	32.75	97.75
147	435	415	178	149	189	162	-10.86	-76.83	-3.76	15978.06	-696.34	3650.31	-15.22	28.06	91.62
147	435	415	179	149	189	163	-11.28	-76.99	-3.81	15985.56	-709.72	3629.60	-20.41	8.51	77.64
147	435	415	179	149	189	163	-11.66	-77.10	-3.86	15995.88	-723.03	3610.92	-37.34	9.28	57.10
147	435	415	180	148	189	162	-12.01	-77.12	-3.89	16006.69	-732.08	3587.17	-41.47	27.32	42.65
147	435	415	179	149	189	162	-11.93	-77.08	-3.88	16011.75	-730.88	3578.21	-20.95	51.45	40.87
147	435	416	180	148	189	163	-11.52	-76.92	-3.84	16004.57	-718.93	3597.10	0.60	69.73	37.07
147	435	415	179	149	188	163	-11.21	-76.79	-3.79	15995.14	-704.19	3620.45	-5.63	78.79	36.17
147	434	415	179	149	188	163	-11.04	-76.67	-3.79	15979.18	-703.38	3641.22	-1.55	86.20	43.31
147	435	415	179	149	189	162	-10.89	-76.60	-3.78	15971.82	-699.61	3653.56	9.08	87.84	59.40
147	434	415	179	149	189	163	-10.91	-76.69	-3.76	15968.03	-694.83	3635.88	3.23	87.55	66.48
147	434	415	179	149	189	163	-11.16	-76.70	-3.80	15972.43	-705.49	3629.29	4.51	93.77	68.60
147	435	415	179	149	188	163	-11.27	-76.74	-3.78	15985.41	-701.61	3612.63	2.84	103.99	65.52
147	435	415	179	149	189	163	-11.30	-76.73	-3.77	15991.34	-700.13	3603.19	-4.65	122.09	63.60
147	435	415	179	149	189	163	-11.49	-76.64	-3.82	15991.17	-712.93	3603.63	8.93	140.78	62.67
147	435	415	179	148	188	163	-11.21	-76.53	-3.81	15981.81	-708.88	3611.45	26.43	149.94	58.13
147	435	415	179	149	189	163	-11.06	-76.43	-3.79	15968.12	-703.64	3624.68	21.01	162.10	53.48
147	435	415	179	148	188	162	-10.81	-76.30	-3.77	15960.71	-696.25	3646.65	26.01	172.54	51.90
147	434	415	180	148	188	162	-10.58	-76.22	-3.74	15940.48	-688.64	3670.11	28.26	161.71	47.81
147	435	415	179	148	189	163	-10.50	-76.29	-3.71	15935.45	-679.21	3674.01	4.00	129.68	39.87
147	434	415	179	149	189	163	-10.72	-76.39	-3.75	15941.28	-690.85	3673.31	-8.30	111.89	39.32
147	434	414	179	148	188	163	-10.96	-76.48	-3.77	15956.42	-695.31	3663.44	-8.89	108.00	39.56
147	434	415	180	148	187	163	-11.27	-76.56	-3.80	15959.79	-705.54	3644.67	-1.39	100.90	40.63
147	434	415	180	149	188	163	-11.26	-76.62	-3.80	15981.00	-706.46	3639.44	6.88	100.00	41.55
147	434	415	180	150	189	163	-11.43	-76.62	-3.82	15990.15	-713.34	3637.26	-2.62	105.95	39.37
147	434	414	180	150	189	163	-11.46	-76.58	-3.83	15998.05	-715.07	3635.00	-5.04	121.86	36.75
147	435	414	180	150	189	163	-11.29	-76.49	-3.80	15995.94	-708.12	3636.45	-9.03	144.31	33.96
147	434	415	180	150	188	163	-11.33	-76.41	-3.81	15995.35	-711.11	3638.63	-19.88	169.15	35.17
147	435	415	180	150	188	163	-11.33	-76.37	-3.82	15988.78	-713.96	3637.10	-6.04	180.59	39.91
147	435	414	181	151	189	164	-11.15	-76.27	-3.80	15976.14	-706.66	3649.84	-13.89	193.81	40.71
147	435	414	180	151	189	163	-11.03	-76.20	-3.81	15965.13	-709.53	3659.55	-24.74	198.17	41.78
147	435	414	180	150	189	163	-11.30	-76.12	-3.87	15956.47	-725.85	3671.97	-25.66	199.01	42.89
146	434	414	181	151	188	163	-11.20	-76.05	-3.86	15950.65	-720.36	3685.57	-26.22	198.26	39.24
147	434	414	180	151	188	163	-11.06	-76.07	-3.83	15940.92	-713.94	3696.49	-37.36	182.20	29.68
147	435	414	181	151	188	163	-11.07	-76.12	-3.84	15944.87	-714.64	3692.47	-45.34	174.79	23.75
147	435	414	181	151	188	163	-11.02	-76.08	-3.84	15940.43	-714.91	3701.65	-51.13	178.50	26.31
147	434	414	182	152	188	164	-10.88	-76.08	-3.81	15939.21	-705.57	3700.56	-71.17	182.82	26.44
147	434	414	181	153	188	163	-11.28	-76.05	-3.86	15940.45	-720.09	3701.54	-91.76	182.08	22.07
147	434	414	182	154	188	163	-11.05	-76.02	-3.87	15935.82	-721.68	3716.06	-86.97	175.78	20.77
147	434	413	181	155	187	163	-10.93	-75.98	-3.88	15928.03	-723.60	3731.46	-101.97	171.54	22.53
147	434	413	182	155	187	163	-11.14	-75.94	-3.88	15928.23	-724.22	3738.88	-106.23	182.31	33.40
147	434	413	181	154	187	164	-11.43	-75.91	-3.93	15928.22	-737.21	3733.34	-104.01	196.30	39.53
147	434	413	181	153	187	164	-11.50	-75.92	-3.94	15929.81	-741.55	3736.07	-101.46	185.73	41.56
147	434	413	179	152	187	164	-11.61	-75.90	-3.98	15928.52	-751.27	3750.27	-106.99	176.55	42.73
147	434	413	178	152	187	164	-11.72	-75.87	-4.02	15928.49	-764.91	3764.95	-110.14	163.22	42.59
147	434	413	178	152	187	164	-12.04	-75.84	-4.09	15926.07	-781.46	3778.51	-126.13	152.06	42.76
147	433	412	178	153	187	164	-12.33	-75.87	-4.15	15926.96	-797.79	3785.18	-117.23	133.70	38.42
147	434	413	178	152	187	163	-12.26	-75.99	-4.15	15922.62	-797.10	3789.12	-93.37	104.77	40.30
147	434	413	178	153	187	164	-12.19	-76.13	-4.14	15922.68	-796.04	3780.27	-81.10	71.43	36.69
147	434	413	179	153	187	164	-12.36	-76.31	-4.15	15934.35	-799.84	3762.45	-82.39	48.41	26.20
147	434	413	179	153	186	163	-12.38	-76.44	-4.14	15943.23	-796.05	3734.93	-80.17	44.79	15.89
147	434	413	179	153	187	164	-12.53	-76.49	-4.14	15952.07	-796.65	3719.98	-86.96	56.25	1.20
147	434	413	179	153	187	164	-12.75	-76.46	-4.19	15957.27	-811.41	3714.18	-71.62	66.84	-6.96
147	434	413	179	153	186	164	-12.71	-76.42	-4.20	15956.40	-814.84	3713.68	-55.79	79.50	-17.61
147	434	413	180	154	186	163	-12.66	-76.28	-4.22	15957.98	-819.70	3732.59	-41.90	94.77	-35.18
147	434	413	180	152	187	164	-12.55	-76.14	-4.22	15955.88	-821.92	3757.36	-12.70	102.63	-38.22
148	434	413	181	153	187	164	-11.99	-76.14	-4.16	15950.09	-802.42	3763.49	24.33	97.05	-44.96
147	434	413	180	153	188	164	-11.69	-76.20	-4.09	15952.98	-784.10	3768.52	21.02	92.70	-55.01
147	434	413	180	153	186	164	-11.60	-76.26	-4.06	15956.54	-775.09	3757.49	7.27	93.26	-69.76
147	434	413	180	153	186	164	-11.60	-76.40	-4.06	15966.51	-777.54	3727.62	24.35	95.45	-70.33
147	434	413	181	154	187	163	-11.21	-76.43	-4.00	15969.98	-761.66	3714.84	44.49	113.23	-66.31
147	434	412	181	154	187	164	-10.85	-76.37	-3.94	15959.08	-743.58	3714.90	44.36	128.77	-70.79
148	434	413	181	152	186	164	-10.52	-76.31	-3.87	15956.13	-725.80	3725.95	31.74	129.33	-88.00
147	434	412	179	151	186	164	-10.53	-76.28	-3.86	15957.32	-720.31	3729.25	2.61	134.46	-106.35
147	434	412	180	150	186	164	-10.25	-76.27	-3.82	15962.86	-710.50	3730.59	-7.87	142.59	-111.04
147	434	412	180	149	186	164	-10.24	-76.26	-3.80	15959.51	-705.57	3725.66	-17.73	150.71	-112.28
147	434	410	179	150	187	164	-10.08	-76.23	-3.78	15959.14	-699.49	3737.38	-7.64	145.92	-111.22
147	434	411	179	150	187	164	-10.05	-76.13	-3.75	15950.58	-690.52	3752.11	-38.61	154.08	-105.91
147	434	410	179	150	186	163	-10.34	-76.01	-3.79	15944.65	-702.19	3778.70	-54.28	158.02	-94.36
147	434	410	179	150	186	163	-9.95	-75.96	-3.75	15933.22	-689.68	3782.77	-29.92	158.22	-66.55
147	434	410	179	149	186	164	-9.85	-75.97	-3.72	15935.16	-682.00	3788.63	-43.22	152.16	-54.32
147	434	409	179	150	187	164	-10.20	-76.04	-3.76	15942.80	-691.90	3772.20	-66.81	150.75	-46.60
147	434	407	179	148	185	163	-10.71	-76.15	-3.81	15948.46	-708.70	3756.39	-79.57	139.32	-45.47
147	435	405	178	148	185	163	-10.97	-76.19	-3.85	15953.84	-719.27	3746.37	-83.49	142.70	-46.75
147	434	404	178	149	187	164	-11.03	-76.11	-3.86	15950.74	-720.50	3754.25	-96.52	162.11	-53.01
147	434	404	179	149	186	164	-11.14	-76.02	-3.87	15941.41	-723.68	3766.74	-118.19	169.81	-62.16
147	434	404	178	149	186	164	-11.29	-75.93	-3.91	15936.34	-733.90	3785.60	-119.63	167.47	-67.65
148	434	404	178	149	186	164	-10.95	-75.91	-3.88	15920.12	-725.20	3794.32	-108.25	157.19	-64.62
147	434	404	178	149	186	164	-10.91	-75.93	-3.88	15916.31	-723.34	3806.00	-123.64	142.69	-78.04
146	434	404	177	149	186	164	-11.08	-75.95	-3.91	15923.90	-733.97	3818.10	-125.41	122.55	-87.29
147	434	405	178	150	185	164	-11.10	-76.03	-3.91	15932.30	-733.87	3801.80	-108.14	124.42	-85.37
147	434	405	178	149	185	164	-10.88	-75.99	-3.90	15927.69	-730.38	3808.51	-72.58	124.40	-71.45
147	434	405	178	149	186	163	-10.38	-76.00	-3.82	15928.90	-707.66	3802.88	-44.50	128.78	-59.13
147	434	404	178	149	186	164	-10.17	-75.94	-3.79	15924.26	-700.28	3814.54	-40.62	124.39	-48.27
148	434	404	178	149	186	164	-10.16	-75.94	-3.79	15913.84	-700.86	3817.41	-21.29	112.02	-37.71
147	434	404	179	149	186	164	-10.19	-76.04	-3.80	15924.35	-701.42	3807.94	-12.08	100.22	-33.73
147	434	404	178	149	186	164	-10.41	-76.12	-3.81	15924.93	-705.35	3797.34	-4.12	88.96	-36.49
147	434	405	179	149	186	164	-10.25	-76.17	-3.80	15929.29	-702.88	3797.88	9.03	75.76	-43.86
147	434	405	179	149	186	164	-9.89	-76.26	-3.74	15929.82	-686.14	3805.38	17.08	51.57	-44.92
147	434	404	179	149	186	164	-9.59	-76.26	-3.70	15917.53	-675.23	3803.31	17.43	47.65	-44.68
147	434	404	179	150	185	164	-9.38	-76.25	-3.62	15917.85	-654.67	3809.75	2.25	49.26	-35.34
147	434	404	179	150	187	165	-9.48	-76.28	-3.61	15915.56	-649.94	3803.66	-17.76	48.20	-16.02
147	433	402	179	151	186	164	-9.85	-76.39	-3.66	15920.38	-663.24	3794.28	-16.17	26.79	-11.72
147	434	402	179	151	187	163	-10.15	-76.57	-3.67	15934.96	-668.28	3771.56	-12.66	1.35	-12.94
147	434	400	179	152	186	163	-10.30	-76.68	-3.66	15956.21	-667.46	3753.99	-29.03	-2.27	-28.49
147	434	400	179	152	185	164	-10.48	-76.72	-3.67	15964.00	-670.29	3736.69	-23.23	7.25	-37.82
147	434	400	179	152	186	164	-10.44	-76.77	-3.64	15978.40	-661.18	3725.05	-29.37	15.08	-52.32
148	434	399	179	152	186	164	-10.52	-76.82	-3.65	15985.28	-666.72	3714.60	-11.50	13.53	-58.21
147	434	399	179	152	185	164	-10.10	-76.77	-3.62	15976.02	-656.78	3717.67	30.58	24.60	-48.50
147	434	400	179	151	186	163	-9.48	-76.75	-3.54	15965.02	-634.74	3725.59	62.75	25.57	-38.72
147	434	400	179	152	186	164	-9.23	-76.72	-3.47	15964.16	-616.61	3729.91	55.16	26.84	-41.69
147	434	400	180	152	186	163	-9.10	-76.75	-3.45	15967.76	-610.38	3728.61	45.45	25.75	-41.30
147	434	400	180	153	187	164	-8.96	-76.80	-3.44	15973.57	-606.66	3720.98	59.53	20.87	-38.94
147	434	400	180	153	186	163	-8.85	-76.87	-3.42	15975.89	-601.12	3704.13	79.95	20.67	-30.29
147	434	400	180	152	186	164	-8.97	-76.91	-3.43	15975.30	-604.27	3697.92	86.01	22.24	-26.63
147	434	399	180	152	186	164	-9.08	-76.96	-3.47	15980.13	-617.85	3690.63	95.71	26.83	-23.94
147	434	399	180	152	187	164	-9.19	-76.88	-3.50	15984.32	-623.96	3691.10	105.62	43.98	-21.35
147	434	399	180	152	187	163	-9.06	-76.83	-3.48	15990.11	-620.56	3686.94	119.29	57.79	-19.03
147	434	398	180	152	187	163	-9.05	-76.72	-3.49	15989.20	-622.54	3698.79	132.48	70.95	-16.53
147	434	399	180	152	186	164	-8.96	-76.71	-3.48	15987.34	-618.81	3703.66	160.55	70.75	-10.10
148	434	399	180	152	186	164	-8.77	-76.62	-3.45	15980.97	-609.87	3711.87	158.62	80.96	-10.05
147	434	399	181	153	187	164	-8.98	-76.58	-3.47	15979.72	-617.37	3710.28	146.44	91.31	-11.19
147	434	399	181	153	187	164	-8.91	-76.51	-3.47	15970.34	-616.71	3707.56	164.47	106.80	4.81
147	434	399	180	152	187	164	-8.73	-76.51	-3.48	15961.22	-616.07	3696.39	181.95	118.41	23.27
147	434	399	181	153	186	164	-8.60	-76.53	-3.45	15951.36	-608.07	3691.77	187.85	107.44	28.01
148	434	400	181	153	186	164	-8.93	-76.57	-3.49	15949.19	-618.26	3695.78	167.46	87.52	26.91
147	434	399	181	152	186	164	-9.06	-76.58	-3.52	15952.93	-627.95	3700.99	181.63	82.64	30.41
148	435	399	181	153	187	164	-8.49	-76.59	-3.44	15955.49	-607.35	3704.74	222.30	84.71	44.14
147	434	399	181	153	188	163	-8.16	-76.59	-3.37	15954.91	-586.59	3704.30	219.04	91.97	56.94
148	434	400	181	151	186	164	-8.12	-76.59	-3.35	15954.77	-582.86	3698.49	217.79	90.77	58.74
147	434	400	181	154	186	164	-8.02	-76.67	-3.32	15958.63	-574.51	3691.16	209.80	85.39	60.60
147	434	400	181	153	186	164	-8.06	-76.64	-3.34	15953.10	-577.19	3696.21	199.56	82.37	62.32
148	434	400	181	154	187	164	-8.31	-76.58	-3.37	15946.04	-587.93	3698.60	198.18	93.00	64.01
147	434	401	181	154	187	163	-8.29	-76.49	-3.40	15938.34	-593.33	3714.27	225.27	91.95	75.26
147	434	400	181	154	186	164	-8.06	-76.47	-3.36	15933.22	-584.26	3728.75	230.76	77.80	77.09
148	434	401	181	154	186	164	-8.09	-76.54	-3.36	15940.16	-583.25	3731.91	218.07	55.01	71.04
148	434	400	181	154	187	164	-8.09	-76.58	-3.36	15947.75	-584.89	3732.72	220.26	46.51	76.39
148	434	400	181	155	186	164	-8.29	-76.63	-3.37	15963.16	-588.24	3713.48	211.45	53.73	79.17
147	433	400	181	154	188	164	-8.31	-76.67	-3.37	15970.20	-586.03	3718.21	222.83	48.80	82.56
148	433	400	182	154	186	163	-8.50	-76.77	-3.37	15979.69	-589.73	3702.90	205.94	43.31	71.43
148	433	401	181	154	186	164	-8.96	-76.76	-3.44	15985.91	-607.44	3692.35	208.29	53.34	65.66
147	433	400	181	155	186	162	-8.55	-76.75	-3.38	15985.41	-592.47	3681.34	217.48	78.53	66.83
148	433	401	181	155	186	164	-8.52	-76.63	-3.37	15981.54	-589.45	3688.47	209.70	99.65	61.39
147	433	401	182	155	186	164	-8.26	-76.52	-3.35	15972.87	-581.98	3704.25	210.97	102.62	56.72
148	433	402	182	154	185	164	-8.35	-76.49	-3.34	15969.42	-579.48	3714.63	193.32	101.29	52.08
148	433	401	182	154	186	164	-8.34	-76.49	-3.33	15969.55	-578.50	3712.10	198.20	104.52	47.58
147	433	402	181	154	187	164	-8.00	-76.48	-3.28	15963.27	-562.98	3711.50	199.09	106.85	46.05
148	433	402	182	155	186	164	-7.92	-76.53	-3.26	15949.91	-555.23	3704.32	183.39	101.45	39.39
147	433	401	181	154	186	164	-8.21	-76.48	-3.29	15941.21	-564.27	3712.50	171.87	103.33	38.83
147	434	401	181	154	186	165	-8.20	-76.44	-3.30	15934.55	-566.05	3709.48	168.08	107.21	39.83
148	433	401	181	155	186	164	-8.18	-76.46	-3.30	15936.23	-566.55	3721.21	162.87	99.75	36.34
148	433	401	182	154	186	164	-8.13	-76.52	-3.28	15946.01	-563.42	3714.95	159.73	87.72	30.68
148	434	400	181	154	186	164	-8.44	-76.57	-3.33	15955.71	-576.45	3712.00	163.29	82.38	26.14
148	433	401	181	154	187	165	-8.32	-76.56	-3.35	15969.53	-581.23	3698.20	184.18	97.76	21.23
148	433	400	181	154	186	165	-8.23	-76.56	-3.33	15971.25	-576.77	3698.09	184.02	102.92	1.97
148	434	400	181	154	186	164	-8.03	-76.60	-3.31	15978.69	-571.73	3696.38	191.07	88.33	-20.53
148	434	400	182	154	186	164	-7.43	-76.62	-3.22	15983.35	-547.54	3693.96	197.11	86.01	-31.60
148	434	401	181	154	186	164	-6.98	-76.62	-3.15	15978.78	-528.77	3699.67	201.66	82.21	-37.37
148	434	401	181	155	186	164	-6.85	-76.63	-3.11	15978.84	-516.93	3698.08	180.18	84.10	-44.15
148	434	401	181	154	186	164	-6.83	-76.59	-3.10	15977.30	-514.28	3699.58	181.87	92.39	-40.79
147	435	402	181	154	186	164	-6.61	-76.58	-3.07	15972.84	-506.97	3699.40	194.82	94.47	-38.70
148	436	401	181	154	187	164	-6.47	-76.55	-3.04	15970.00	-498.62	3706.83	173.88	91.25	-47.87
147	437	401	181	155	187	164	-6.63	-76.59	-3.06	15967.50	-502.49	3706.29	177.39	84.19	-46.53
148	438	401	181	154	187	164	-6.26	-76.62	-2.99	15958.52	-484.96	3707.17	187.57	76.63	-51.30
147	439	401	182	155	186	164	-6.14	-76.66	-2.96	15951.40	-475.92	3705.81	182.74	64.60	-58.88
147	440	401	181	154	186	164	-6.23	-76.70	-2.96	15958.03	-474.12	3705.32	164.75	64.67	-60.34
148	440	401	181	154	186	164	-6.16	-76.72	-2.96	15953.72	-475.81	3711.66	188.32	66.18	-49.22
148	440	402	181	155	186	164	-5.55	-76.79	-2.86	15953.64	-446.82	3711.07	198.95	42.52	-44.01
148	441	402	182	155	187	164	-5.68	-76.90	-2.85	15959.16	-444.08	3696.32	173.20	29.00	-52.06
148	441	402	181	155	186	164	-6.04	-76.81	-2.92	15965.80	-463.08	3707.10	186.84	37.50	-53.51
147	441	401	181	156	186	163	-5.70	-76.82	-2.87	15964.31	-450.32	3702.75	192.40	36.02	-53.88
148	441	401	181	155	187	164	-5.84	-76.87	-2.86	15973.69	-449.41	3691.41	178.93	25.82	-62.04
148	441	402	181	155	186	163	-5.94	-76.92	-2.86	15986.01	-450.94	3683.64	172.53	23.63	-70.94
147	441	402	181	156	187	163	-6.02	-76.90	-2.88	15990.11	-454.79	3680.66	178.96	27.40	-77.79
147	441	402	181	155	186	163	-5.59	-76.90	-2.81	15985.80	-434.05	3678.63	186.01	28.68	-79.65
148	441	402	181	155	186	162	-5.18	-76.87	-2.73	15987.51	-413.15	3685.50	185.81	31.50	-84.37
148	441	402	181	155	187	163	-4.80	-76.91	-2.66	15993.13	-395.89	3685.02	181.12	28.87	-84.40
147	442	402	181	156	186	163	-4.58	-76.98	-2.62	15990.88	-383.90	3679.17	181.16	21.63	-82.33
148	441	402	182	156	187	163	-4.53	-77.04	-2.62	15990.73	-384.10	3666.21	185.75	21.15	-75.96
148	442	402	182	155	186	162	-4.62	-77.06	-2.62	15990.80	-384.10	3659.30	184.07	23.29	-70.41
147	442	402	182	155	186	163	-4.89	-77.05	-2.65	15977.46	-391.89	3650.54	182.96	30.97	-65.34
148	442	402	181	154	187	162	-5.07	-76.98	-2.67	15964.58	-395.70	3656.41	196.51	32.68	-61.33
148	442	403	181	155	187	162	-5.01	-76.87	-2.65	15954.95	-390.91	3669.39	203.84	32.34	-68.21
148	442	403	181	156	187	163	-4.80	-76.90	-2.62	15953.80	-381.57	3671.52	201.05	18.47	-74.90
148	442	403	181	155	186	162	-4.67	-76.94	-2.59	15954.71	-374.09	3669.94	201.79	3.05	-78.45
147	442	403	181	155	187	162	-4.35	-77.03	-2.51	15964.38	-352.98	3666.05	192.46	-3.85	-77.18
148	442	403	181	156	187	162	-4.10	-77.13	-2.47	15973.96	-341.73	3662.34	207.53	-23.61	-65.37
148	442	403	182	156	187	162	-3.69	-77.29	-2.41	15989.06	-325.85	3641.83	210.06	-34.88	-55.70
148	442	403	182	156	187	162	-3.80	-77.32	-2.40	15999.01	-324.16	3630.93	192.45	-27.08	-49.32
148	442	403	182	156	186	163	-4.05	-77.38	-2.43	16003.06	-331.35	3615.19	197.63	-25.38	-39.95
147	442	403	182	155	187	162	-4.21	-77.41	-2.45	16006.70	-338.98	3606.23	205.35	-28.56	-38.66
148	442	403	182	156	187	163	-4.39	-77.36	-2.49	16009.57	-347.43	3607.32	206.43	-17.13	-43.32
148	442	403	182	156	188	162	-4.21	-77.34	-2.45	16012.69	-338.46	3606.35	218.36	-2.68	-46.96
148	442	403	181	155	186	162	-3.95	-77.27	-2.41	15997.26	-325.94	3612.83	223.29	2.66	-49.01
148	442	403	182	156	187	162	-3.70	-77.34	-2.37	15988.79	-314.64	3615.19	238.08	-16.43	-50.86
147	442	403	182	155	187	162	-3.34	-77.39	-2.30	15994.35	-296.51	3609.43	235.62	-27.40	-56.32
148	442	404	182	155	188	161	-3.30	-77.49	-2.27	15995.44	-288.68	3596.16	234.24	-36.83	-58.80
148	442	404	182	156	187	162	-2.73	-77.47	-2.19	15997.46	-267.65	3601.15	244.53	-35.89	-57.81
148	442	404	182	156	187	162	-2.14	-77.48	-2.06	15998.99	-229.47	3596.09	226.45	-40.00	-57.32
147	442	404	181	155	187	162	-2.23	-77.57	-2.05	16002.64	-227.59	3582.29	213.28	-48.45	-57.75
148	442	404	182	155	188	162	-2.17	-77.63	-2.00	16010.71	-214.01	3561.18	192.92	-40.03	-56.52
148	442	404	182	156	187	162	-2.08	-77.72	-1.97	16018.17	-207.51	3540.52	197.47	-38.07	-49.79
147	443	405	182	155	187	162	-1.68	-77.73	-1.90	16019.06	-187.14	3531.49	182.45	-33.72	-43.80
147	443	405	181	155	187	161	-1.90	-77.76	-1.90	16018.91	-188.58	3521.32	149.68	-30.03	-39.61
148	443	405	182	154	187	162	-2.01	-77.77	-1.91	16010.57	-190.75	3512.05	129.74	-23.48	-33.68
147	443	405	182	155	188	162	-2.05	-77.74	-1.90	16008.64	-187.41	3503.05	109.30	-11.36	-28.90
147	443	405	182	152	186	162	-2.37	-77.78	-1.92	16016.20	-192.84	3495.70	92.44	-11.19	-28.75
147	443	405	182	148	186	162	-2.58	-77.84	-1.94	16022.59	-199.20	3485.51	80.12	-9.58	-34.81
148	443	405	182	144	186	162	-2.55	-77.86	-1.92	16030.66	-192.04	3486.63	55.96	-8.85	-47.07
147	443	406	181	141	187	162	-2.70	-77.92	-1.93	16038.93	-195.64	3475.50	29.21	-13.71	-57.92
147	444	406	180	142	187	162	-2.88	-77.96	-1.97	16050.39	-207.06	3470.33	17.15	-12.77	-68.57
147	443	406	180	142	186	162	-2.98	-77.97	-1.93	16062.67	-198.70	3464.61	-10.56	2.56	-74.04
148	444	406	180	142	187	163	-3.08	-77.95	-1.95	16067.53	-202.97	3456.78	-8.38	12.39	-77.04
147	443	407	180	142	186	162	-2.58	-77.87	-1.87	16061.75	-179.02	3459.54	-5.26	32.82	-67.39
147	443	406	180	142	187	162	-2.51	-77.77	-1.83	16053.47	-170.47	3459.96	-13.00	54.93	-56.57
147	443	406	180	142	186	162	-2.11	-77.74	-1.78	16037.39	-155.35	3464.17	-9.80	53.98	-45.39
148	444	407	180	142	186	163	-1.88	-77.75	-1.72	16032.12	-138.38	3458.36	-41.36	43.78	-44.37
147	443	407	179	141	187	163	-2.39	-77.82	-1.77	16028.92	-152.66	3454.64	-67.54	35.94	-39.40
147	443	407	179	141	186	163	-2.71	-77.83	-1.82	16033.27	-167.03	3450.71	-55.61	37.89	-21.78
147	443	406	179	142	185	162	-2.59	-77.85	-1.81	16031.61	-162.08	3442.37	-44.53	42.00	-4.09
147	443	407	179	143	188	163	-3.05	-77.85	-1.87	16029.83	-180.77	3440.25	-46.50	39.75	8.71
147	444	407	179	142	186	163	-3.23	-77.83	-1.90	16034.53	-187.53	3441.44	-42.03	38.16	17.97
148	443	407	179	142	186	163	-3.62	-77.83	-1.99	16039.41	-212.16	3454.97	-29.48	25.95	30.03
147	444	408	179	142	186	163	-3.66	-77.91	-2.00	16049.24	-215.95	3448.62	3.20	11.66	38.37
148	444	407	179	142	186	163	-3.52	-78.04	-1.97	16069.57	-208.35	3427.99	-8.91	7.67	31.01
148	443	407	179	143	186	162	-3.70	-78.13	-1.98	16080.90	-212.13	3407.19	-10.37	5.44	29.56
147	443	407	180	143	186	163	-3.75	-78.14	-1.99	16082.45	-214.13	3393.23	-5.10	20.07	26.08
148	443	407	179	144	186	162	-3.47	-78.12	-1.95	16078.33	-202.82	3382.97	-5.34	28.46	30.97
148	443	407	180	144	186	163	-3.35	-78.10	-1.93	16082.21	-199.28	3372.22	-8.08	43.39	40.68
148	443	407	179	144	186	163	-3.28	-78.01	-1.91	16079.10	-193.92	3373.01	-21.62	66.32	46.49
147	443	407	180	145	187	163	-3.35	-77.94	-1.92	16074.94	-196.82	3378.36	-24.79	78.66	58.07
147	443	406	179	145	187	163	-3.39	-77.87	-1.93	16067.00	-198.38	3386.84	-28.25	84.57	69.66
148	443	406	179	146	186	163	-3.71	-77.79	-1.98	16061.25	-212.46	3390.70	-29.79	97.09	78.08
147	443	407	179	146	186	163	-3.70	-77.80	-2.00	16055.98	-217.24	3390.76	-13.80	100.14	87.13
148	443	407	180	146	187	163	-3.80	-77.80	-2.01	16057.58	-219.77	3390.63	-23.96	101.38	90.42
147	443	407	179	147	186	163	-4.07	-77.82	-2.04	16059.11	-226.79	3383.49	-26.01	100.81	94.80
148	443	406	179	146	186	163	-4.20	-77.81	-2.04	16058.55	-228.85	3376.32	-41.26	110.97	101.16
148	443	406	180	147	186	163	-4.19	-77.79	-2.04	16053.62	-228.60	3372.70	-41.30	120.57	102.80
147	443	406	179	147	186	164	-3.78	-77.72	-1.99	16056.14	-214.37	3367.27	-63.78	147.20	99.26
148	443	405	180	147	187	163	-4.04	-77.68	-2.02	16055.73	-221.46	3367.30	-99.19	158.09	93.60
148	443	406	180	147	187	163	-4.05	-77.71	-2.02	16055.15	-220.98	3366.14	-114.43	153.48	87.92
148	443	405	180	147	186	163	-4.39	-77.66	-2.03	16053.39	-224.93	3368.23	-160.56	167.91	80.02
148	442	406	180	147	186	163	-4.79	-77.58	-2.05	16042.72	-230.69	3368.62	-192.83	179.91	71.12
148	443	405	180	147	186	164	-5.35	-77.55	-2.14	16040.18	-253.55	3373.79	-217.04	178.67	61.87
148	443	405	180	147	185	163	-5.69	-77.46	-2.20	16039.97	-271.07	3387.30	-216.34	185.33	56.97
148	443	406	181	147	186	163	-5.72	-77.35	-2.21	16042.17	-274.72	3403.13	-221.27	198.47	47.17
148	442	406	180	147	186	164	-5.61	-77.28	-2.22	16036.66	-275.99	3419.38	-221.66	199.49	37.06
148	443	405	181	146	186	163	-5.58	-77.20	-2.23	16033.03	-278.39	3438.01	-217.43	196.97	24.51
150	443	405	181	147	186	163	-5.54	-77.24	-2.24	16030.38	-282.27	3433.51	-216.16	192.12	17.34
149	443	405	180	147	186	164	-5.31	-77.25	-2.21	16021.86	-272.55	3433.23	-206.15	189.31	18.77
149	443	405	181	146	185	163	-5.21	-77.23	-2.19	16015.97	-266.73	3434.97	-213.14	190.95	18.28
149	443	405	181	146	185	163	-5.33	-77.19	-2.23	16024.97	-277.39	3441.62	-215.08	190.20	15.62
149	443	405	181	146	185	163	-5.30	-77.18	-2.23	16031.32	-279.92	3449.34	-199.68	188.24	24.94
149	443	406	180	147	187	163	-5.33	-77.15	-2.24	16029.35	-282.32	3462.27	-183.15	183.63	27.94
149	443	405	181	146	185	163	-5.60	-77.15	-2.29	16028.89	-295.61	3470.56	-186.39	173.65	25.94
149	443	405	181	147	186	163	-5.85	-77.19	-2.35	16026.24	-311.23	3475.23	-175.22	160.92	25.19
149	443	405	181	147	186	164	-5.89	-77.21	-2.38	16015.73	-319.67	3477.27	-140.21	150.87	31.79
149	443	405	181	147	186	164	-5.91	-77.23	-2.38	16005.74	-318.08	3483.21	-133.35	145.13	30.60
149	444	405	181	146	187	163	-6.82	-77.24	-2.49	15996.25	-347.58	3486.65	-139.38	140.02	25.07
149	444	406	181	146	187	163	-7.32	-77.27	-2.61	15979.24	-381.60	3483.51	-94.76	134.52	27.71
150	444	405	180	147	186	163	-7.33	-77.25	-2.67	15948.68	-394.92	3471.14	-32.97	135.79	31.93
149	445	406	180	146	185	163	-7.05	-77.16	-2.68	15918.65	-395.37	3491.38	33.03	130.45	28.13
149	445	405	180	144	186	162	-6.43	-77.18	-2.62	15909.71	-381.80	3522.21	77.82	85.68	14.62
149	445	405	181	144	187	162	-5.80	-77.37	-2.54	15916.43	-358.51	3533.30	96.83	24.25	-0.86
149	444	406	181	144	187	161	-5.35	-77.55	-2.48	15938.21	-342.79	3528.24	120.04	-14.67	-14.91
149	445	405	180	145	187	162	-4.69	-77.76	-2.40	15963.10	-322.05	3525.43	130.64	-53.68	-28.92
150	445	406	181	145	186	162	-4.31	-78.06	-2.32	15996.74	-301.35	3493.75	135.96	-81.25	-38.57
150	445	406	181	145	187	162	-4.44	-78.27	-2.31	16034.90	-301.88	3465.27	153.96	-96.69	-39.69
149	445	406	181	144	187	163	-3.92	-78.51	-2.22	16072.96	-277.99	3429.20	169.56	-109.10	-46.26
149	445	406	181	145	187	162	-4.09	-78.55	-2.22	16093.31	-279.69	3404.94	157.88	-94.50	-53.60
149	445	405	182	145	186	162	-3.93	-78.46	-2.19	16102.84	-271.90	3390.30	160.74	-50.57	-47.52
149	445	406	180	145	187	162	-3.87	-78.35	-2.18	16105.70	-266.11	3379.38	147.40	-10.84	-42.64
149	445	406	181	146	187	163	-4.11	-78.24	-2.18	16101.02	-267.00	3385.01	136.68	14.00	-40.21
149	446	405	182	145	188	162	-3.95	-78.11	-2.15	16086.76	-259.45	3390.36	130.40	36.00	-44.50
149	445	406	181	146	187	163	-3.81	-78.01	-2.13	16072.03	-253.08	3402.04	117.23	47.90	-46.37
149	445	406	181	146	187	162	-3.42	-77.93	-2.07	16049.62	-236.02	3404.74	111.42	58.10	-43.55
150	445	406	181	146	188	163	-3.07	-77.89	-2.02	16032.54	-222.82	3409.70	103.05	55.05	-38.93
149	445	406	182	146	187	163	-2.67	-77.96	-1.96	16028.72	-203.88	3401.22	91.24	43.25	-31.28
149	445	405	181	145	188	163	-2.53	-78.11	-1.93	16030.28	-196.49	3386.96	75.53	25.68	-21.57
149	445	406	181	146	187	163	-2.51	-78.15	-1.93	16031.37	-195.46	3370.21	71.05	15.00	-12.04
149	445	405	181	146	188	164	-2.41	-78.21	-1.88	16045.60	-182.69	3366.10	49.75	9.80	-4.44
150	445	405	182	146	186	162	-2.70	-78.24	-1.90	16063.32	-190.76	3360.59	35.56	8.61	4.64
150	445	406	181	146	187	163	-2.73	-78.25	-1.90	16070.55	-190.42	3355.96	35.64	14.68	20.05
149	445	406	182	146	188	164	-3.10	-78.20	-1.94	16079.82	-201.70	3361.17	22.70	23.65	28.60
149	445	405	181	146	187	163	-3.77	-78.25	-2.02	16096.03	-224.21	3345.51	3.82	29.21	23.92
149	445	406	181	147	187	163	-4.55	-78.21	-2.13	16096.03	-252.80	3334.43	-9.67	46.70	15.18
150	445	405	181	146	187	163	-4.86	-78.11	-2.19	16089.83	-269.76	3332.71	0.11	73.62	11.37
149	445	406	181	146	188	163	-5.00	-77.95	-2.23	16071.34	-279.47	3344.88	10.36	97.24	10.35
149	445	405	181	147	187	163	-4.66	-77.76	-2.21	16046.17	-273.50	3375.03	34.24	102.57	10.98
149	444	406	181	147	187	163	-4.17	-77.68	-2.10	16024.06	-243.43	3394.08	24.68	95.65	7.88
149	445	406	181	147	188	163	-3.83	-77.65	-2.06	16006.66	-229.65	3408.18	28.59	82.06	14.04
149	444	406	181	146	187	163	-3.08	-77.71	-1.95	15999.53	-200.77	3424.17	47.41	55.56	34.19
149	445	406	181	146	187	163	-2.61	-77.94	-1.88	15999.55	-182.73	3407.16	39.04	14.93	48.08
149	445	405	181	147	187	163	-2.99	-78.19	-1.92	16003.17	-191.40	3374.60	23.39	-11.61	59.57
149	445	406	182	147	188	164	-3.28	-78.39	-1.94	16019.41	-197.63	3336.07	18.87	-14.43	68.49
149	445	406	181	147	188	164	-3.49	-78.48	-1.95	16026.44	-201.54	3313.67	18.23	-10.06	79.02
149	445	406	181	148	188	163	-3.77	-78.50	-1.99	16031.92	-212.07	3304.58	19.37	-4.46	84.32
149	444	406	181	147	186	163	-3.61	-78.37	-1.97	16042.92	-207.46	3315.55	12.65	10.66	90.25
149	445	406	181	147	187	164	-3.73	-78.26	-1.99	16041.58	-213.29	3340.38	0.17	5.63	94.14
150	445	406	181	147	188	163	-3.87	-78.15	-2.03	16045.30	-225.63	3361.36	-1.64	0.55	102.38
149	445	406	181	147	188	162	-4.03	-78.10	-2.07	16051.03	-235.35	3378.69	5.29	-9.63	109.36
150	445	406	181	147	187	163	-4.31	-78.16	-2.14	16057.48	-255.38	3372.76	1.62	-21.70	113.10
149	445	406	181	147	187	163	-4.78	-78.25	-2.20	16063.21	-272.81	3361.72	3.24	-34.21	115.39
150	445	406	181	148	187	163	-5.05	-78.37	-2.25	16070.05	-286.97	3336.83	17.88	-32.10	121.22
149	445	406	181	147	188	163	-5.27	-78.45	-2.27	16073.14	-290.02	3316.99	26.29	-23.25	121.66
148	444	405	182	147	189	163	-5.21	-78.42	-2.25	16076.69	-285.12	3306.34	22.17	-5.83	115.58
149	444	406	181	147	188	162	-4.96	-78.39	-2.21	16083.25	-276.66	3309.02	19.81	-4.19	105.55
148	445	406	181	147	188	164	-4.47	-78.48	-2.14	16080.89	-255.63	3308.57	3.17	-18.63	96.67
149	445	406	181	146	188	164	-4.69	-78.57	-2.13	16086.04	-254.45	3289.54	-28.59	-18.50	92.44
149	445	406	181	147	188	164	-5.01	-78.56	-2.19	16085.94	-268.53	3276.87	-23.81	-11.98	99.02
149	445	406	181	148	188	163	-5.01	-78.61	-2.16	16080.24	-261.70	3261.42	-29.62	-7.08	102.41
149	445	406	181	147	187	164	-5.59	-78.59	-2.23	16084.83	-280.61	3255.75	-65.38	3.68	93.39
149	445	406	181	146	187	164	-6.02	-78.57	-2.29	16085.19	-297.78	3253.16	-73.72	9.04	86.42
148	445	406	181	148	187	163	-6.11	-78.61	-2.28	16083.13	-295.49	3235.11	-89.68	7.04	71.90
150	445	406	181	148	188	163	-6.37	-78.72	-2.32	16084.57	-305.52	3218.35	-87.15	-4.76	60.66
149	445	405	181	148	188	164	-6.39	-78.73	-2.32	16084.54	-306.64	3211.43	-96.44	0.93	48.97
150	445	406	181	147	188	164	-6.32	-78.65	-2.32	16079.92	-305.11	3213.66	-104.22	7.93	41.53
149	445	406	181	147	188	164	-6.81	-78.62	-2.36	16082.72	-316.06	3211.58	-124.31	9.73	36.50
149	445	405	182	148	188	164	-7.67	-78.64	-2.47	16095.58	-347.05	3198.40	-142.24	12.15	25.62
149	445	406	181	148	188	163	-8.36	-78.64	-2.59	16109.00	-379.10	3186.48	-156.83	13.74	4.79
149	445	405	181	147	188	164	-8.67	-78.64	-2.65	16116.15	-398.95	3188.15	-154.44	14.10	-19.90
148	445	406	181	147	186	164	-8.27	-78.63	-2.60	16126.15	-385.20	3189.95	-162.62	20.30	-49.95
149	445	406	181	148	187	164	-8.14	-78.64	-2.58	16126.44	-378.74	3183.65	-171.78	25.23	-71.65
149	445	405	180	148	187	163	-7.59	-78.65	-2.51	16125.72	-358.80	3177.67	-176.80	33.47	-85.87
149	445	405	180	147	188	164	-7.33	-78.61	-2.49	16121.23	-353.66	3180.98	-182.96	44.00	-87.28
149	445	405	180	148	187	164	-7.05	-78.61	-2.44	16116.37	-338.38	3180.93	-194.66	54.30	-87.56
150	445	405	180	148	187	164	-7.24	-78.53	-2.48	16100.35	-349.26	3194.29	-187.62	58.93	-84.64
149	445	405	180	148	187	164	-7.01	-78.43	-2.45	16094.73	-341.60	3207.17	-175.44	69.24	-84.30
149	445	406	180	147	187	164	-6.80	-78.42	-2.42	16086.00	-333.32	3220.41	-174.72	53.97	-82.54
149	445	406	181	147	188	164	-6.62	-78.54	-2.41	16082.10	-330.65	3216.99	-154.44	28.98	-78.71
149	445	406	181	146	188	164	-6.45	-78.62	-2.40	16082.79	-326.92	3215.54	-138.31	8.73	-77.33
149	445	406	180	147	187	163	-6.14	-78.61	-2.40	16084.05	-327.77	3223.97	-97.40	-3.36	-61.81
149	445	405	181	146	187	164	-5.17	-78.63	-2.29	16078.85	-296.78	3228.97	-42.98	-15.64	-32.77
149	445	405	181	146	187	164	-4.73	-78.69	-2.23	16078.91	-279.74	3232.92	-34.68	-38.86	-9.83
150	445	406	180	145	188	164	-4.63	-78.88	-2.21	16089.96	-276.56	3213.07	-10.80	-62.27	17.16
148	444	405	181	145	187	163	-4.98	-79.15	-2.23	16113.06	-281.93	3168.02	-14.76	-75.65	31.30
149	445	406	181	145	187	163	-6.05	-79.35	-2.31	16133.61	-304.63	3115.42	-8.92	-71.82	41.94
149	444	406	180	145	187	164	-6.21	-79.41	-2.35	16151.73	-316.60	3083.45	20.43	-52.08	51.94
149	445	406	180	145	187	163	-5.76	-79.48	-2.30	16172.74	-302.57	3057.28	16.51	-44.98	44.09
149	446	406	180	145	187	163	-5.71	-79.41	-2.27	16169.30	-294.44	3070.41	11.23	-36.98	27.79
149	446	406	180	145	188	163	-5.84	-79.27	-2.29	16163.84	-299.12	3092.89	-14.63	-38.93	9.90
149	446	406	179	144	188	163	-5.82	-79.22	-2.28	16158.05	-298.96	3100.05	-21.35	-35.03	2.95
150	444	406	180	145	187	163	-5.24	-79.15	-2.22	16151.34	-279.22	3100.24	-7.23	-18.08	20.71
149	441	405	179	145	188	164	-4.80	-79.23	-2.15	16148.18	-260.86	3075.83	-23.22	-6.83	32.72
150	441	404	179	145	190	163	-5.04	-79.30	-2.17	16144.57	-267.21	3064.44	-32.16	-13.73	44.79
150	442	402	178	145	189	163	-5.25	-79.42	-2.18	16139.94	-270.05	3040.62	-48.70	-17.95	58.85
149	442	402	178	145	188	163	-5.80	-79.51	-2.23	16156.94	-283.55	3020.59	-65.97	-10.80	75.30
150	442	402	179	144	188	164	-5.95	-79.41	-2.27	16169.29	-294.97	3015.36	-48.67	16.99	105.04
149	442	402	179	145	189	163	-5.76	-79.35	-2.28	16164.63	-297.22	3007.79	-38.63	36.04	133.84
149	442	402	179	146	189	164	-5.84	-79.35	-2.28	16165.60	-297.16	3000.20	-57.05	46.74	141.44
149	442	402	179	144	187	163	-6.72	-79.32	-2.38	16176.32	-325.70	2992.99	-84.10	59.45	139.97
149	442	402	179	145	188	163	-7.23	-79.29	-2.46	16176.70	-347.22	2996.74	-72.04	56.73	144.82
149	442	402	180	145	188	164	-7.67	-79.32	-2.52	16176.87	-365.66	2991.30	-83.19	53.74	137.38
149	443	402	179	145	188	164	-8.41	-79.24	-2.62	16180.02	-393.57	2994.14	-98.18	65.46	123.86
149	443	402	179	145	188	163	-8.80	-79.13	-2.69	16171.22	-412.10	2997.23	-97.82	85.78	117.32
149	443	402	179	145	188	164	-9.01	-79.07	-2.74	16161.06	-425.89	3001.37	-76.53	93.29	113.50
149	443	402	179	145	187	164	-8.79	-79.04	-2.72	16157.21	-417.60	3008.30	-64.16	92.63	109.23
150	443	402	179	146	188	164	-8.84	-79.03	-2.73	16146.75	-420.92	3014.69	-62.70	85.95	106.67
149	443	402	179	145	188	164	-8.71	-79.06	-2.71	16141.81	-416.27	3004.15	-51.81	87.70	107.73
149	443	404	179	144	188	164	-8.43	-79.15	-2.69	16130.52	-409.06	3001.54	-31.27	74.71	113.50
149	443	403	180	145	188	164	-7.77	-79.25	-2.61	16125.79	-386.40	2988.47	-29.71	63.93	114.72
149	443	402	179	145	187	164	-8.26	-79.31	-2.66	16135.50	-401.08	2974.84	-52.72	63.83	111.59
149	443	403	179	144	188	164	-8.56	-79.31	-2.71	16143.13	-416.03	2965.10	-53.14	73.09	113.16
149	443	403	180	145	188	165	-9.14	-79.30	-2.79	16146.57	-437.03	2962.25	-64.68	86.39	107.00
149	443	402	179	145	189	163	-9.50	-79.23	-2.84	16146.24	-452.78	2965.33	-55.35	95.37	102.40
149	443	403	179	145	188	164	-9.32	-79.12	-2.83	16143.53	-449.54	2987.27	-59.88	98.05	89.73
150	443	403	179	144	187	164	-9.17	-79.05	-2.83	16140.75	-447.66	3006.70	-62.59	93.25	81.04
150	443	402	179	145	188	165	-8.96	-79.04	-2.80	16138.91	-439.08	3013.37	-61.46	87.23	77.74
149	443	402	179	144	188	164	-8.44	-79.06	-2.74	16133.77	-422.32	3016.50	-56.03	82.57	85.35
150	443	403	180	144	188	165	-8.42	-79.11	-2.74	16131.08	-424.01	3008.08	-64.33	78.24	92.99
150	443	403	179	145	188	164	-8.83	-79.05	-2.81	16134.13	-443.01	3003.47	-70.31	82.48	106.29
149	443	403	179	146	187	164	-9.23	-79.02	-2.88	16133.22	-461.86	3000.30	-67.45	91.06	119.32
150	443	402	180	145	188	164	-9.80	-78.98	-2.96	16136.96	-484.96	3000.88	-68.53	98.45	120.61
150	443	403	179	145	188	164	-10.40	-78.91	-3.06	16132.91	-512.32	3013.04	-64.80	97.28	105.38
149	443	402	179	146	187	164	-10.15	-78.88	-3.03	16121.87	-502.50	3028.59	-55.66	91.42	93.36
149	443	403	179	145	188	164	-10.13	-78.91	-3.04	16117.57	-504.18	3036.36	-54.13	77.60	85.09
150	443	403	180	145	187	165	-10.04	-78.98	-3.03	16116.69	-501.97	3030.14	-48.97	69.47	81.03
150	443	403	179	145	188	165	-9.83	-79.04	-3.02	16119.06	-499.27	3028.43	-47.82	66.19	75.98
149	443	403	179	144	188	164	-9.49	-79.07	-2.98	16120.90	-487.50	3026.01	-43.13	64.28	75.98
149	443	403	179	145	188	165	-9.25	-79.09	-2.94	16122.06	-478.13	3022.71	-45.92	64.07	77.78
149	443	403	179	145	188	164	-9.05	-79.15	-2.92	16127.96	-471.02	3015.57	-40.28	59.02	81.15
149	443	403	179	146	186	165	-9.11	-79.21	-2.91	16126.16	-470.07	3007.20	-55.96	54.17	77.69
149	443	402	179	145	187	165	-9.72	-79.28	-2.98	16134.85	-490.77	2990.44	-72.02	55.76	73.30
150	443	403	179	145	188	165	-10.43	-79.29	-3.05	16142.71	-509.23	2979.11	-73.92	61.92	71.39
149	443	402	179	146	188	164	-11.03	-79.25	-3.13	16150.17	-532.37	2974.56	-79.17	72.02	63.07
150	443	403	180	145	187	165	-11.50	-79.17	-3.21	16150.26	-554.75	2981.43	-71.01	83.02	50.57
149	442	403	180	145	187	165	-11.22	-79.11	-3.23	16150.95	-558.21	2996.96	-55.31	81.12	32.64
149	442	403	179	145	189	165	-11.24	-79.07	-3.23	16152.60	-559.10	3010.51	-52.20	78.57	16.56
150	442	402	179	145	188	165	-11.15	-79.15	-3.22	16156.57	-556.95	3003.19	-32.84	65.89	9.38
150	443	403	179	145	188	165	-11.03	-79.21	-3.19	16157.14	-550.70	2987.23	-38.64	74.89	-2.69
149	443	403	180	145	187	165	-10.96	-79.23	-3.19	16160.68	-548.56	2973.06	-27.56	85.05	-3.06
149	442	403	179	146	188	165	-10.70	-79.25	-3.16	16155.65	-540.74	2963.21	-10.98	94.15	-2.05
150	443	403	180	145	188	165	-10.80	-79.21	-3.18	16154.47	-545.90	2964.45	-8.38	100.04	-5.60
149	443	403	179	144	189	165	-10.88	-79.10	-3.22	16146.74	-555.00	2982.23	0.54	105.29	-12.92
150	443	403	179	146	188	165	-10.99	-79.07	-3.24	16146.01	-563.45	2988.12	16.76	102.82	-18.37
149	443	403	179	145	187	165	-10.81	-79.07	-3.23	16151.11	-558.28	2988.11	22.82	107.38	-31.31
150	442	403	180	145	188	166	-10.41	-78.99	-3.19	16144.75	-548.57	3001.51	44.38	113.41	-38.49
150	443	403	180	145	187	165	-9.62	-79.00	-3.10	16138.51	-522.74	3005.03	71.11	106.49	-43.57
150	443	404	180	145	188	165	-9.09	-79.07	-3.02	16140.99	-501.40	3007.78	68.00	91.62	-51.34
150	443	403	180	145	188	165	-8.84	-79.11	-2.98	16145.14	-491.93	3006.39	74.10	83.59	-46.42
149	443	403	180	145	188	165	-8.52	-79.11	-2.94	16138.88	-480.94	3003.87	90.55	90.01	-35.55
150	443	403	180	145	187	165	-8.59	-79.16	-2.95	16133.74	-482.69	2998.48	98.87	80.76	-25.52
149	443	403	180	145	188	165	-8.90	-79.16	-3.00	16141.25	-494.75	2999.55	104.33	75.72	-20.75
150	443	403	179	145	187	165	-8.99	-79.15	-3.01	16141.59	-499.62	3000.18	117.06	78.08	-22.91
149	443	403	179	146	188	165	-8.88	-79.18	-3.00	16145.51	-496.44	3008.77	125.91	69.68	-29.56
150	443	403	180	145	188	165	-8.67	-79.28	-2.95	16153.23	-483.01	2999.53	130.76	57.34	-40.84
149	443	403	180	145	188	165	-8.29	-79.28	-2.90	16161.97	-470.46	2995.75	137.73	54.48	-50.49
149	443	403	180	145	188	164	-7.71	-79.38	-2.80	16163.07	-442.34	2982.96	136.74	49.75	-57.02
149	443	403	180	145	188	164	-7.65	-79.37	-2.80	16170.52	-440.22	2984.62	142.25	51.67	-53.87
149	443	403	180	146	187	165	-6.83	-79.43	-2.70	16167.19	-414.01	2975.59	148.44	55.28	-49.62
150	443	403	180	145	188	164	-6.41	-79.46	-2.62	16165.43	-390.91	2968.41	134.37	61.97	-44.99
150	443	403	180	145	188	164	-5.95	-79.50	-2.55	16170.96	-371.17	2969.59	122.90	58.97	-39.84
149	443	403	180	145	188	165	-6.11	-79.53	-2.52	16175.21	-365.41	2958.11	95.05	65.92	-37.30
149	443	404	180	145	188	165	-6.20	-79.49	-2.53	16175.05	-366.14	2951.60	92.60	73.93	-23.94
150	442	402	180	145	187	165	-6.14	-79.45	-2.49	16178.30	-356.83	2949.02	84.22	83.43	-17.29
149	443	403	180	145	187	164	-6.58	-79.39	-2.52	16173.78	-364.39	2956.17	65.21	87.01	-11.18
150	443	403	179	145	188	165	-6.96	-79.35	-2.55	16177.50	-373.17	2964.36	60.65	90.21	-7.67
149	442	403	180	145	188	165	-7.26	-79.35	-2.58	16179.82	-380.91	2962.74	51.42	90.55	-5.78
149	443	403	180	145	188	165	-7.74	-79.31	-2.64	16182.23	-398.27	2968.61	43.60	93.02	-7.24
149	442	403	180	145	187	165	-7.54	-79.30	-2.63	16175.12	-394.75	2959.98	47.02	100.12	-10.78
150	443	403	179	145	187	164	-7.03	-79.26	-2.58	16167.56	-380.01	2960.98	39.07	102.41	-11.29
150	443	403	180	146	188	164	-6.61	-79.28	-2.52	16165.18	-363.61	2959.13	37.06	102.69	-3.88
150	443	403	179	145	188	164	-6.58	-79.32	-2.51	16162.92	-360.43	2958.37	24.41	106.01	8.02
150	443	403	180	145	188	164	-7.00	-79.32	-2.55	16169.38	-373.01	2952.05	13.24	111.91	21.22
149	442	404	180	146	188	165	-7.11	-79.30	-2.57	16165.51	-377.76	2945.85	9.58	123.01	35.50
150	442	403	180	145	187	164	-7.22	-79.26	-2.59	16163.43	-383.67	2956.36	13.90	118.81	45.98
150	443	403	180	145	187	165	-7.63	-79.16	-2.65	16171.86	-399.69	2971.54	-4.05	126.12	48.38
150	442	403	180	145	187	165	-8.08	-79.12	-2.71	16180.47	-417.70	2975.16	-5.79	130.61	48.11
150	442	403	179	146	188	165	-7.89	-79.12	-2.69	16183.65	-413.22	2977.60	11.45	128.88	50.31
150	442	403	180	145	188	166	-7.80	-79.16	-2.66	16187.06	-403.96	2975.52	-2.83	130.74	42.69
149	442	403	179	145	188	165	-8.00	-79.19	-2.67	16194.31	-406.76	2967.55	-21.59	135.65	37.71
150	443	402	180	145	187	165	-7.96	-79.21	-2.66	16187.99	-404.62	2958.57	-21.91	140.02	35.12
149	443	402	179	145	188	164	-7.96	-79.20	-2.68	16178.99	-409.59	2965.44	-22.01	140.02	33.11
150	443	403	180	145	189	165	-7.98	-79.09	-2.69	16169.24	-411.51	2971.17	-33.06	152.62	34.91
150	443	403	180	145	188	165	-7.90	-79.01	-2.69	16160.58	-410.94	2982.01	-49.51	161.84	39.51
150	442	403	180	145	187	165	-8.01	-78.95	-2.71	16158.75	-416.39	2994.51	-51.93	159.70	55.14
149	442	404	180	144	188	165	-7.74	-78.91	-2.68	16162.02	-408.97	3010.39	-40.89	152.26	76.63
150	442	403	180	146	188	165	-7.86	-78.88	-2.71	16167.51	-415.92	3016.87	-28.39	152.55	97.35
149	442	403	180	146	189	165	-8.04	-78.84	-2.71	16174.74	-416.73	3023.82	-39.62	162.52	108.23
150	442	403	179	145	188	165	-8.62	-78.84	-2.79	16181.40	-438.89	3029.63	-53.59	159.99	111.92
150	442	403	180	145	187	165	-8.96	-78.84	-2.84	16192.53	-455.34	3018.75	-42.16	174.79	121.67
150	442	403	179	146	188	165	-9.16	-78.78	-2.89	16187.30	-466.38	3008.61	-31.50	199.40	127.19
150	442	403	180	145	188	165	-9.29	-78.76	-2.90	16180.34	-469.46	3002.58	-41.23	213.18	123.48
150	442	403	180	145	188	165	-9.49	-78.69	-2.93	16178.92	-477.19	3018.85	-46.47	218.28	122.71
150	442	403	180	145	187	165	-9.46	-78.57	-2.95	16158.98	-481.53	3033.51	-31.64	228.36	131.42
150	442	403	179	145	187	166	-9.21	-78.41	-2.94	16145.83	-479.45	3058.03	-16.81	233.69	141.35
149	442	403	180	145	187	164	-8.99	-78.34	-2.92	16129.94	-473.28	3079.93	-21.87	224.71	148.78
150	442	403	180	145	188	165	-9.31	-78.35	-2.96	16117.64	-482.61	3089.14	-44.08	205.37	148.54
150	442	403	180	145	188	164	-9.59	-78.39	-3.01	16118.56	-498.28	3090.68	-44.82	188.25	152.32
150	442	403	180	145	187	165	-9.90	-78.46	-3.05	16120.83	-509.77	3084.35	-50.78	170.49	151.65
149	442	402	180	144	188	164	-10.37	-78.57	-3.13	16125.39	-530.28	3072.33	-56.04	155.37	155.37
150	442	403	180	145	188	165	-11.00	-78.62	-3.19	16143.52	-548.37	3057.11	-59.24	158.70	148.25
150	442	402	179	146	187	165	-11.11	-78.61	-3.22	16154.54	-556.55	3053.26	-70.58	162.71	138.99
150	442	403	180	145	188	165	-11.43	-78.58	-3.26	16158.01	-568.12	3056.59	-75.30	170.33	132.49
150	442	403	180	145	188	165	-11.32	-78.55	-3.25	16155.11	-565.91	3059.36	-54.98	181.86	130.16
150	442	403	180	146	188	165	-11.10	-78.44	-3.26	16139.56	-567.02	3077.39	-66.09	193.82	120.21
149	442	403	180	145	189	165	-11.11	-78.41	-3.28	16134.98	-571.07	3089.33	-68.58	186.58	116.30
149	442	403	180	145	187	165	-11.17	-78.33	-3.29	16124.03	-574.51	3101.66	-62.20	185.60	119.63
149	442	403	180	146	186	165	-11.02	-78.32	-3.28	16109.63	-570.79	3109.98	-62.44	175.92	120.20
149	442	403	180	145	187	165	-11.09	-78.32	-3.30	16097.75	-575.25	3122.48	-78.87	155.77	116.04
149	442	402	180	144	188	165	-11.31	-78.31	-3.35	16094.46	-589.29	3130.15	-83.13	142.03	115.34
150	442	403	180	145	187	165	-11.51	-78.38	-3.39	16092.54	-600.02	3130.25	-82.62	124.28	113.97
149	442	403	180	145	188	165	-11.72	-78.46	-3.42	16091.71	-609.82	3125.33	-79.84	102.57	112.52
149	442	403	179	145	187	164	-11.74	-78.55	-3.43	16094.72	-611.73	3118.67	-70.90	87.79	110.30
149	442	403	180	146	188	165	-11.92	-78.57	-3.44	16102.19	-614.34	3108.93	-83.60	85.15	100.88
148	442	402	180	145	187	165	-12.06	-78.63	-3.46	16110.68	-620.83	3103.69	-80.17	76.79	93.34
148	442	403	180	145	188	165	-12.12	-78.69	-3.47	16119.34	-624.99	3103.70	-78.41	62.20	86.47
148	442	404	180	145	188	165	-12.36	-78.72	-3.49	16127.37	-630.74	3102.72	-79.94	54.09	78.85
148	442	402	180	145	188	165	-12.64	-78.66	-3.54	16130.01	-644.80	3090.18	-75.95	76.89	77.15
148	442	404	180	145	188	165	-12.65	-78.61	-3.55	16128.71	-647.36	3093.07	-62.50	87.29	75.45
147	442	403	179	145	187	165	-12.76	-78.59	-3.55	16123.67	-647.99	3094.62	-71.72	85.53	64.27
147	442	403	180	145	187	165	-13.13	-78.58	-3.61	16125.69	-663.79	3092.69	-77.99	88.75	51.51
147	442	403	179	144	187	164	-12.75	-78.63	-3.58	16126.00	-654.60	3087.25	-63.54	91.12	47.08
147	443	403	180	145	188	165	-12.85	-78.65	-3.60	16123.10	-659.07	3073.89	-56.16	92.31	49.98
147	442	403	179	144	188	165	-12.66	-78.62	-3.59	16120.15	-656.72	3079.00	-51.45	92.64	49.63
147	442	403	179	145	187	165	-12.82	-78.68	-3.61	16112.54	-663.88	3070.65	-66.93	81.26	38.35
147	442	403	180	145	188	165	-13.04	-78.69	-3.66	16115.91	-675.09	3071.51	-63.88	76.00	36.98
147	442	404	179	145	188	165	-13.20	-78.67	-3.69	16115.72	-684.53	3074.74	-56.99	78.20	31.58
147	442	404	179	144	188	165	-13.41	-78.68	-3.70	16124.53	-688.71	3074.20	-57.84	76.69	15.70
148	443	404	179	145	188	165	-13.59	-78.77	-3.71	16137.70	-692.67	3062.09	-70.55	70.50	-5.58
147	443	404	179	144	188	165	-13.51	-78.80	-3.71	16147.02	-692.44	3050.99	-49.22	75.33	-14.35
147	443	404	179	144	187	165	-12.94	-78.77	-3.64	16145.27	-674.22	3046.64	-34.36	93.11	-17.83
147	443	404	179	145	188	165	-12.75	-78.75	-3.61	16146.20	-664.31	3037.31	-48.94	115.11	-24.89
147	443	404	179	145	187	165	-12.94	-78.72	-3.63	16148.69	-669.69	3033.64	-46.29	136.10	-23.40
147	443	405	179	144	187	166	-12.83	-78.69	-3.63	16146.26	-669.01	3030.76	-21.53	150.05	-14.18
147	443	404	179	144	187	165	-13.29	-78.57	-3.76	16143.94	-706.56	3037.02	15.35	161.49	-7.92
147	443	405	179	145	188	165	-12.76	-78.44	-3.73	16138.95	-696.23	3048.97	74.58	184.52	5.43
147	443	404	179	144	187	165	-12.13	-78.38	-3.64	16134.00	-673.62	3059.92	83.35	195.34	9.21
148	443	404	179	145	187	165	-12.16	-78.37	-3.65	16127.90	-673.14	3065.52	59.33	193.78	-1.25
147	443	404	179	145	187	165	-12.14	-78.36	-3.65	16129.90	-674.28	3074.85	59.22	187.39	-6.89
147	443	405	179	146	186	165	-12.15	-78.27	-3.68	16128.41	-684.36	3089.91	62.96	185.62	-10.15
147	443	405	179	145	187	166	-12.21	-78.20	-3.71	16118.79	-691.35	3099.21	75.41	183.94	-9.74
147	443	404	179	145	187	165	-12.16	-78.22	-3.69	16120.85	-685.38	3096.65	70.04	178.59	-16.05
147	443	405	179	145	187	164	-12.33	-78.24	-3.71	16126.21	-691.31	3091.22	57.54	179.46	-24.60
148	443	405	179	145	186	165	-12.29	-78.28	-3.68	16131.30	-684.74	3088.26	64.96	181.04	-28.02
147	443	404	180	145	186	164	-12.03	-78.31	-3.64	16135.93	-672.71	3083.84	76.61	190.89	-30.07
147	443	405	179	146	187	164	-11.39	-78.22	-3.57	16134.53	-653.87	3090.85	94.03	208.74	-34.12
148	443	404	179	146	186	165	-10.93	-78.13	-3.51	16128.21	-635.58	3106.51	90.03	219.10	-39.41
148	443	405	180	146	186	166	-10.60	-78.13	-3.45	16120.60	-619.80	3119.58	84.28	214.20	-40.04
147	443	405	180	147	186	166	-10.58	-78.06	-3.45	16119.17	-619.21	3130.80	80.21	222.69	-40.79
147	443	405	179	147	187	165	-10.40	-77.93	-3.44	16103.81	-615.85	3148.26	96.85	232.50	-32.50
147	443	405	179	147	187	165	-9.93	-77.85	-3.38	16086.42	-596.66	3167.25	95.81	231.68	-27.42
147	443	404	179	146	188	165	-9.77	-77.82	-3.35	16078.10	-589.62	3186.49	84.22	218.35	-23.95
147	443	404	180	147	186	165	-9.79	-77.81	-3.36	16076.39	-591.14	3199.96	88.41	202.48	-14.55
147	443	405	179	147	186	165	-9.71	-77.87	-3.34	16072.17	-586.79	3202.77	102.84	182.95	-3.88
147	444	405	179	147	187	166	-9.85	-77.96	-3.36	16074.76	-591.65	3198.23	96.50	167.76	-3.03
147	443	405	179	147	186	165	-9.97	-78.04	-3.39	16083.02	-599.26	3185.52	109.92	160.37	1.67
147	443	405	180	148	187	166	-10.12	-78.14	-3.39	16092.47	-599.30	3173.04	108.43	158.80	3.09
147	443	405	179	147	187	165	-10.35	-78.14	-3.42	16098.65	-609.74	3172.19	107.60	157.66	-8.62
147	443	405	179	148	187	165	-10.32	-78.12	-3.41	16103.12	-606.85	3176.18	111.62	154.43	-16.49
147	443	405	179	148	187	165	-10.06	-78.00	-3.38	16096.56	-598.51	3196.37	113.44	163.66	-24.51
148	443	405	180	147	187	166	-9.51	-77.91	-3.32	16082.13	-581.58	3213.95	122.72	166.32	-25.14
148	443	404	179	147	187	166	-9.02	-77.90	-3.24	16070.23	-559.90	3228.05	114.38	153.91	-24.53
147	443	405	179	148	186	165	-9.01	-77.91	-3.23	16065.91	-556.51	3231.05	90.12	143.36	-23.10
148	443	404	179	146	186	165	-9.05	-77.90	-3.26	16055.62	-563.08	3243.70	100.21	138.64	-9.55
147	443	405	180	146	186	166	-8.69	-77.94	-3.21	16043.04	-548.93	3248.11	113.75	123.86	7.63
148	443	405	179	146	187	166	-8.82	-77.99	-3.21	16036.88	-548.88	3254.11	101.06	98.77	13.55
148	443	405	180	147	187	165	-9.07	-78.13	-3.21	16044.84	-549.84	3249.40	86.86	73.33	15.37
148	443	405	180	147	187	166	-9.34	-78.24	-3.25	16056.20	-560.35	3237.13	87.77	57.86	18.35
147	443	405	179	148	186	165	-9.60	-78.34	-3.28	16068.59	-567.73	3223.27	89.63	51.42	20.48
147	443	405	180	146	187	165	-9.59	-78.42	-3.27	16083.16	-568.54	3213.31	80.65	49.05	14.26
147	443	405	180	146	188	165	-9.82	-78.42	-3.29	16095.40	-574.91	3211.85	64.66	49.90	8.45
147	443	405	180	146	186	165	-9.65	-78.42	-3.29	16099.03	-573.17	3211.85	62.78	50.85	7.97
148	443	404	179	147	186	165	-9.57	-78.33	-3.27	16097.28	-567.91	3214.86	60.24	64.51	12.58
147	443	404	179	147	187	165	-9.66	-78.30	-3.28	16098.61	-570.31	3212.92	60.58	77.18	20.05
147	443	404	180	146	186	165	-9.87	-78.24	-3.30	16092.48	-576.80	3219.87	62.20	87.37	27.94
147	442	405	180	147	187	165	-10.00	-78.19	-3.34	16085.66	-585.76	3228.48	73.49	83.31	29.50
148	443	404	179	146	187	165	-9.89	-78.23	-3.32	16074.98	-579.87	3227.25	89.77	71.79	32.27
147	443	404	179	146	188	166	-9.76	-78.25	-3.29	16067.03	-572.08	3219.09	83.78	77.20	24.31
147	443	405	179	146	186	165	-9.60	-78.30	-3.28	16054.08	-567.87	3203.74	86.64	80.54	20.79
148	443	405	180	147	186	165	-9.05	-78.43	-3.18	16056.17	-541.28	3183.95	77.36	67.31	15.80
147	443	404	179	146	187	165	-9.02	-78.51	-3.16	16062.36	-536.82	3183.35	62.04	48.70	13.06
148	443	405	180	146	187	165	-8.64	-78.54	-3.10	16070.44	-519.58	3171.98	57.69	49.81	13.76
148	443	405	180	147	188	165	-8.94	-78.55	-3.12	16075.52	-527.00	3170.59	32.95	47.12	6.37
148	444	404	180	147	187	165	-9.50	-78.54	-3.20	16088.95	-548.05	3169.66	26.90	44.82	0.40
147	443	404	179	146	187	165	-9.74	-78.49	-3.24	16098.90	-559.64	3177.77	31.81	50.08	-1.92
147	443	405	179	146	188	166	-9.55	-78.46	-3.20	16100.35	-548.06	3184.08	32.07	53.67	-6.97
148	443	404	180	146	188	166	-9.37	-78.41	-3.17	16100.94	-539.86	3188.88	18.32	52.24	-9.57
148	443	404	179	146	187	165	-9.48	-78.42	-3.18	16109.49	-542.27	3187.24	9.90	55.08	-4.69
148	444	404	179	146	186	166	-9.23	-78.44	-3.14	16112.81	-534.35	3186.07	14.65	58.67	5.39
148	443	404	180	147	188	165	-9.25	-78.46	-3.13	16115.17	-530.04	3175.77	-5.93	72.69	12.27
148	443	404	179	147	186	165	-9.29	-78.47	-3.11	16117.81	-525.73	3171.38	-16.53	83.15	11.51
147	444	404	179	146	187	165	-9.26	-78.42	-3.10	16111.52	-521.45	3164.41	-26.00	94.15	14.58
148	444	404	179	146	187	165	-9.15	-78.38	-3.08	16106.95	-516.97	3175.79	-31.55	98.24	19.70
147	444	404	180	147	188	166	-9.24	-78.37	-3.10	16102.40	-521.53	3182.60	-47.38	98.18	24.42
148	444	404	180	146	186	166	-9.61	-78.38	-3.14	16104.08	-531.85	3183.27	-60.31	101.57	27.20
147	444	405	179	146	187	165	-9.88	-78.30	-3.18	16096.08	-542.26	3185.11	-72.04	107.84	28.19
148	443	404	180	146	187	165	-10.21	-78.37	-3.20	16098.87	-548.74	3180.05	-79.84	104.00	20.83
148	444	404	179	146	187	166	-10.23	-78.42	-3.19	16099.93	-545.91	3173.45	-101.45	98.10	7.04
148	443	404	179	145	187	165	-9.85	-78.42	-3.15	16097.73	-535.61	3175.38	-130.13	98.49	3.13
148	444	404	179	146	188	165	-9.89	-78.42	-3.15	16104.44	-534.03	3174.21	-153.97	102.02	4.98
148	444	404	179	146	187	166	-9.97	-78.43	-3.16	16100.22	-537.93	3174.30	-170.17	106.32	12.53
147	443	404	179	145	187	165	-10.26	-78.44	-3.19	16093.41	-546.43	3171.18	-185.76	105.45	21.25
147	444	404	179	146	187	166	-10.75	-78.42	-3.24	16091.14	-560.51	3171.62	-213.62	104.58	25.34
148	444	404	179	145	187	166	-11.35	-78.39	-3.33	16102.98	-585.89	3168.04	-218.19	105.90	36.42
148	443	404	179	146	187	166	-11.52	-78.42	-3.36	16115.03	-594.99	3161.64	-198.88	106.96	48.20
149	444	403	179	146	187	165	-11.80	-78.43	-3.41	16117.88	-608.84	3149.96	-192.69	112.31	49.59
148	443	403	178	146	187	166	-11.82	-78.42	-3.41	16116.39	-606.60	3149.86	-184.41	119.84	50.61
147	444	404	178	145	187	165	-12.33	-78.34	-3.46	16113.97	-622.47	3145.57	-175.83	134.10	49.43
148	443	403	178	146	186	166	-12.21	-78.28	-3.47	16114.47	-624.35	3151.69	-150.94	142.70	47.61
148	443	403	178	146	186	165	-11.96	-78.22	-3.45	16109.95	-617.33	3161.30	-152.70	150.91	41.38
148	443	404	178	146	186	166	-11.76	-78.19	-3.43	16112.45	-614.46	3161.64	-150.51	161.46	40.26
148	443	403	178	146	186	166	-11.70	-78.12	-3.44	16111.03	-615.34	3168.16	-144.09	174.49	41.55
148	444	403	178	146	184	165	-11.58	-78.07	-3.44	16107.87	-615.17	3173.35	-131.58	179.17	40.42
148	444	403	178	145	186	167	-11.56	-78.09	-3.44	16106.88	-615.01	3177.68	-137.00	179.76	36.35
148	444	404	177	146	186	165	-11.87	-78.02	-3.49	16103.74	-629.26	3183.00	-143.55	188.57	30.73
148	444	404	178	146	187	166	-11.68	-77.92	-3.48	16095.55	-627.80	3189.25	-126.32	200.09	32.50
148	443	403	178	146	186	165	-11.63	-77.89	-3.48	16089.57	-625.61	3192.39	-130.81	205.69	27.47
147	443	404	178	146	185	166	-11.78	-77.86	-3.49	16086.89	-628.73	3204.97	-125.62	208.45	18.65
147	443	404	178	146	187	166	-11.59	-77.84	-3.47	16086.95	-622.69	3211.32	-129.34	210.63	5.11
148	443	404	179	146	186	166	-11.26	-77.80	-3.43	16086.40	-611.76	3213.95	-121.87	213.75	6.51
148	443	404	178	147	186	166	-10.88	-77.80	-3.39	16083.28	-599.97	3216.65	-100.58	217.56	23.68
149	444	404	179	147	186	165	-10.56	-77.79	-3.35	16081.92	-589.77	3221.02	-78.30	223.63	39.50
149	444	404	178	146	186	166	-10.41	-77.78	-3.33	16075.62	-583.28	3222.77	-80.43	228.05	53.52
149	444	403	178	146	186	166	-11.13	-77.75	-3.41	16075.64	-605.52	3229.83	-111.81	233.40	54.80
149	444	404	179	145	186	166	-11.43	-77.66	-3.49	16081.86	-628.84	3244.14	-114.37	237.78	68.36
149	443	404	179	146	184	166	-11.39	-77.54	-3.50	16086.36	-630.20	3261.33	-119.05	250.84	75.79
148	444	404	178	146	185	166	-11.56	-77.37	-3.56	16069.05	-646.29	3291.27	-123.20	252.30	90.65
148	444	403	179	146	186	166	-11.52	-77.42	-3.56	16062.19	-644.58	3300.30	-118.29	242.93	96.12
149	444	403	178	146	184	165	-11.58	-77.40	-3.57	16069.88	-648.35	3312.09	-128.83	238.34	99.11
149	444	403	178	146	185	165	-11.75	-77.39	-3.64	16064.99	-667.13	3314.88	-104.03	228.52	109.96
149	444	404	179	146	185	166	-11.66	-77.39	-3.63	16060.14	-663.17	3317.14	-109.13	227.69	106.31
149	444	404	179	146	185	166	-12.14	-77.44	-3.66	16064.13	-674.41	3322.88	-125.63	220.16	95.39
149	444	403	178	146	185	166	-12.23	-77.43	-3.68	16065.53	-679.09	3322.94	-122.34	224.70	87.07
149	444	404	178	146	185	166	-12.18	-77.39	-3.68	16053.05	-679.94	3330.19	-119.88	223.07	79.72
149	444	404	179	147	185	166	-12.09	-77.36	-3.68	16051.00	-678.54	3342.48	-124.48	223.91	74.33
149	443	403	179	146	184	166	-12.08	-77.27	-3.71	16041.85	-686.42	3356.16	-113.96	219.47	76.82
149	444	404	179	146	186	166	-11.91	-77.24	-3.68	16035.55	-678.29	3364.95	-119.61	213.79	77.43
149	443	403	179	147	185	166	-12.39	-77.25	-3.77	16037.58	-701.58	3370.30	-124.23	199.85	76.26
149	444	403	178	146	184	166	-12.42	-77.28	-3.80	16043.30	-710.90	3368.39	-97.32	195.61	80.94
149	443	403	179	145	185	166	-12.45	-77.35	-3.81	16047.93	-713.56	3364.17	-88.70	183.73	80.20
149	444	403	178	146	187	166	-12.51	-77.34	-3.83	16048.53	-719.28	3363.36	-94.17	187.34	73.34
149	443	403	179	146	185	166	-12.64	-77.34	-3.85	16043.11	-725.51	3357.19	-83.86	193.08	70.77
149	443	404	179	146	185	166	-12.67	-77.25	-3.87	16034.95	-730.24	3368.93	-83.22	200.37	67.13
149	444	403	178	147	186	167	-12.82	-77.25	-3.91	16030.60	-739.93	3371.09	-69.66	195.20	66.62
149	444	404	178	146	185	166	-12.63	-77.25	-3.88	16024.27	-732.53	3374.53	-63.27	191.69	59.19
149	443	403	179	147	186	166	-12.82	-77.24	-3.92	16023.26	-743.50	3385.20	-67.41	185.96	44.48
149	444	403	179	147	186	166	-12.75	-77.24	-3.93	16019.50	-745.93	3394.14	-50.89	168.66	38.51
149	444	403	179	147	185	166	-12.63	-77.29	-3.93	16016.52	-745.03	3398.44	-45.44	151.48	31.18
149	444	404	179	147	185	166	-12.65	-77.28	-3.94	16022.10	-747.18	3407.91	-42.52	150.30	25.57
149	443	404	179	147	186	166	-12.63	-77.28	-3.93	16019.99	-745.22	3407.12	-35.15	147.44	27.05
149	444	403	179	147	186	165	-12.40	-77.34	-3.91	16021.79	-740.56	3414.16	-13.84	126.07	27.99
149	443	403	179	147	186	166	-12.45	-77.39	-3.90	16029.50	-738.33	3421.06	-18.90	117.06	26.79
149	443	404	179	147	185	166	-12.36	-77.38	-3.90	16033.63	-738.22	3425.80	-6.50	114.36	28.00
148	444	404	178	147	186	166	-12.18	-77.42	-3.90	16033.34	-736.10	3422.91	8.97	108.54	31.95
149	444	403	178	146	186	166	-12.30	-77.46	-3.90	16040.48	-738.10	3412.77	1.57	111.02	25.31
149	443	403	179	147	186	167	-12.46	-77.47	-3.93	16041.85	-745.79	3409.53	7.40	109.06	23.04
149	444	404	179	147	186	166	-12.32	-77.45	-3.91	16037.16	-740.70	3412.25	8.03	113.21	23.14
149	444	403	179	147	185	166	-12.34	-77.39	-3.92	16028.30	-743.47	3416.84	13.62	120.90	27.48
150	444	403	179	147	185	166	-12.10	-77.33	-3.90	16021.49	-736.90	3430.80	22.14	118.06	30.11
149	444	404	179	147	185	166	-12.42	-77.30	-3.95	16022.61	-751.65	3442.26	17.44	112.25	30.20
149	444	404	179	148	186	164	-12.28	-77.33	-3.94	16019.48	-747.07	3449.34	32.56	101.39	30.44
149	443	404	178	146	185	166	-12.50	-77.34	-3.96	16019.71	-754.72	3453.68	25.19	92.97	24.07
149	444	403	179	147	186	167	-12.61	-77.40	-3.99	16026.12	-761.38	3445.39	38.43	86.57	18.87
150	444	403	179	147	185	166	-12.49	-77.50	-3.97	16034.62	-757.11	3432.12	34.36	83.99	9.12
149	444	404	179	147	186	167	-12.45	-77.57	-3.95	16039.48	-750.85	3426.72	36.89	75.99	3.97
149	444	404	179	147	186	166	-12.49	-77.58	-3.95	16033.31	-751.91	3416.78	43.94	80.79	9.37
149	444	403	179	148	186	166	-12.26	-77.53	-3.93	16033.64	-745.72	3414.54	48.40	93.10	12.85
149	444	403	179	147	186	166	-12.29	-77.50	-3.93	16028.56	-744.83	3423.81	31.43	91.85	10.11
149	444	403	179	146	186	166	-12.60	-77.48	-4.00	16022.93	-763.19	3439.02	32.46	67.56	-0.80
149	444	402	179	146	186	165	-12.56	-77.47	-4.02	16018.99	-769.03	3455.07	52.73	46.83	-9.86
149	445	402	179	147	186	166	-12.54	-77.46	-4.02	16021.04	-770.18	3455.12	51.60	44.49	-23.51
148	444	402	179	146	186	166	-12.37	-77.48	-4.00	16023.19	-764.87	3450.16	47.22	49.71	-30.99
149	444	402	179	147	185	166	-12.16	-77.55	-3.98	16022.63	-758.43	3437.65	61.61	44.03	-32.39
149	444	402	179	147	185	166	-11.85	-77.59	-3.93	16020.69	-744.90	3431.57	54.47	41.33	-34.77
149	444	403	178	147	186	166	-11.66	-77.59	-3.90	16021.46	-736.06	3431.19	56.85	43.71	-27.88
149	444	402	179	147	186	166	-11.23	-77.61	-3.82	16022.59	-715.46	3432.63	65.66	40.82	-19.14
149	444	402	179	147	186	166	-11.09	-77.62	-3.78	16024.86	-704.28	3433.80	56.28	40.93	-13.48
149	444	402	179	146	186	166	-11.20	-77.67	-3.78	16032.41	-704.27	3425.51	53.76	38.14	-5.91
149	444	402	179	147	186	166	-10.61	-77.71	-3.68	16036.19	-676.86	3417.44	61.82	38.33	1.59
149	444	402	180	147	187	167	-10.66	-77.78	-3.67	16039.58	-673.81	3414.56	43.88	25.16	-2.29
150	444	402	179	146	185	166	-11.01	-77.87	-3.69	16046.00	-680.32	3401.44	30.94	13.06	-2.08
149	444	402	179	147	187	166	-11.62	-77.89	-3.77	16056.10	-703.91	3390.16	34.19	12.75	-0.52
149	444	402	180	147	186	167	-11.43	-77.96	-3.73	16057.10	-693.71	3379.46	33.03	8.96	-4.20
149	444	402	180	146	184	166	-11.57	-77.98	-3.74	16061.04	-694.03	3382.48	8.08	9.97	-11.99
149	444	402	179	146	187	166	-11.78	-77.97	-3.75	16068.59	-699.12	3378.36	-11.67	25.72	-20.99
149	444	402	179	146	187	166	-11.74	-77.93	-3.75	16064.76	-698.57	3380.64	5.81	26.78	-17.54
149	444	402	179	147	186	165	-11.71	-77.92	-3.74	16061.52	-694.84	3388.81	4.12	25.34	-14.96
149	444	403	179	146	185	166	-11.81	-77.85	-3.76	16044.84	-698.90	3398.77	-5.44	24.28	-13.21
149	444	402	179	147	185	166	-11.71	-77.88	-3.72	16048.80	-690.55	3393.43	-29.61	26.06	-12.10
149	444	402	179	147	186	166	-11.97	-77.86	-3.75	16051.96	-696.02	3387.96	-29.68	30.06	-5.05
149	444	402	179	147	187	166	-11.69	-77.90	-3.71	16052.96	-685.42	3381.16	-22.70	21.21	-1.04
149	444	402	178	147	187	166	-12.04	-77.99	-3.74	16057.91	-695.15	3372.50	-48.81	4.70	-5.49
149	444	403	178	147	186	166	-12.13	-78.05	-3.77	16064.82	-703.79	3348.48	-40.67	14.21	-2.77
149	444	402	178	148	186	165	-11.92	-78.08	-3.72	16072.58	-691.41	3338.65	-32.09	24.95	1.47
148	444	403	179	147	187	166	-11.89	-78.10	-3.69	16081.55	-683.43	3328.52	-41.64	33.15	0.80
148	444	402	178	147	187	167	-12.15	-78.07	-3.72	16089.47	-691.66	3325.69	-45.20	44.35	-1.24
148	444	403	178	147	185	166	-11.95	-78.03	-3.69	16087.60	-684.08	3327.61	-46.09	53.53	-0.03
149	444	403	179	147	186	166	-12.10	-78.01	-3.72	16078.62	-690.28	3327.03	-52.04	53.85	0.07
148	444	403	179	147	186	166	-12.06	-77.95	-3.72	16072.29	-690.16	3328.48	-49.54	67.76	0.02
149	444	403	178	147	186	166	-12.04	-77.89	-3.73	16062.87	-691.05	3333.85	-48.01	72.37	0.12
149	444	402	178	147	186	166	-12.08	-77.88	-3.74	16061.33	-694.30	3337.16	-33.71	70.90	2.46
148	444	403	178	147	186	166	-11.62	-77.90	-3.67	16068.66	-676.79	3339.90	-31.17	62.46	0.24
149	444	403	179	147	186	166	-11.78	-78.02	-3.67	16074.03	-677.35	3327.91	-44.17	50.03	-1.92
149	444	402	179	147	186	166	-11.97	-78.12	-3.68	16089.73	-679.28	3301.31	-44.96	57.08	-1.48
148	445	403	178	147	186	166	-12.07	-78.11	-3.68	16094.64	-681.72	3291.05	-45.91	73.88	7.00
148	444	403	178	147	186	166	-11.97	-78.10	-3.68	16087.91	-679.03	3284.69	-32.71	81.73	12.70
148	444	403	178	147	186	167	-12.05	-78.03	-3.70	16090.51	-685.68	3285.06	-43.43	99.30	12.16
148	444	403	178	146	186	166	-11.84	-77.93	-3.69	16089.39	-682.39	3300.41	-33.66	100.33	19.05
148	444	402	178	147	186	166	-11.83	-77.92	-3.68	16085.92	-680.27	3301.79	-49.42	98.42	16.95
148	444	402	178	147	186	166	-12.09	-77.90	-3.72	16091.02	-691.46	3306.90	-59.95	96.60	17.50
148	444	402	178	147	187	166	-11.99	-77.92	-3.72	16097.47	-691.89	3310.55	-52.56	100.47	23.03
148	444	402	178	147	186	166	-11.68	-77.98	-3.68	16098.40	-680.89	3301.62	-44.98	91.24	22.83
148	444	402	178	148	185	166	-11.60	-78.04	-3.64	16096.48	-670.65	3291.74	-77.93	87.18	15.39
147	444	403	178	147	186	166	-11.96	-78.09	-3.68	16099.25	-680.12	3281.56	-98.18	84.52	7.17
148	444	403	178	147	187	166	-12.11	-78.11	-3.70	16098.69	-687.91	3275.88	-80.87	81.40	13.96
147	444	403	178	147	187	166	-12.07	-78.11	-3.69	16101.36	-684.91	3276.28	-76.33	86.03	16.66
148	444	403	179	148	186	166	-12.29	-78.08	-3.72	16096.49	-691.27	3280.27	-86.51	84.52	12.53
148	444	403	179	149	187	166	-12.58	-78.08	-3.77	16090.26	-705.51	3275.66	-86.04	78.60	7.40
147	445	403	178	147	187	166	-12.74	-78.11	-3.77	16083.15	-706.03	3268.67	-95.49	75.62	3.43
147	444	404	179	148	187	166	-12.92	-78.13	-3.80	16081.39	-714.73	3263.44	-102.31	75.04	3.11
149	444	403	179	148	186	166	-13.45	-78.05	-3.87	16076.52	-731.99	3262.07	-128.65	87.19	0.25
147	445	403	178	148	186	166	-13.45	-78.04	-3.88	16074.30	-734.99	3264.76	-112.41	84.53	-1.51
147	444	402	178	148	187	166	-13.28	-78.03	-3.85	16074.98	-727.84	3263.93	-120.79	80.55	-3.78
147	444	403	178	148	186	166	-13.02	-78.04	-3.82	16082.63	-718.05	3271.73	-119.30	78.57	-5.29
147	445	402	178	147	187	166	-13.18	-78.07	-3.81	16100.50	-718.15	3261.74	-147.39	85.79	-13.98
146	445	403	179	146	186	166	-13.58	-78.03	-3.88	16106.48	-737.84	3261.86	-141.02	89.95	-16.43
146	445	402	178	147	186	166	-13.12	-78.08	-3.83	16114.55	-724.15	3241.36	-117.02	107.56	-22.06
146	445	403	178	147	187	166	-12.79	-78.00	-3.77	16123.03	-707.94	3229.10	-135.07	147.48	-21.51
145	444	402	177	147	187	166	-12.23	-77.91	-3.71	16121.07	-691.94	3225.04	-152.71	181.20	-20.98
145	444	402	177	147	186	166	-12.44	-77.70	-3.72	16117.62	-692.15	3246.39	-205.23	206.54	-30.93
143	443	402	177	147	184	166	-12.64	-77.53	-3.77	16104.94	-707.14	3277.07	-221.52	208.72	-38.24
144	443	402	177	147	187	166	-12.64	-77.46	-3.77	16097.69	-706.18	3291.22	-202.64	204.73	-29.57
143	443	402	177	146	186	166	-12.73	-77.38	-3.80	16097.21	-714.47	3302.45	-194.61	213.44	-31.04
143	443	402	177	146	186	166	-12.96	-77.32	-3.83	16089.95	-721.55	3301.13	-191.13	225.77	-39.84
142	443	401	177	145	185	166	-13.34	-77.30	-3.88	16092.05	-737.87	3298.68	-194.02	227.43	-46.40
143	443	401	178	146	185	165	-12.94	-77.27	-3.86	16087.25	-729.58	3311.54	-157.82	222.61	-45.03
143	443	401	178	145	185	166	-12.73	-77.20	-3.85	16080.88	-726.30	3329.76	-160.88	222.03	-57.03
143	443	401	178	145	185	166	-12.53	-77.17	-3.82	16075.64	-717.98	3337.08	-155.69	227.23	-55.68
143	443	402	177	145	184	166	-12.38	-77.13	-3.81	16072.46	-714.09	3348.42	-173.30	240.02	-61.24
142	443	402	177	145	185	166	-12.28	-77.15	-3.78	16068.04	-707.58	3356.40	-201.39	229.27	-73.48
142	443	402	177	146	185	166	-12.56	-77.18	-3.81	16061.83	-714.60	3367.98	-224.87	215.40	-85.11
143	443	402	178	146	184	166	-12.33	-77.25	-3.76	16056.94	-701.67	3367.58	-245.67	203.23	-89.65
143	442	402	177	146	184	166	-12.38	-77.22	-3.78	16049.49	-704.79	3375.60	-248.94	199.57	-94.17
143	441	401	177	147	183	167	-12.16	-77.21	-3.76	16042.62	-698.35	3381.62	-234.89	197.84	-94.41
143	441	402	177	147	183	166	-12.07	-77.19	-3.74	16032.49	-693.63	3392.94	-250.00	190.45	-107.09
142	441	402	177	148	185	167	-12.11	-77.24	-3.75	16038.06	-696.55	3398.29	-262.80	170.13	-126.74
142	442	401	177	148	183	166	-11.98	-77.30	-3.74	16050.16	-694.12	3403.78	-250.21	155.12	-145.10
143	441	402	177	148	184	167	-11.89	-77.37	-3.71	16066.65	-686.82	3399.59	-262.35	143.87	-166.59
142	442	402	177	148	184	166	-12.00	-77.42	-3.72	16073.52	-690.08	3394.61	-263.13	139.37	-181.41
142	441	401	177	149	183	165	-11.94	-77.42	-3.73	16076.24	-694.17	3389.48	-238.17	135.05	-189.19
142	442	400	177	149	183	166	-11.23	-77.46	-3.65	16076.63	-670.26	3381.81	-217.72	135.80	-199.68
142	442	401	176	150	184	167	-11.32	-77.46	-3.63	16075.00	-665.55	3378.92	-228.28	135.81	-211.25
141	442	401	176	151	185	166	-11.09	-77.37	-3.62	16067.85	-661.67	3394.77	-197.57	140.42	-207.49
142	441	401	177	150	184	166	-10.54	-77.30	-3.52	16058.46	-635.59	3407.83	-178.29	148.80	-206.86
142	442	400	177	150	183	166	-10.16	-77.28	-3.47	16057.73	-619.81	3410.24	-179.07	148.86	-211.77
141	443	401	177	151	182	166	-10.19	-77.30	-3.45	16053.05	-615.22	3412.13	-170.82	139.97	-219.38
142	443	400	177	151	184	165	-9.88	-77.37	-3.39	16057.00	-597.86	3405.12	-181.88	138.22	-234.16
142	443	400	177	151	184	167	-9.98	-77.37	-3.39	16052.15	-598.97	3407.27	-175.08	137.56	-237.70
142	443	400	177	152	184	166	-9.21	-77.35	-3.26	16033.34	-562.62	3418.90	-155.48	135.93	-233.97
143	443	400	177	152	183	166	-8.58	-77.32	-3.18	16007.27	-537.89	3436.56	-138.91	110.78	-221.52
142	443	400	177	152	184	166	-7.99	-77.25	-3.10	15974.91	-513.39	3459.93	-124.86	87.14	-199.94
142	443	400	178	152	184	165	-7.15	-77.15	-2.96	15943.96	-474.52	3497.33	-103.27	57.59	-164.90
142	443	400	177	152	183	166	-6.85	-77.24	-2.89	15920.56	-455.80	3517.67	-92.95	-1.14	-123.20