154	452	347	152	105	177	160	-75.13	-37.42	-53.56	9723.01	-12383.26	3299.82	-264.46	-356.91	62.11
154	452	347	152	105	177	161	-75.40	-37.56	-53.51	9749.26	-12397.50	3274.43	-295.09	-375.27	51.06
154	453	348	152	104	177	161	-75.78	-37.69	-53.41	9810.99	-12432.82	3239.91	-314.13	-359.21	45.30
154	452	348	152	105	177	160	-76.09	-37.76	-53.32	9878.24	-12479.18	3202.71	-314.53	-328.64	37.69
154	453	347	152	106	177	161	-76.35	-37.63	-53.29	9920.53	-12521.62	3160.58	-299.55	-264.21	35.70
154	453	348	152	105	178	161	-76.54	-37.30	-53.35	9923.70	-12556.34	3143.95	-299.27	-183.20	14.92
155	453	348	152	106	178	161	-76.56	-36.91	-53.51	9894.12	-12591.92	3150.55	-304.41	-123.99	-9.38
154	453	348	152	106	176	161	-76.12	-36.55	-53.67	9852.81	-12609.53	3194.82	-245.84	-77.39	2.59
154	453	348	152	106	178	161	-75.64	-36.36	-53.78	9806.97	-12598.45	3245.48	-198.10	-56.47	16.36
154	453	348	152	106	178	161	-75.57	-36.27	-53.85	9787.02	-12607.13	3273.01	-211.64	-50.90	3.54
154	453	348	153	106	178	161	-75.51	-36.20	-53.93	9785.07	-12640.77	3276.96	-178.01	-44.10	4.97
154	453	348	153	105	177	161	-75.36	-36.24	-53.92	9790.22	-12646.33	3273.51	-118.56	-38.40	13.12
154	454	349	153	106	177	161	-75.24	-36.42	-53.87	9806.51	-12640.82	3283.43	-90.83	-37.98	2.66
154	454	348	153	106	178	161	-75.24	-36.56	-53.78	9835.58	-12641.57	3271.66	-63.44	-32.68	-9.72
154	453	349	153	105	177	161	-75.22	-36.57	-53.73	9858.60	-12648.70	3261.68	-28.27	-4.55	-16.68
154	453	349	153	106	176	161	-75.04	-36.54	-53.67	9871.07	-12637.46	3258.99	29.30	37.13	-12.90
154	453	349	153	107	177	161	-74.99	-36.63	-53.58	9885.52	-12612.99	3251.04	49.28	52.92	-43.51
153	453	349	153	106	178	161	-75.00	-36.55	-53.56	9889.84	-12606.34	3260.69	24.42	86.53	-84.88
154	454	349	153	107	177	161	-74.76	-36.41	-53.59	9874.55	-12603.22	3283.46	62.10	115.20	-93.24
154	454	349	153	107	177	161	-74.59	-36.55	-53.51	9875.02	-12567.06	3284.29	102.09	117.29	-99.32
154	453	349	153	107	178	161	-74.62	-36.71	-53.40	9892.87	-12538.91	3284.67	86.39	117.98	-129.81
154	454	349	153	107	177	161	-74.71	-36.87	-53.30	9914.03	-12519.36	3278.44	67.57	123.98	-162.82
154	454	349	154	107	177	162	-74.72	-36.89	-53.22	9930.33	-12502.19	3290.92	45.34	150.58	-172.18
154	454	349	153	107	178	161	-74.62	-36.94	-53.17	9944.81	-12501.08	3302.97	60.92	154.90	-159.82
155	454	349	154	107	177	161	-74.64	-37.00	-53.14	9954.77	-12498.03	3306.62	57.03	156.36	-145.83
154	454	349	154	107	178	161	-74.88	-36.90	-53.17	9959.43	-12517.73	3285.29	27.13	177.69	-157.19
154	454	350	154	108	177	161	-75.05	-36.81	-53.15	9978.46	-12534.64	3276.23	16.27	214.75	-162.88
155	455	351	155	109	177	160	-74.94	-36.76	-53.16	9986.94	-12551.11	3292.81	39.11	227.82	-151.28
154	455	351	155	110	178	161	-74.75	-36.57	-53.14	9981.39	-12534.95	3305.37	67.20	288.42	-137.62
151	455	352	155	110	178	161	-74.81	-36.42	-53.16	9973.12	-12531.80	3322.90	37.49	325.35	-154.14
151	456	352	155	111	177	161	-74.56	-36.38	-53.19	9960.47	-12531.61	3360.96	40.97	323.34	-153.73
150	456	353	156	110	177	161	-74.20	-36.52	-53.19	9950.04	-12516.03	3397.91	64.12	282.67	-135.29
150	456	353	155	111	178	161	-73.95	-36.69	-53.14	9940.54	-12480.63	3426.62	77.11	251.34	-115.08
150	456	352	155	111	177	161	-73.97	-36.82	-53.11	9943.91	-12467.40	3425.88	62.86	226.82	-104.48
150	456	353	155	111	177	160	-74.01	-36.97	-53.05	9959.32	-12463.63	3425.59	50.86	209.43	-88.55
150	456	352	156	111	176	161	-73.95	-37.09	-53.00	9973.35	-12459.05	3436.71	65.17	197.01	-57.27
150	456	353	156	111	178	161	-73.86	-37.15	-52.98	9983.08	-12463.29	3456.28	67.31	181.71	-37.11
151	456	353	156	111	178	161	-73.82	-37.19	-52.96	9994.33	-12468.93	3475.66	62.20	169.57	-27.35
151	456	353	156	111	177	161	-73.75	-37.18	-52.95	9997.41	-12466.88	3491.08	68.89	172.39	-6.19
151	456	353	156	112	177	161	-73.68	-37.21	-52.95	9996.34	-12467.74	3506.32	72.54	161.32	4.92
151	456	353	156	111	178	161	-73.67	-37.22	-52.95	9998.32	-12468.95	3515.01	66.26	155.46	10.28
151	457	353	156	111	177	161	-73.70	-37.23	-52.96	10002.61	-12481.30	3524.06	60.90	149.43	15.36
151	456	354	156	111	179	161	-73.73	-37.23	-52.96	10007.88	-12486.24	3521.45	61.96	155.11	18.49
151	456	354	156	110	177	161	-73.71	-37.23	-52.93	10015.68	-12481.73	3529.78	58.36	166.56	17.57
151	456	353	156	111	178	161	-73.64	-37.20	-52.90	10018.70	-12472.24	3546.29	51.59	180.43	14.34
151	456	353	156	112	178	161	-73.59	-37.12	-52.90	10014.36	-12467.23	3561.18	45.76	199.76	23.42
151	456	353	156	112	177	161	-73.51	-37.06	-52.92	10007.05	-12464.86	3581.52	41.27	206.02	30.35
151	456	353	156	112	178	161	-73.41	-36.97	-52.97	9992.69	-12472.62	3605.64	39.66	206.27	34.09
151	456	353	157	111	178	161	-73.44	-36.92	-53.00	9981.66	-12471.39	3607.76	32.08	208.65	31.88
151	456	353	155	111	177	161	-73.45	-36.85	-53.05	9968.17	-12477.42	3614.57	31.72	207.07	33.39
150	457	354	156	111	177	161	-73.45	-36.83	-53.10	9951.77	-12477.75	3624.44	29.89	202.17	34.82
152	456	354	155	112	177	162	-73.49	-36.83	-53.12	9945.78	-12478.06	3629.82	17.39	195.86	26.33
151	456	354	156	111	178	162	-73.52	-36.65	-53.23	9929.89	-12509.76	3638.93	18.47	209.52	21.41
150	457	354	156	111	179	162	-73.43	-36.53	-53.28	9924.59	-12525.07	3650.18	37.45	228.94	20.74
151	456	353	157	111	177	162	-73.27	-36.55	-53.28	9934.56	-12537.02	3673.47	56.73	223.39	7.30
152	457	354	156	112	176	162	-73.32	-36.60	-53.22	9951.04	-12533.77	3662.20	54.59	229.77	-26.96
152	457	353	156	110	176	161	-73.26	-36.65	-53.18	9958.28	-12521.88	3666.29	63.66	240.84	-31.66
152	457	354	156	112	177	161	-73.02	-36.88	-53.06	9959.77	-12467.98	3682.38	88.03	221.09	-21.53
152	457	354	156	112	177	162	-72.92	-37.16	-52.96	9957.18	-12420.78	3705.26	56.48	180.34	-32.40
152	457	354	157	112	177	161	-73.11	-37.31	-52.91	9966.32	-12406.54	3716.79	-7.30	148.52	-61.43
152	457	354	157	112	178	162	-73.25	-37.33	-52.88	9983.81	-12415.22	3719.75	-33.98	153.95	-63.81
152	457	354	157	113	177	162	-73.45	-37.37	-52.78	10006.82	-12400.86	3700.97	-51.88	179.05	-51.02
153	457	354	156	113	177	161	-73.64	-37.22	-52.81	10011.48	-12422.41	3688.12	-71.59	210.05	-23.82
153	457	354	157	112	177	162	-73.71	-37.09	-52.87	10000.90	-12434.09	3686.11	-82.81	219.14	-8.13
153	457	355	157	112	177	161	-73.82	-36.88	-53.01	9975.66	-12464.39	3681.21	-107.37	223.54	-6.22
153	457	355	157	112	177	161	-73.74	-36.65	-53.14	9949.27	-12494.17	3682.55	-70.50	236.91	17.24
153	457	354	157	113	177	161	-73.56	-36.60	-53.19	9937.01	-12498.86	3702.62	-50.68	229.76	30.88
153	458	354	157	112	177	162	-73.44	-36.63	-53.17	9927.76	-12478.92	3721.89	-58.99	224.43	27.38
153	458	354	157	112	178	162	-73.39	-36.74	-53.17	9925.77	-12472.77	3730.59	-59.34	198.21	28.16
153	458	354	157	113	179	161	-73.44	-36.88	-53.10	9942.48	-12463.53	3721.06	-60.68	186.34	37.55
153	457	355	157	113	177	162	-73.49	-36.95	-53.06	9962.16	-12472.15	3710.01	-55.69	181.98	38.98
153	457	354	158	114	177	161	-73.48	-36.95	-53.05	9973.65	-12484.55	3712.11	-47.01	184.48	37.53
153	457	355	157	113	177	162	-73.31	-36.86	-53.12	9959.37	-12494.72	3737.50	-31.16	181.10	39.05
153	457	355	157	113	179	161	-73.30	-36.92	-53.09	9960.20	-12483.18	3741.23	-30.30	174.45	21.60
153	457	355	157	113	177	162	-73.34	-36.99	-53.04	9970.79	-12472.22	3735.57	-29.73	176.13	14.97
154	458	355	157	113	177	162	-73.38	-37.00	-52.99	9983.45	-12468.21	3723.59	-31.75	188.82	12.72
154	458	354	157	113	178	162	-73.24	-36.91	-53.05	9970.88	-12477.00	3737.41	-15.56	193.38	23.43
154	458	355	157	113	178	161	-73.20	-36.88	-53.04	9962.93	-12464.75	3751.94	-16.98	193.66	17.56
154	458	354	157	113	178	162	-73.23	-36.83	-53.07	9954.38	-12466.31	3748.74	-28.53	197.43	13.13
154	458	355	157	113	177	162	-73.09	-36.77	-53.13	9932.46	-12463.20	3758.10	-15.51	197.41	21.13
154	458	355	157	113	178	162	-73.06	-36.78	-53.14	9924.04	-12459.44	3761.00	-21.48	190.54	13.22
154	458	354	158	112	177	163	-73.10	-36.80	-53.17	9911.24	-12453.67	3770.75	-40.01	185.76	8.41
154	458	355	157	112	177	161	-73.12	-36.85	-53.16	9909.68	-12447.78	3785.21	-54.46	169.37	5.89
155	458	355	157	113	177	163	-73.14	-36.89	-53.17	9905.19	-12449.99	3780.55	-49.83	153.90	3.80
155	458	355	158	114	177	162	-73.34	-36.82	-53.10	9922.93	-12437.49	3760.72	-62.29	207.66	-23.34
154	458	354	157	113	176	162	-73.48	-36.53	-53.19	9920.99	-12478.82	3767.69	-92.33	252.82	-39.83
154	459	355	157	113	174	161	-73.46	-36.53	-53.17	9950.74	-12506.08	3753.10	-52.96	268.73	-59.64
154	459	354	157	113	174	161	-73.58	-36.55	-53.14	9964.80	-12510.37	3749.65	-83.11	278.50	-67.60
154	459	355	158	113	175	161	-73.50	-36.57	-53.10	9972.16	-12502.65	3744.97	-50.61	284.97	-63.92
154	459	354	157	113	175	161	-73.18	-36.51	-53.15	9939.35	-12484.72	3783.12	-34.68	284.57	-64.93
154	459	356	157	114	175	162	-73.05	-36.61	-53.15	9920.98	-12460.69	3803.16	-44.09	249.89	-89.03
154	459	355	157	113	175	162	-73.15	-36.80	-53.15	9922.93	-12462.65	3804.20	-62.29	209.05	-99.28
154	459	355	157	113	176	160	-73.10	-36.94	-53.11	9929.59	-12451.32	3789.79	-35.37	189.65	-79.67
154	459	355	158	114	176	161	-73.10	-37.07	-53.07	9930.11	-12435.75	3789.10	-32.46	166.71	-76.28
154	459	355	158	113	176	161	-73.35	-37.21	-53.01	9950.20	-12433.96	3769.05	-69.18	154.13	-94.82
154	459	356	158	112	176	161	-73.36	-37.16	-53.04	9945.49	-12440.87	3771.00	-80.72	155.02	-83.48
153	459	355	158	114	177	161	-73.12	-37.15	-53.10	9916.02	-12429.62	3791.65	-69.39	129.57	-64.75
154	459	356	157	113	177	161	-73.10	-37.16	-53.13	9904.62	-12428.74	3815.86	-90.12	104.94	-59.37
154	459	355	158	113	177	162	-73.00	-37.17	-53.18	9888.79	-12430.90	3833.27	-89.56	75.00	-34.85
154	459	355	157	114	177	162	-72.96	-37.23	-53.23	9875.75	-12437.16	3839.81	-82.58	34.85	-19.86
153	459	355	157	113	177	162	-73.25	-37.36	-53.25	9879.96	-12451.70	3812.62	-104.15	-5.35	-24.71
153	459	355	158	114	177	162	-73.55	-37.44	-53.30	9886.96	-12482.31	3782.79	-124.90	-40.53	-39.68
153	459	355	158	114	176	161	-73.56	-37.31	-53.41	9895.01	-12546.20	3766.05	-86.90	-48.05	-47.99
153	458	356	157	113	177	161	-73.29	-37.21	-53.42	9909.66	-12568.09	3760.34	3.49	-25.20	-52.99
153	459	355	157	113	176	161	-72.82	-37.08	-53.50	9910.58	-12607.68	3786.93	106.17	-28.69	-24.59
154	459	356	157	113	176	162	-72.10	-37.12	-53.47	9911.25	-12595.30	3811.78	270.61	-27.41	0.04
155	459	355	158	113	175	162	-71.75	-37.23	-53.34	9912.29	-12537.93	3823.39	342.03	-11.79	-2.87
155	460	355	158	113	175	161	-71.85	-37.38	-53.25	9924.47	-12510.44	3808.02	334.63	-12.10	-47.47
155	460	355	158	114	173	161	-72.32	-37.90	-53.01	9978.65	-12472.72	3769.22	260.45	-60.69	-107.65
155	460	356	158	114	173	161	-72.68	-38.22	-52.82	10028.72	-12449.48	3726.36	220.42	-75.21	-128.32
156	460	356	158	113	174	160	-72.61	-38.41	-52.60	10071.08	-12402.21	3711.84	242.70	-48.25	-97.85
155	460	356	158	114	175	161	-72.68	-38.47	-52.49	10094.33	-12383.10	3720.05	201.57	-30.93	-74.01
155	460	356	158	114	177	161	-72.49	-38.33	-52.51	10081.81	-12375.94	3739.45	219.04	-14.34	-36.66
155	460	356	158	113	176	162	-72.53	-38.24	-52.48	10074.32	-12351.74	3743.87	185.94	3.28	-27.17
155	460	355	158	113	177	162	-72.55	-38.12	-52.49	10063.40	-12343.76	3761.88	137.39	19.12	-27.72
155	460	356	158	114	177	161	-72.77	-38.23	-52.44	10071.03	-12329.57	3750.59	79.82	10.91	-40.13
155	460	355	157	113	177	161	-73.08	-38.23	-52.40	10075.88	-12314.69	3730.26	33.38	26.46	-46.62
154	460	355	158	113	177	162	-73.21	-38.01	-52.42	10068.49	-12316.16	3729.34	3.01	75.94	-31.84
154	460	356	158	114	177	162	-73.29	-37.88	-52.45	10066.46	-12326.75	3741.88	-27.29	100.29	-34.80
154	460	356	158	113	178	161	-73.48	-37.89	-52.44	10072.54	-12331.01	3740.78	-74.03	96.63	-48.11
154	460	356	158	114	178	162	-73.61	-37.90	-52.38	10090.11	-12328.86	3725.94	-87.72	116.65	-45.65
154	460	356	158	113	176	162	-73.53	-37.80	-52.31	10109.01	-12320.42	3721.25	-82.14	165.32	-16.42
154	460	356	157	113	177	162	-73.53	-37.75	-52.25	10120.36	-12305.40	3736.78	-118.08	197.30	-14.45
154	460	356	158	114	178	161	-73.70	-37.64	-52.26	10132.54	-12325.53	3741.75	-163.13	215.68	-4.68
154	460	356	158	114	178	162	-73.54	-37.31	-52.40	10115.71	-12367.45	3757.66	-134.87	255.60	35.06
155	460	356	158	114	177	162	-73.60	-37.11	-52.45	10109.73	-12385.88	3762.17	-143.38	297.97	7.35
155	460	356	158	114	178	162	-73.74	-36.88	-52.54	10113.84	-12430.58	3755.07	-152.81	335.12	-32.36
155	460	357	158	113	178	161	-73.62	-36.66	-52.58	10105.55	-12440.65	3747.71	-103.27	381.77	-53.45
156	460	356	158	113	177	162	-73.51	-36.48	-52.64	10081.27	-12434.82	3754.13	-85.55	408.23	-84.47
155	460	357	158	114	178	162	-73.44	-36.37	-52.65	10068.41	-12420.08	3753.42	-75.53	442.67	-109.10
155	461	356	157	113	178	162	-73.19	-36.35	-52.61	10061.59	-12394.87	3763.95	-44.85	466.28	-113.70
155	461	357	158	113	177	161	-73.01	-36.39	-52.58	10052.31	-12366.13	3772.75	-19.66	472.62	-94.21
156	461	356	158	115	177	161	-72.81	-36.37	-52.56	10045.89	-12349.02	3786.91	5.28	486.09	-75.35
156	461	356	158	113	178	161	-72.72	-36.42	-52.54	10039.40	-12333.77	3803.57	-4.04	477.53	-53.18
156	461	357	159	114	178	161	-72.55	-36.43	-52.54	10034.03	-12325.08	3821.79	11.66	474.96	-21.47
156	461	356	159	114	177	162	-72.42	-36.32	-52.57	10026.33	-12332.83	3847.70	20.93	481.96	5.20
156	460	356	158	114	177	162	-72.23	-36.23	-52.62	10018.01	-12344.79	3876.71	35.38	486.01	36.69
156	461	357	158	114	177	162	-72.18	-36.19	-52.68	10009.11	-12360.15	3882.68	53.31	481.51	57.21
155	461	357	159	113	179	161	-72.03	-36.10	-52.72	9996.65	-12361.14	3908.55	59.45	489.88	72.35
156	461	357	158	114	177	162	-71.91	-35.99	-52.80	9972.82	-12363.88	3929.32	73.23	489.89	83.18
156	461	357	158	114	177	162	-71.64	-35.87	-52.86	9949.38	-12362.69	3965.85	96.12	496.80	93.82
156	461	357	158	114	177	162	-71.50	-35.82	-52.93	9940.71	-12384.75	3986.16	123.21	485.31	107.58
155	461	357	158	113	179	162	-71.27	-35.82	-52.98	9928.67	-12390.52	4021.45	154.00	469.19	108.80
156	461	357	158	113	178	163	-71.17	-35.85	-52.96	9924.84	-12375.19	4026.58	167.75	465.78	107.41
156	461	357	158	115	177	162	-70.80	-35.77	-53.01	9899.80	-12364.63	4056.85	211.46	464.89	125.49
156	460	356	159	114	178	163	-70.49	-35.86	-52.99	9880.21	-12332.80	4093.81	228.54	437.40	135.31
154	460	355	158	113	178	163	-70.78	-36.10	-52.93	9902.80	-12333.36	4071.52	194.56	394.13	124.80
152	458	354	158	112	177	162	-70.97	-36.06	-52.95	9902.86	-12343.49	4056.74	199.28	406.87	130.61
151	458	353	157	113	177	162	-70.98	-36.05	-52.95	9897.92	-12335.32	4064.90	185.67	411.38	123.88
150	458	353	157	112	178	162	-70.88	-36.01	-52.99	9880.22	-12328.15	4085.06	183.79	407.96	131.93
150	458	353	158	112	178	163	-70.77	-35.94	-53.06	9851.41	-12322.14	4114.21	169.50	404.91	151.69
147	456	351	157	110	178	162	-70.68	-35.81	-53.18	9816.64	-12331.24	4132.29	159.02	392.72	168.20
146	454	348	155	107	178	162	-70.72	-35.92	-53.24	9805.61	-12348.08	4146.48	140.82	343.83	147.54
144	452	347	155	107	178	162	-70.82	-35.96	-53.27	9801.33	-12353.87	4153.56	112.53	324.59	128.17
143	451	346	154	106	179	162	-70.87	-36.06	-53.27	9809.46	-12364.98	4153.88	110.70	298.06	116.51
140	450	345	153	106	177	162	-70.90	-36.10	-53.27	9802.19	-12355.73	4143.18	115.02	292.96	106.88
137	449	345	153	105	177	162	-70.94	-36.14	-53.27	9794.68	-12345.54	4154.62	84.32	282.76	85.24
134	449	345	153	105	178	162	-70.87	-36.13	-53.30	9776.94	-12336.86	4176.89	66.75	259.47	70.93
131	449	344	152	104	178	163	-70.75	-36.10	-53.34	9760.90	-12330.62	4208.05	50.06	248.25	69.23
130	449	345	152	105	177	162	-70.69	-36.06	-53.37	9747.85	-12328.49	4224.85	48.01	238.03	76.57
128	447	343	152	104	179	162	-70.65	-36.16	-53.39	9742.66	-12329.86	4234.60	33.61	203.13	70.19
127	446	343	152	105	178	162	-70.87	-36.34	-53.39	9754.12	-12347.77	4227.87	8.53	161.23	46.03
125	444	343	151	104	178	162	-70.95	-36.38	-53.38	9765.22	-12356.38	4214.28	9.40	157.01	38.33
123	444	341	151	105	177	162	-70.91	-36.29	-53.44	9759.76	-12375.36	4224.57	18.88	158.11	30.36
122	443	340	150	105	177	161	-70.77	-36.37	-53.41	9765.97	-12370.79	4243.54	31.24	137.91	9.34
120	442	339	149	104	178	162	-70.73	-36.47	-53.38	9764.67	-12357.66	4246.76	27.48	122.21	-6.67
118	442	339	149	104	178	162	-70.66	-36.58	-53.33	9773.24	-12344.37	4251.82	35.00	109.10	-6.39
116	441	338	149	105	177	161	-70.79	-36.58	-53.31	9789.58	-12356.55	4244.23	26.25	110.05	-7.32
115	441	338	149	104	177	162	-70.84	-36.59	-53.28	9804.10	-12362.33	4237.62	28.64	113.69	-5.20
114	439	338	149	105	177	162	-70.78	-36.58	-53.28	9800.09	-12356.61	4241.74	39.41	116.06	-5.09
113	439	338	148	104	177	162	-70.77	-36.64	-53.24	9804.89	-12342.18	4250.25	28.84	116.36	-9.14
112	439	338	149	105	179	162	-70.85	-36.63	-53.22	9811.84	-12344.07	4244.94	17.65	123.64	-4.93
112	439	338	149	105	177	162	-70.86	-36.60	-53.23	9816.25	-12354.66	4242.69	23.31	128.76	5.16
111	440	338	149	105	177	162	-70.90	-36.58	-53.23	9814.84	-12353.73	4239.96	19.35	134.47	0.96
111	440	338	149	105	178	162	-70.87	-36.44	-53.26	9798.70	-12348.45	4250.16	11.18	157.80	-0.34
110	440	338	150	105	177	162	-70.74	-36.39	-53.26	9795.16	-12340.22	4268.85	16.37	168.51	7.08
110	440	339	149	106	177	162	-70.65	-36.40	-53.28	9786.60	-12337.01	4284.21	15.95	153.58	15.77
110	439	339	149	106	176	162	-70.64	-36.41	-53.29	9779.67	-12335.16	4286.80	15.66	147.05	27.83
110	439	339	149	105	176	162	-70.62	-36.38	-53.31	9776.09	-12337.20	4287.06	17.47	151.00	32.09
109	438	339	150	105	178	161	-70.55	-36.41	-53.32	9772.69	-12339.94	4299.70	10.55	137.50	37.94
109	436	338	150	106	176	161	-70.37	-36.42	-53.35	9762.45	-12340.54	4317.12	38.02	116.27	80.64
109	434	338	150	106	176	162	-70.04	-36.47	-53.40	9744.93	-12337.72	4336.26	96.92	87.46	143.71
108	430	337	149	106	177	161	-70.03	-36.60	-53.42	9747.28	-12350.03	4320.05	133.47	46.19	182.42
107	427	336	149	105	176	162	-70.18	-36.71	-53.37	9760.52	-12345.93	4290.25	150.85	40.33	200.00
107	423	335	150	105	177	162	-70.38	-36.70	-53.38	9771.09	-12367.43	4260.74	164.46	43.06	226.30
107	422	335	150	106	176	161	-70.39	-36.67	-53.38	9778.34	-12376.46	4247.90	182.14	48.41	235.84
107	421	335	149	106	176	162	-70.53	-36.58	-53.39	9780.02	-12382.84	4243.30	156.88	68.99	208.69
106	421	335	150	107	177	162	-70.54	-36.41	-53.41	9785.22	-12398.70	4253.14	143.08	103.64	189.21
106	420	335	150	106	177	162	-70.49	-36.23	-53.46	9775.96	-12407.76	4274.68	138.03	129.96	173.70
105	421	334	149	106	176	162	-70.40	-36.02	-53.53	9753.16	-12409.17	4298.15	131.13	156.81	162.36
104	421	335	149	106	177	162	-70.17	-35.76	-53.63	9716.30	-12409.51	4339.64	132.52	179.62	162.45
104	421	335	149	106	176	161	-69.95	-35.69	-53.72	9687.89	-12408.84	4378.46	140.85	169.34	166.77
103	421	334	149	106	176	162	-69.80	-35.81	-53.74	9670.89	-12397.00	4392.13	156.25	120.17	173.64
101	421	334	148	106	176	162	-69.74	-35.90	-53.75	9652.15	-12377.15	4397.33	165.99	86.96	181.95
102	420	334	149	106	176	161	-69.86	-36.05	-53.78	9645.94	-12378.49	4389.66	152.64	47.46	179.56
101	419	333	149	105	177	161	-70.12	-36.26	-53.72	9666.04	-12382.16	4364.38	135.46	22.04	156.33
102	418	333	149	105	176	162	-70.50	-36.34	-53.66	9700.14	-12398.05	4325.96	95.79	24.39	122.16
101	418	334	149	106	177	162	-70.67	-36.28	-53.64	9719.73	-12417.35	4305.86	87.70	54.72	108.00
101	419	333	149	106	177	161	-70.61	-36.16	-53.65	9715.75	-12414.28	4315.97	86.71	86.58	92.80
101	419	333	149	106	176	161	-70.44	-36.01	-53.70	9691.96	-12407.77	4352.57	78.23	99.95	75.16
101	419	333	149	105	176	162	-70.17	-35.86	-53.77	9672.96	-12410.18	4395.14	88.87	111.41	76.55
101	420	334	149	106	177	161	-70.00	-35.79	-53.82	9657.51	-12414.27	4419.18	102.17	110.69	74.83
101	419	333	149	106	177	161	-70.00	-35.86	-53.84	9649.04	-12415.76	4422.02	93.56	88.75	67.09
102	420	333	149	106	177	162	-70.05	-35.98	-53.80	9659.59	-12409.97	4416.32	98.54	75.06	62.68
102	420	333	149	105	176	162	-70.12	-36.02	-53.78	9666.41	-12407.67	4405.71	88.81	72.66	61.95
102	420	333	149	106	176	162	-70.19	-36.04	-53.75	9675.69	-12405.89	4406.62	67.57	79.43	51.00
102	420	334	149	106	177	162	-70.30	-35.96	-53.80	9669.90	-12421.39	4399.89	44.64	88.16	40.35
102	421	333	149	106	177	161	-70.11	-35.83	-53.87	9652.21	-12429.52	4417.50	76.81	94.60	51.03
103	421	334	150	107	177	161	-69.87	-35.72	-53.96	9616.80	-12422.85	4447.02	92.42	93.97	58.58
103	421	333	150	106	176	162	-69.60	-35.70	-54.01	9589.36	-12408.90	4480.67	109.10	69.42	68.25
104	421	334	149	107	175	162	-69.28	-35.66	-54.04	9567.89	-12395.86	4505.84	144.09	59.80	85.49
104	422	334	150	107	175	162	-68.98	-35.84	-53.99	9568.09	-12374.87	4524.75	188.89	25.86	107.66
105	422	335	150	107	176	162	-69.35	-36.22	-53.89	9605.69	-12378.12	4487.71	166.24	-23.38	85.13
105	422	335	150	108	175	162	-69.77	-36.41	-53.78	9657.80	-12395.22	4444.72	130.13	-33.11	73.18
105	422	335	150	108	175	162	-70.00	-36.54	-53.70	9696.31	-12412.66	4409.69	139.12	-34.51	77.27
105	422	334	150	108	175	162	-70.12	-36.53	-53.64	9719.50	-12417.22	4393.00	132.27	-12.63	67.15
105	423	334	150	108	175	162	-70.14	-36.31	-53.67	9720.92	-12431.96	4407.95	113.70	34.30	43.35
106	423	334	150	109	174	162	-70.04	-36.07	-53.76	9704.28	-12451.36	4427.95	116.62	62.58	27.88
105	423	334	150	108	174	162	-69.83	-36.00	-53.80	9692.47	-12453.19	4452.16	139.44	66.40	16.53
106	424	335	150	109	175	162	-69.66	-35.95	-53.82	9677.64	-12441.93	4473.75	159.17	73.83	17.76
106	424	335	150	108	175	162	-69.60	-35.95	-53.83	9666.96	-12429.44	4478.86	162.71	72.59	5.82
106	424	335	151	110	175	162	-69.62	-35.92	-53.80	9665.61	-12418.17	4479.32	152.77	85.86	-3.77
106	424	335	151	108	175	162	-69.50	-35.92	-53.74	9660.13	-12382.86	4486.15	167.48	99.12	11.87
105	424	335	151	109	175	162	-69.46	-36.06	-53.68	9663.12	-12356.51	4498.64	144.91	81.81	10.27
106	425	336	151	109	175	162	-69.59	-36.15	-53.63	9675.97	-12353.09	4493.51	108.11	77.47	7.91
106	425	336	151	108	176	163	-69.73	-36.13	-53.66	9690.57	-12386.03	4483.44	105.31	78.75	11.61
106	425	336	151	108	175	162	-69.80	-36.05	-53.68	9694.44	-12400.53	4470.46	102.99	97.91	4.43
106	426	335	151	109	175	162	-69.84	-35.96	-53.74	9687.52	-12421.11	4487.34	87.54	98.17	-22.64
106	426	337	151	108	175	162	-69.70	-35.94	-53.82	9676.94	-12442.85	4501.97	116.97	72.81	-37.66
106	427	337	151	109	176	162	-69.50	-36.13	-53.68	9705.50	-12413.91	4505.67	152.97	75.52	-28.32
106	428	337	151	110	175	161	-69.33	-36.22	-53.61	9713.42	-12391.81	4522.39	162.97	68.39	-29.46
107	428	338	152	110	175	162	-69.16	-36.27	-53.54	9711.75	-12356.42	4541.67	164.82	68.87	-40.48
108	430	339	152	111	176	162	-69.09	-36.30	-53.50	9701.16	-12324.40	4560.59	131.13	71.88	-55.81
109	430	340	153	111	176	162	-69.14	-36.42	-53.42	9719.70	-12314.58	4572.36	97.02	63.73	-49.62
109	431	340	153	112	175	162	-69.10	-36.41	-53.40	9729.92	-12317.05	4566.14	117.42	79.45	-10.39
110	432	341	153	112	175	162	-69.15	-36.43	-53.33	9750.02	-12314.80	4569.43	107.30	90.38	-4.52
110	433	341	153	112	177	162	-69.23	-36.32	-53.32	9760.32	-12324.06	4557.36	103.04	120.11	6.76
110	433	342	153	111	176	162	-69.01	-36.20	-53.31	9757.10	-12313.05	4571.49	138.68	153.95	34.87
111	434	342	153	112	175	162	-69.01	-36.28	-53.26	9758.65	-12290.60	4582.12	117.25	151.80	29.13
111	435	343	153	112	176	163	-69.13	-36.30	-53.27	9759.12	-12299.07	4587.01	82.94	141.21	21.52
110	436	342	153	112	176	161	-69.23	-36.26	-53.27	9763.16	-12306.12	4575.86	84.64	152.25	22.79
111	438	343	154	113	176	162	-69.29	-36.17	-53.29	9759.80	-12309.61	4578.07	64.91	168.34	10.90
111	439	344	153	112	176	161	-69.35	-36.02	-53.37	9741.21	-12319.53	4574.77	61.21	183.67	3.36
112	444	346	154	113	175	162	-69.36	-35.99	-53.43	9727.15	-12328.35	4582.03	54.65	176.14	-11.71
114	449	349	155	115	177	162	-69.28	-36.06	-53.46	9713.59	-12326.74	4588.93	59.07	155.78	-45.92
115	452	352	156	117	177	162	-69.38	-35.96	-53.49	9703.91	-12322.80	4586.88	40.27	172.74	-81.03
115	454	352	156	117	176	161	-69.41	-36.00	-53.47	9709.92	-12321.46	4597.14	11.65	173.91	-112.23
116	456	354	156	117	176	161	-69.45	-36.06	-53.43	9725.82	-12327.39	4590.28	12.57	163.71	-131.67
116	457	354	156	117	176	162	-69.32	-36.08	-53.36	9729.33	-12299.42	4604.36	8.59	184.28	-134.93
116	457	354	157	118	177	162	-69.42	-36.09	-53.30	9727.86	-12270.45	4612.75	-36.59	202.11	-159.79
116	457	354	157	117	176	162	-69.48	-36.00	-53.34	9721.67	-12280.12	4625.31	-72.56	212.11	-166.30
116	458	355	157	118	176	163	-69.42	-35.93	-53.31	9718.99	-12261.92	4643.64	-85.88	233.10	-160.43
116	459	354	157	117	176	162	-69.37	-35.78	-53.35	9710.04	-12267.62	4674.46	-113.44	249.25	-154.76
115	459	355	157	118	176	162	-69.29	-35.90	-53.33	9716.14	-12270.24	4693.34	-117.61	214.83	-154.07
116	459	355	156	118	175	162	-69.41	-35.96	-53.36	9712.13	-12276.93	4697.27	-158.48	190.04	-185.17
116	459	355	157	119	176	163	-69.62	-36.10	-53.40	9709.52	-12289.08	4697.41	-200.81	150.04	-216.76
116	459	354	157	118	176	163	-69.95	-36.36	-53.36	9729.65	-12297.23	4668.34	-250.82	98.74	-248.27
116	459	355	156	118	176	162	-70.43	-36.62	-53.23	9776.56	-12301.57	4611.52	-293.93	75.25	-278.71
116	459	355	157	118	176	163	-70.86	-36.88	-53.05	9832.74	-12292.09	4552.74	-318.33	82.24	-285.62
116	459	355	157	118	177	163	-71.04	-36.96	-52.88	9878.70	-12278.28	4510.31	-319.82	127.73	-259.24
116	459	355	157	118	178	163	-70.75	-36.83	-52.86	9880.76	-12269.37	4526.39	-274.82	171.49	-211.23
116	459	356	157	118	175	163	-70.68	-36.65	-52.92	9855.73	-12267.10	4550.07	-296.48	184.07	-202.47
118	459	355	157	118	176	163	-70.84	-36.61	-52.98	9847.54	-12281.75	4539.77	-321.76	174.76	-205.14
118	459	355	157	119	176	162	-70.80	-36.66	-52.98	9845.16	-12281.66	4537.58	-299.47	162.07	-195.14
119	459	356	157	119	177	163	-70.67	-36.69	-52.97	9851.70	-12281.58	4530.90	-273.95	147.22	-178.53
119	459	355	157	119	176	162	-70.55	-36.91	-52.89	9857.92	-12255.50	4516.36	-227.65	121.46	-154.00
119	459	356	157	118	178	163	-70.79	-37.16	-52.77	9881.82	-12233.32	4479.94	-250.52	100.64	-166.35
119	459	355	156	118	177	164	-70.93	-37.20	-52.71	9909.53	-12238.25	4436.14	-246.39	113.35	-153.39
119	459	355	157	119	177	162	-70.87	-37.11	-52.64	9915.85	-12215.94	4427.73	-244.52	149.94	-133.27
120	459	355	156	118	177	163	-70.98	-36.99	-52.67	9916.06	-12233.14	4430.35	-284.60	170.09	-143.30
121	459	356	157	118	178	163	-71.05	-36.77	-52.73	9905.86	-12246.49	4422.43	-285.77	208.64	-141.94
120	459	356	157	118	177	162	-70.92	-36.58	-52.78	9899.16	-12260.36	4425.71	-263.18	250.55	-118.59
121	459	356	157	118	177	163	-70.83	-36.40	-52.82	9894.61	-12272.94	4450.42	-276.32	272.78	-132.91
121	459	355	157	119	177	163	-70.87	-36.36	-52.89	9874.68	-12276.70	4437.70	-273.25	260.94	-139.57
122	459	356	156	118	177	162	-70.85	-36.35	-52.84	9871.94	-12249.86	4434.22	-276.94	283.69	-143.74
122	459	356	157	118	176	162	-70.81	-36.37	-52.88	9863.94	-12256.57	4430.11	-251.04	269.61	-115.60
122	459	355	157	119	177	163	-70.73	-36.40	-52.85	9863.15	-12244.94	4407.80	-206.14	272.43	-88.47
123	460	356	157	119	177	163	-70.69	-36.41	-52.86	9870.79	-12256.29	4418.21	-205.33	268.65	-83.20
123	459	356	157	120	176	162	-70.53	-36.38	-52.89	9877.45	-12282.68	4417.50	-151.22	269.92	-71.84
124	460	357	156	120	176	162	-70.25	-36.46	-52.87	9883.78	-12279.75	4423.22	-84.56	257.23	-37.00
124	460	357	157	121	176	162	-70.06	-36.39	-52.88	9877.99	-12278.76	4434.86	-47.08	263.96	-26.40
124	460	358	158	121	177	162	-69.95	-36.30	-52.91	9859.09	-12268.82	4461.72	-68.82	264.17	-51.38
124	460	358	158	121	176	162	-69.91	-36.34	-52.96	9849.54	-12274.58	4467.03	-56.58	248.96	-61.66
125	460	358	157	120	176	162	-69.95	-36.38	-52.96	9858.86	-12285.25	4461.88	-49.45	241.46	-58.67
125	460	358	157	121	177	163	-70.00	-36.40	-52.96	9859.51	-12291.59	4444.39	-29.08	238.09	-70.34
126	461	358	157	121	177	162	-70.00	-36.47	-52.92	9873.34	-12289.61	4445.97	-28.63	237.93	-80.32
126	461	358	157	121	176	163	-69.81	-36.56	-52.88	9881.27	-12283.33	4456.27	-1.85	229.04	-76.01
126	461	358	158	121	176	163	-69.71	-36.54	-52.83	9892.41	-12274.16	4447.06	32.90	249.83	-85.66
125	462	359	157	122	175	163	-69.52	-36.42	-52.69	9919.79	-12245.85	4444.10	84.65	339.94	-106.12
126	466	359	158	122	173	163	-69.46	-36.28	-52.62	9933.20	-12229.56	4451.30	77.52	408.25	-137.62
126	468	360	158	124	172	163	-69.35	-36.27	-52.61	9939.14	-12237.48	4484.93	68.74	402.88	-163.84
125	468	361	158	123	173	164	-68.87	-36.38	-52.64	9930.38	-12236.81	4520.09	141.16	354.79	-119.80
126	468	360	158	124	174	164	-68.36	-36.42	-52.66	9910.66	-12220.77	4548.88	236.45	323.35	-85.56
126	468	360	158	125	175	164	-68.30	-36.50	-52.64	9902.53	-12199.53	4577.04	207.33	301.63	-108.13
126	468	361	158	124	174	164	-68.27	-36.60	-52.58	9913.20	-12186.75	4581.99	199.81	284.30	-111.97
127	468	361	158	124	174	164	-68.28	-36.76	-52.49	9916.74	-12148.81	4587.09	174.37	272.29	-104.27
127	468	360	158	124	175	163	-68.39	-36.90	-52.43	9918.70	-12126.57	4595.13	134.00	247.77	-112.21
127	468	361	159	124	175	163	-68.30	-36.90	-52.38	9913.97	-12099.65	4638.58	80.55	247.03	-121.80
127	469	361	158	124	174	163	-68.35	-36.92	-52.40	9899.27	-12089.26	4664.65	28.47	223.38	-115.26
128	469	361	158	124	175	163	-68.58	-36.93	-52.37	9912.71	-12090.60	4653.01	-16.55	226.36	-114.25
129	470	362	158	124	174	163	-69.07	-36.84	-52.42	9925.87	-12129.47	4634.36	-89.17	237.99	-123.03
128	470	361	158	124	175	164	-69.40	-36.72	-52.51	9927.78	-12171.20	4617.85	-129.11	245.04	-153.93
128	470	361	158	125	175	164	-69.31	-36.58	-52.62	9908.59	-12199.84	4644.15	-124.61	231.49	-160.54
128	470	361	159	125	175	164	-69.17	-36.73	-52.59	9903.96	-12180.84	4659.15	-113.18	200.32	-172.61
128	470	361	159	125	176	164	-69.15	-36.82	-52.53	9910.16	-12159.20	4657.59	-109.92	191.85	-177.18
128	471	362	159	125	175	163	-69.26	-37.03	-52.42	9941.05	-12152.84	4650.31	-109.67	174.71	-179.52
129	470	362	159	125	176	165	-69.37	-37.16	-52.30	9966.60	-12128.60	4634.79	-127.84	188.22	-180.39
129	470	361	159	125	176	163	-69.44	-36.98	-52.32	9964.27	-12135.37	4632.65	-144.95	224.46	-175.92
129	471	361	159	125	174	164	-69.35	-36.93	-52.38	9948.06	-12142.00	4649.62	-142.45	220.34	-158.43
130	471	361	158	125	175	164	-69.36	-37.02	-52.40	9935.05	-12134.50	4658.94	-151.13	186.27	-151.96
129	471	362	159	125	175	164	-69.46	-37.14	-52.37	9944.50	-12132.98	4643.99	-156.22	167.61	-157.76
128	471	361	158	124	175	164	-69.59	-37.16	-52.31	9955.28	-12119.13	4630.79	-182.26	180.83	-154.37
129	471	362	159	125	175	164	-69.50	-37.09	-52.31	9952.11	-12116.17	4637.25	-165.95	192.89	-137.05
129	471	362	158	125	175	164	-69.53	-37.16	-52.26	9950.71	-12090.16	4634.99	-193.30	193.64	-132.20
129	472	363	159	125	175	164	-70.03	-37.19	-52.26	9951.57	-12092.65	4613.04	-294.49	189.36	-174.89
129	472	363	159	125	174	164	-70.38	-37.11	-52.30	9957.59	-12117.62	4599.39	-356.41	199.24	-201.29
129	472	362	158	124	174	164	-70.29	-37.28	-52.24	9970.11	-12108.54	4585.82	-319.99	182.08	-183.83
129	472	363	158	125	175	164	-70.29	-37.39	-52.20	9992.61	-12116.31	4570.53	-291.74	174.73	-147.84
129	473	363	159	125	175	165	-70.23	-37.45	-52.11	10010.18	-12099.10	4559.80	-270.65	189.99	-114.65
129	473	362	159	125	174	163	-70.44	-37.40	-52.15	10011.67	-12120.14	4556.81	-315.87	187.34	-143.66
129	473	363	158	125	176	164	-70.43	-37.35	-52.19	10010.68	-12135.94	4556.77	-303.73	189.57	-146.23
129	473	362	158	125	175	164	-70.34	-37.36	-52.11	10021.55	-12114.14	4545.13	-277.89	206.09	-141.77
129	473	363	159	125	174	164	-70.44	-37.24	-52.15	10015.67	-12124.63	4540.27	-285.10	223.79	-150.83
129	473	363	158	125	175	164	-70.41	-37.23	-52.15	10008.69	-12117.60	4541.46	-283.54	231.25	-151.29
129	473	362	159	124	175	164	-70.35	-37.36	-52.05	10015.65	-12082.12	4532.19	-282.96	234.74	-145.02
130	473	363	158	124	175	165	-70.35	-37.46	-52.01	10025.07	-12074.61	4525.18	-285.52	225.90	-137.37
129	473	364	159	124	175	164	-70.57	-37.41	-52.04	10016.42	-12076.88	4519.52	-325.99	229.31	-148.21
129	474	363	159	125	176	164	-70.59	-37.40	-52.12	9993.40	-12082.84	4530.34	-346.34	203.29	-138.44
129	474	364	159	125	174	165	-70.81	-37.52	-52.14	9986.93	-12083.30	4496.83	-357.17	166.43	-129.07
129	474	363	159	125	175	164	-71.08	-37.57	-52.19	9992.38	-12113.53	4473.19	-376.02	139.60	-143.22
128	474	363	159	126	176	162	-71.35	-37.54	-52.26	9988.76	-12140.45	4465.73	-406.81	118.72	-171.06
129	473	363	159	125	176	161	-71.29	-37.66	-52.26	9999.52	-12156.03	4439.04	-361.62	86.09	-163.91
129	473	363	158	126	175	159	-71.24	-37.89	-52.17	10026.95	-12148.63	4413.49	-315.29	59.38	-152.56
129	474	364	159	125	175	159	-71.40	-38.03	-52.11	10044.20	-12143.20	4374.61	-311.43	47.11	-158.93
128	474	363	158	125	176	160	-71.36	-38.09	-52.06	10054.99	-12134.24	4363.48	-290.46	48.46	-157.19
128	474	363	159	125	174	161	-71.30	-38.32	-51.93	10080.84	-12109.33	4345.71	-266.03	33.49	-136.38
129	474	363	159	126	175	162	-71.36	-38.56	-51.76	10118.40	-12082.06	4320.82	-258.08	29.56	-117.11
128	474	363	159	126	175	162	-71.52	-38.65	-51.66	10155.28	-12084.16	4298.78	-270.18	43.48	-113.55
128	474	364	159	126	175	163	-71.72	-38.61	-51.62	10181.31	-12102.15	4274.04	-280.92	66.66	-111.57
128	474	363	158	124	175	163	-71.60	-38.41	-51.74	10164.65	-12129.84	4290.54	-267.32	70.38	-97.30
129	475	364	159	125	175	163	-71.39	-38.37	-51.80	10150.21	-12142.35	4296.01	-217.21	49.81	-73.33
128	474	364	159	125	177	163	-71.15	-38.47	-51.72	10143.10	-12096.83	4301.41	-194.55	45.37	-74.46
128	474	364	159	126	176	163	-71.36	-38.64	-51.64	10156.95	-12076.79	4258.94	-210.12	37.30	-89.49
129	474	364	159	126	176	164	-71.78	-38.70	-51.58	10170.50	-12070.95	4209.39	-251.01	46.38	-101.67
129	475	364	159	126	176	164	-71.87	-38.58	-51.65	10165.78	-12095.60	4212.92	-275.96	59.91	-107.88
130	475	364	159	125	177	163	-71.80	-38.51	-51.66	10168.69	-12102.02	4230.08	-288.51	71.32	-112.79
130	476	364	159	126	177	163	-71.70	-38.40	-51.65	10168.45	-12099.32	4252.17	-296.79	90.85	-121.05
130	476	364	158	124	176	164	-71.81	-38.30	-51.66	10174.43	-12108.76	4237.37	-303.10	114.46	-125.15
130	476	365	159	125	177	164	-71.96	-38.29	-51.68	10182.31	-12127.32	4204.10	-285.49	115.79	-100.79
130	477	365	159	125	176	164	-72.03	-38.25	-51.67	10175.19	-12116.55	4185.69	-287.67	129.15	-87.85
129	476	365	159	124	176	164	-72.00	-38.07	-51.73	10163.03	-12127.52	4180.01	-281.44	154.99	-71.96
130	477	364	159	125	177	164	-71.98	-37.87	-51.83	10143.88	-12146.55	4187.41	-282.06	170.29	-51.61
129	476	365	159	125	176	165	-71.88	-37.72	-51.94	10128.29	-12177.42	4196.24	-254.66	170.73	-26.18
130	476	365	159	126	176	164	-71.91	-37.68	-51.98	10133.67	-12200.15	4176.82	-225.33	173.79	-13.27
129	477	365	159	126	177	164	-71.90	-37.84	-51.92	10160.39	-12207.94	4153.38	-179.11	161.10	2.44
130	476	364	159	125	177	164	-71.75	-37.88	-51.87	10167.77	-12192.54	4139.11	-128.46	174.65	24.32
130	476	364	159	124	176	163	-71.52	-37.79	-51.90	10147.98	-12181.92	4158.36	-99.63	180.16	42.75
129	476	365	159	126	176	164	-71.32	-37.66	-51.95	10122.18	-12174.82	4176.24	-71.65	191.36	63.97
130	476	364	159	125	177	164	-71.16	-37.66	-51.98	10111.07	-12171.68	4181.83	-38.92	182.04	82.32
130	476	364	159	125	176	164	-71.12	-37.79	-51.93	10108.12	-12144.70	4178.34	-34.12	169.34	88.00
130	476	365	159	126	177	164	-71.04	-37.87	-51.91	10107.51	-12135.66	4180.22	-26.52	154.72	98.20
130	476	365	160	124	176	164	-71.06	-37.86	-51.91	10107.93	-12134.08	4179.41	-16.74	156.38	119.39
130	476	365	159	126	176	164	-71.04	-37.86	-51.91	10120.54	-12151.97	4179.24	-1.65	154.26	140.27
130	476	365	159	126	176	164	-71.07	-37.81	-51.94	10126.71	-12172.37	4176.48	1.28	152.10	144.01
130	476	364	159	125	175	162	-71.01	-37.68	-52.00	10119.58	-12189.16	4181.85	19.16	161.15	141.01
130	476	365	160	125	176	164	-70.85	-37.56	-52.07	10104.60	-12202.90	4205.56	38.31	164.44	144.96
130	477	365	159	125	176	164	-70.71	-37.52	-52.13	10088.37	-12211.95	4215.08	71.64	156.52	156.11
130	477	365	159	125	176	164	-70.59	-37.54	-52.12	10087.35	-12206.95	4208.53	114.41	154.59	179.95
130	477	364	159	126	176	164	-70.45	-37.52	-52.14	10086.18	-12210.41	4212.70	151.99	157.16	203.56
130	477	365	160	125	175	163	-70.44	-37.44	-52.16	10078.27	-12212.89	4216.47	151.04	169.80	204.88
130	476	365	159	126	176	164	-70.38	-37.33	-52.23	10062.96	-12223.04	4229.64	152.04	179.01	207.74
130	477	365	159	125	175	163	-70.22	-37.23	-52.28	10040.01	-12218.89	4250.16	164.04	179.66	219.25
130	476	365	159	125	175	164	-70.10	-37.17	-52.33	10021.21	-12213.35	4275.65	167.03	168.38	222.04
131	477	365	160	126	175	164	-70.02	-37.17	-52.36	10017.75	-12223.08	4281.87	188.13	158.56	232.38
130	477	365	159	126	176	163	-70.06	-37.17	-52.39	10017.86	-12234.33	4275.58	207.73	156.38	232.37
130	477	365	159	125	175	163	-70.02	-37.15	-52.38	10011.57	-12225.41	4278.80	211.14	165.21	226.30
130	477	365	159	125	176	163	-69.87	-37.10	-52.41	9993.59	-12216.54	4303.26	217.68	165.60	217.28
130	477	365	160	125	175	164	-69.81	-37.07	-52.41	9983.71	-12199.51	4324.49	208.55	169.17	203.92
130	477	365	160	126	176	164	-69.81	-36.97	-52.45	9961.52	-12189.33	4331.07	194.42	181.76	198.67
129	477	364	159	125	175	164	-69.90	-36.85	-52.49	9953.45	-12200.07	4327.32	184.80	202.73	196.24
129	477	365	159	125	174	164	-69.85	-36.68	-52.57	9939.57	-12218.06	4350.15	175.46	215.54	189.63
129	477	365	159	126	175	163	-69.75	-36.60	-52.66	9921.00	-12233.36	4366.64	180.34	208.16	183.15
129	476	364	159	125	176	164	-69.70	-36.58	-52.74	9901.75	-12243.09	4377.31	184.37	181.00	173.74
129	477	364	159	125	174	164	-69.52	-36.54	-52.79	9881.86	-12242.34	4405.44	191.65	166.35	166.60
130	477	364	159	125	175	163	-69.31	-36.60	-52.80	9868.77	-12229.42	4414.37	217.92	146.94	166.87
130	477	365	160	125	176	164	-69.33	-36.77	-52.80	9864.33	-12223.15	4401.25	223.97	107.29	169.48
129	477	365	159	126	175	164	-69.40	-36.94	-52.75	9876.31	-12215.19	4389.99	219.97	86.92	173.10
129	477	365	159	125	175	164	-69.43	-37.06	-52.70	9881.90	-12198.43	4386.29	216.48	75.08	180.15
130	476	365	160	126	176	164	-69.54	-37.19	-52.66	9890.60	-12191.11	4386.78	186.75	59.22	177.04
129	476	365	159	126	175	164	-69.68	-37.20	-52.67	9897.47	-12208.36	4383.64	167.31	52.66	176.99
130	476	365	160	125	176	164	-69.76	-37.18	-52.73	9898.20	-12236.34	4393.06	155.15	42.68	169.59
129	476	365	160	125	175	165	-69.83	-37.14	-52.76	9903.69	-12255.52	4392.80	154.09	39.45	157.36
129	476	365	160	125	176	164	-69.87	-37.11	-52.77	9907.70	-12265.54	4395.16	160.49	44.77	147.54
129	477	365	160	126	176	163	-69.80	-37.09	-52.76	9911.52	-12265.67	4389.80	179.11	51.24	139.51
129	476	364	159	125	176	163	-69.73	-37.07	-52.75	9912.94	-12260.58	4403.31	179.66	58.82	119.14
129	476	365	159	125	175	164	-69.64	-37.05	-52.74	9906.89	-12252.95	4415.95	179.22	62.23	105.43
129	476	365	159	125	174	164	-69.58	-37.04	-52.73	9900.55	-12239.11	4422.55	172.56	67.87	91.31
129	476	365	160	125	176	164	-69.50	-36.98	-52.73	9892.72	-12229.55	4428.22	175.58	79.38	84.75
129	476	365	160	126	176	164	-69.43	-36.94	-52.74	9881.49	-12217.87	4446.21	159.46	83.11	78.46
130	476	365	160	125	175	164	-69.41	-36.93	-52.76	9879.61	-12225.58	4457.50	152.23	78.65	77.73
130	476	364	160	125	175	164	-69.36	-36.87	-52.80	9864.43	-12220.10	4468.43	151.87	77.37	82.70
130	476	365	160	125	175	165	-69.27	-36.82	-52.87	9835.21	-12216.10	4482.80	153.68	59.45	86.41
130	476	365	160	125	176	164	-69.16	-36.92	-52.88	9828.05	-12210.89	4501.26	152.84	25.68	93.04
130	476	365	160	125	175	164	-69.19	-37.13	-52.90	9828.45	-12218.55	4502.40	148.50	-31.70	101.64
130	476	365	160	125	175	164	-69.38	-37.31	-52.83	9848.82	-12217.62	4478.88	148.78	-59.07	103.56
130	476	365	160	125	176	164	-69.60	-37.34	-52.84	9868.98	-12244.14	4454.74	142.89	-62.07	102.73
130	476	364	159	125	176	164	-69.64	-37.40	-52.81	9885.93	-12253.53	4449.00	146.24	-67.61	97.89
130	476	365	159	126	175	164	-69.65	-37.44	-52.79	9891.04	-12254.05	4447.55	147.48	-73.58	94.75
129	477	366	160	126	174	164	-69.62	-37.48	-52.73	9907.08	-12245.35	4450.77	144.01	-63.35	91.01
128	476	365	160	125	176	164	-69.54	-37.48	-52.73	9912.73	-12251.28	4465.43	149.01	-67.74	99.11
129	477	365	160	125	176	164	-69.46	-37.54	-52.70	9918.09	-12248.92	4467.16	168.31	-77.05	110.16
128	477	365	160	124	175	164	-69.47	-37.57	-52.67	9917.59	-12235.27	4473.00	158.49	-74.70	109.80
128	476	365	160	125	175	164	-69.52	-37.57	-52.64	9919.51	-12223.11	4462.15	149.52	-63.91	119.31
128	476	365	160	125	177	164	-69.53	-37.54	-52.63	9917.53	-12213.35	4458.85	140.59	-50.77	128.14
128	477	365	160	125	176	164	-69.60	-37.46	-52.64	9909.66	-12207.29	4461.30	115.11	-34.03	118.04
127	476	365	160	125	176	164	-69.72	-37.31	-52.69	9901.97	-12223.52	4460.64	91.96	-7.03	109.18
127	476	365	160	126	176	164	-69.70	-37.23	-52.71	9907.67	-12240.15	4471.41	91.21	6.23	109.12
127	476	365	160	125	176	164	-69.68	-37.20	-52.72	9914.69	-12250.74	4473.04	96.50	5.36	111.72
127	477	365	159	127	176	164	-69.63	-37.12	-52.72	9916.16	-12255.80	4485.38	95.72	19.60	107.78
127	476	365	159	125	175	164	-69.48	-37.07	-52.74	9908.35	-12252.61	4499.11	100.69	32.07	109.09
127	476	365	159	126	176	163	-69.40	-37.05	-52.75	9896.93	-12243.78	4519.36	105.50	29.66	117.89
127	477	365	159	125	177	164	-69.41	-37.08	-52.73	9890.48	-12226.39	4525.19	97.28	30.23	124.84
128	476	365	159	125	177	164	-69.49	-37.09	-52.74	9881.16	-12220.27	4528.13	79.76	24.07	137.45
127	477	364	160	125	175	164	-69.58	-37.04	-52.78	9873.70	-12224.46	4521.52	68.72	30.46	149.48
128	477	366	160	125	177	164	-69.57	-36.91	-52.84	9859.22	-12232.43	4527.45	54.49	40.79	159.66
128	476	365	160	125	176	164	-69.50	-36.86	-52.86	9852.45	-12235.61	4547.48	49.61	37.30	171.22
128	477	365	160	126	176	164	-69.45	-36.83	-52.92	9834.83	-12237.23	4556.30	49.13	25.64	178.46
128	477	365	160	125	176	164	-69.51	-36.74	-52.97	9823.49	-12246.77	4554.29	43.28	23.30	172.04
128	477	365	160	125	176	164	-69.62	-36.64	-53.02	9819.72	-12265.63	4548.57	41.31	27.34	152.34
128	477	366	160	124	176	164	-69.64	-36.57	-53.06	9821.33	-12283.35	4534.14	62.15	38.27	141.97
127	476	365	160	125	177	163	-69.52	-36.54	-53.07	9815.46	-12279.18	4537.64	80.99	45.86	137.07
127	476	364	160	124	176	164	-69.41	-36.61	-53.03	9813.09	-12261.62	4556.35	78.09	41.82	124.07
127	476	364	160	124	176	164	-69.35	-36.57	-53.06	9802.24	-12260.14	4571.34	73.14	44.48	116.81
126	476	365	160	125	176	164	-69.43	-36.54	-53.07	9801.92	-12262.14	4566.97	61.48	56.75	95.52
125	476	364	160	124	176	164	-69.55	-36.44	-53.12	9796.43	-12280.03	4561.82	49.11	67.11	81.85
124	476	364	160	124	177	163	-69.59	-36.40	-53.14	9793.40	-12285.03	4555.13	50.65	78.76	77.35
123	476	364	159	124	176	165	-69.61	-36.31	-53.18	9779.53	-12283.37	4561.57	42.07	84.87	66.74
121	475	363	159	123	176	164	-69.63	-36.22	-53.21	9766.56	-12280.01	4566.10	22.61	105.53	42.05
119	473	363	159	123	176	164	-69.68	-36.18	-53.23	9763.23	-12284.21	4569.79	1.23	112.95	16.35
118	473	363	159	123	176	164	-69.79	-36.25	-53.22	9763.87	-12279.80	4556.10	-13.33	107.15	16.08
118	473	363	159	123	176	163	-69.71	-36.30	-53.21	9770.67	-12286.01	4560.30	3.99	97.95	22.48
118	473	363	160	123	175	164	-69.79	-36.31	-53.21	9772.74	-12285.70	4557.28	-16.06	102.40	11.95
118	473	363	159	123	176	164	-69.80	-36.33	-53.21	9778.50	-12294.62	4553.42	-9.66	98.38	15.70
118	473	363	160	123	177	164	-69.70	-36.28	-53.21	9774.38	-12290.09	4557.15	5.67	112.21	34.62
117	473	363	159	123	176	164	-69.67	-36.23	-53.23	9777.66	-12302.18	4558.89	19.74	124.15	47.24
118	473	363	159	122	175	164	-69.62	-36.06	-53.30	9784.78	-12347.67	4556.14	57.15	153.74	41.53
118	473	363	159	122	175	164	-69.49	-35.98	-53.27	9797.34	-12349.69	4559.54	94.20	191.85	25.50
118	474	362	159	123	174	164	-69.37	-36.03	-53.21	9806.47	-12335.01	4563.96	111.74	199.81	13.68
120	474	362	159	122	175	165	-69.17	-36.16	-53.14	9813.35	-12311.46	4576.56	133.65	189.12	41.64
120	474	363	159	122	174	164	-69.09	-36.20	-53.05	9820.28	-12279.08	4580.53	131.27	213.56	61.11
119	475	363	159	123	174	163	-69.10	-35.99	-53.15	9805.67	-12302.53	4600.11	114.15	234.09	57.15
119	474	363	160	123	175	164	-68.85	-35.80	-53.25	9761.58	-12293.60	4621.30	146.45	241.73	94.10
119	475	363	159	123	176	164	-68.79	-35.75	-53.35	9725.90	-12290.72	4635.64	142.52	217.85	109.54
120	475	363	159	123	175	164	-68.87	-35.70	-53.43	9705.21	-12300.99	4627.85	135.05	205.70	104.91
120	475	363	160	124	176	164	-69.02	-35.69	-53.46	9695.95	-12299.74	4618.26	106.80	203.17	82.07
121	475	363	160	123	176	164	-69.10	-35.73	-53.48	9689.95	-12298.55	4619.35	93.91	188.76	73.57
121	475	364	159	124	175	164	-69.10	-35.88	-53.41	9703.25	-12287.02	4625.58	79.26	171.57	59.64
121	475	363	159	123	175	164	-69.35	-35.99	-53.35	9725.09	-12289.87	4619.90	23.40	167.04	31.81
122	475	363	159	122	175	164	-69.45	-36.00	-53.30	9756.03	-12305.78	4612.51	8.08	186.24	9.11
121	475	363	159	123	176	164	-69.48	-35.97	-53.25	9784.03	-12320.29	4615.28	0.02	213.33	-14.94
121	475	363	160	123	177	164	-69.49	-35.93	-53.25	9804.03	-12349.87	4619.92	8.37	230.01	-49.69
122	476	363	159	123	175	164	-69.30	-35.84	-53.25	9804.83	-12348.38	4626.92	40.95	251.71	-58.91
122	476	363	159	123	174	165	-68.89	-35.77	-53.26	9772.19	-12309.16	4648.98	95.06	259.93	-47.61
122	476	364	159	123	175	164	-68.64	-35.74	-53.25	9742.58	-12265.10	4673.73	98.95	264.08	-38.78
122	476	363	160	123	176	164	-68.61	-35.78	-53.23	9743.05	-12257.45	4678.24	100.91	260.53	-23.29
122	476	363	160	123	175	164	-68.72	-35.89	-53.17	9764.50	-12259.37	4668.13	102.51	257.05	-9.53
121	476	364	159	123	175	164	-68.64	-35.92	-53.12	9770.67	-12244.00	4666.72	113.98	266.80	9.25
122	476	364	160	123	175	164	-68.38	-35.79	-53.12	9747.14	-12215.40	4713.99	97.79	286.01	17.73
122	476	363	160	123	176	165	-68.31	-35.71	-53.17	9723.98	-12203.23	4741.09	80.15	285.26	30.75
122	476	364	159	124	175	164	-68.43	-35.78	-53.12	9734.38	-12196.47	4736.63	62.29	279.74	38.21
122	476	364	159	122	175	163	-68.65	-35.75	-53.12	9742.26	-12208.85	4715.80	43.47	295.41	42.50
122	476	364	160	123	175	164	-68.83	-35.72	-53.12	9749.95	-12216.81	4712.21	7.95	316.19	23.78
122	476	364	160	123	176	164	-68.90	-35.64	-53.13	9762.65	-12239.57	4723.60	-17.65	335.58	10.44
123	476	364	160	123	176	165	-68.76	-35.47	-53.20	9752.72	-12255.79	4742.22	10.29	353.90	20.76
123	476	364	160	123	175	165	-68.59	-35.33	-53.28	9730.28	-12265.00	4772.31	17.22	357.50	21.33
123	476	364	160	123	175	165	-68.46	-35.27	-53.34	9707.57	-12261.35	4798.89	24.76	345.28	18.91
122	477	364	160	123	176	165	-68.38	-35.39	-53.32	9697.99	-12239.88	4805.95	30.42	330.01	22.61
124	476	364	160	123	176	165	-68.34	-35.53	-53.23	9708.89	-12211.89	4800.65	33.20	332.36	38.63
123	476	364	160	124	175	164	-68.31	-35.57	-53.19	9705.85	-12187.89	4809.22	31.14	340.05	62.50
123	477	364	160	124	176	165	-68.24	-35.54	-53.16	9696.95	-12164.90	4818.96	4.38	347.49	81.73
124	477	364	159	123	175	164	-68.18	-35.43	-53.23	9678.11	-12169.25	4839.81	-4.59	352.42	119.94
123	476	364	159	122	175	164	-68.17	-35.28	-53.33	9651.80	-12180.99	4854.82	-16.56	354.05	145.34
124	477	364	159	124	175	164	-68.28	-35.15	-53.43	9625.21	-12192.34	4859.68	-46.08	346.70	154.48
125	477	364	160	123	175	164	-68.43	-35.12	-53.52	9611.15	-12212.12	4847.29	-55.27	330.81	169.75
125	477	364	160	124	175	164	-68.62	-35.12	-53.58	9603.59	-12230.32	4822.33	-62.86	323.22	174.67
125	477	364	160	123	176	164	-68.78	-35.11	-53.65	9591.81	-12246.60	4798.21	-57.77	311.61	185.88
125	477	364	160	123	174	164	-68.93	-35.08	-53.69	9594.62	-12267.27	4781.70	-63.73	315.73	187.69
125	476	363	159	123	175	164	-68.93	-34.93	-53.77	9590.89	-12299.71	4791.22	-60.84	329.79	189.00
125	477	364	160	123	175	163	-68.66	-34.78	-53.85	9575.35	-12319.92	4820.86	-35.00	334.50	193.20
125	477	364	160	124	175	163	-68.41	-34.68	-53.96	9544.98	-12326.92	4855.01	-18.90	319.68	197.84
125	477	364	160	124	175	164	-68.17	-34.66	-54.01	9520.73	-12315.58	4877.46	8.04	306.39	212.80
125	478	363	160	123	173	164	-68.09	-34.71	-54.02	9508.69	-12305.80	4878.79	30.89	289.92	224.41
125	478	364	160	123	174	164	-68.11	-34.73	-54.04	9492.06	-12292.91	4879.05	25.50	278.93	221.54
125	478	364	160	123	174	164	-68.16	-34.75	-54.10	9477.66	-12300.26	4878.50	27.02	256.03	223.11
125	478	364	160	123	173	164	-68.08	-34.74	-54.16	9459.17	-12302.65	4896.77	34.22	241.93	222.21
125	478	363	160	124	174	165	-68.02	-34.78	-54.17	9457.21	-12305.52	4906.14	27.21	222.28	212.00
125	478	363	160	123	174	164	-67.98	-34.78	-54.21	9463.35	-12329.04	4914.63	38.25	206.72	210.85
125	477	361	159	120	174	164	-67.94	-34.61	-54.31	9449.59	-12357.59	4910.70	88.89	220.98	220.85
125	477	358	158	117	172	164	-67.68	-34.53	-54.37	9430.91	-12356.91	4933.76	131.09	222.23	220.81
126	476	357	157	117	171	164	-67.55	-34.57	-54.39	9414.56	-12347.46	4940.67	148.49	201.27	205.42
126	475	357	157	117	173	164	-67.42	-34.55	-54.43	9397.63	-12339.09	4954.84	163.76	193.86	200.20
126	474	356	157	117	173	164	-67.23	-34.53	-54.47	9370.55	-12319.14	4980.30	173.78	187.87	205.29
124	473	355	156	117	172	164	-67.21	-34.61	-54.49	9366.22	-12325.98	4988.88	175.84	156.57	200.98
124	471	355	156	116	172	164	-67.29	-34.65	-54.56	9364.71	-12354.68	4979.04	199.40	123.64	214.03
124	470	354	156	116	171	163	-67.22	-34.78	-54.56	9371.08	-12363.95	4975.09	236.33	93.41	215.18
123	469	353	156	116	171	164	-67.30	-34.93	-54.51	9392.72	-12370.15	4969.33	232.96	71.99	190.07
123	467	353	157	116	171	164	-67.23	-34.96	-54.48	9400.49	-12369.64	4975.27	246.66	72.99	182.31
122	467	353	156	116	171	164	-66.97	-34.98	-54.48	9397.06	-12362.76	5004.50	276.43	60.94	180.65
122	466	353	156	116	171	164	-66.83	-35.06	-54.45	9391.61	-12342.22	5026.08	281.61	44.59	180.12
120	467	353	157	116	171	163	-66.72	-35.07	-54.44	9385.43	-12327.71	5037.17	278.23	38.07	181.26
121	466	353	157	116	170	164	-66.69	-35.05	-54.45	9383.96	-12331.92	5040.71	282.52	39.16	190.25
122	466	352	157	116	171	164	-66.69	-35.09	-54.43	9390.16	-12329.92	5053.08	282.34	33.80	192.23
122	465	352	157	116	171	164	-66.60	-35.07	-54.47	9383.05	-12340.03	5070.83	294.52	23.31	209.57
121	462	351	156	115	171	164	-66.42	-35.07	-54.47	9385.50	-12344.83	5094.68	317.75	8.05	223.29
122	461	350	157	115	170	164	-66.45	-35.03	-54.54	9374.42	-12362.99	5105.75	320.86	-7.25	216.13
122	460	350	157	115	171	164	-66.46	-35.05	-54.55	9377.30	-12368.04	5117.26	302.37	-20.24	190.37
123	460	350	157	116	173	164	-66.40	-35.00	-54.58	9361.44	-12358.23	5122.00	307.05	-17.23	180.00
123	459	351	156	117	171	164	-66.33	-34.97	-54.57	9354.16	-12347.92	5125.70	304.15	-7.17	189.80
123	460	352	157	116	171	164	-66.24	-34.95	-54.56	9352.06	-12339.72	5132.21	309.89	-0.51	199.81
122	460	353	157	117	172	163	-66.30	-34.91	-54.57	9340.05	-12324.14	5139.40	296.34	12.42	196.72
124	461	353	156	118	170	164	-66.54	-34.83	-54.61	9332.65	-12335.73	5136.63	257.58	22.24	177.79
124	460	354	156	118	170	164	-66.70	-34.71	-54.70	9322.82	-12360.54	5138.20	230.85	34.23	162.30
124	461	354	156	119	171	164	-66.62	-34.58	-54.76	9308.08	-12370.92	5162.09	225.31	45.02	160.93
124	461	354	157	118	172	164	-66.52	-34.55	-54.80	9287.87	-12359.57	5184.18	215.69	32.17	144.74
124	461	354	157	119	172	164	-66.48	-34.54	-54.81	9272.08	-12342.19	5191.78	199.06	23.01	137.25
124	460	355	158	119	172	164	-66.36	-34.59	-54.83	9265.67	-12342.28	5214.59	203.75	-4.04	157.74
124	460	354	157	119	172	164	-66.25	-34.68	-54.87	9259.59	-12349.77	5232.26	234.42	-42.34	203.00
125	459	355	157	119	173	164	-66.25	-34.86	-54.85	9266.61	-12351.68	5231.24	235.04	-87.37	214.75
125	457	354	157	119	173	165	-66.48	-34.97	-54.82	9281.28	-12359.30	5204.68	222.09	-101.60	193.16
125	457	354	157	119	173	164	-66.59	-34.89	-54.83	9293.81	-12379.53	5189.65	221.19	-77.77	188.95
125	457	354	157	120	172	163	-66.59	-34.80	-54.85	9300.92	-12399.56	5191.16	236.98	-56.93	187.76
126	458	354	157	119	173	164	-66.40	-34.65	-54.89	9292.28	-12407.38	5220.81	251.93	-38.14	188.87
125	458	355	157	119	174	164	-66.10	-34.51	-54.92	9267.26	-12386.61	5250.17	272.68	-23.68	186.88
125	458	354	157	119	173	164	-65.99	-34.50	-54.91	9259.30	-12369.88	5275.46	268.50	-25.95	174.53
125	458	355	158	119	172	165	-66.06	-34.54	-54.88	9260.94	-12357.18	5266.89	256.97	-23.55	167.36
125	459	354	158	120	173	164	-66.15	-34.60	-54.85	9263.29	-12347.52	5254.34	249.67	-22.57	159.34
125	459	354	158	119	173	165	-66.27	-34.56	-54.84	9261.12	-12342.55	5250.02	220.44	-9.19	147.02
125	459	355	157	120	172	164	-66.37	-34.45	-54.90	9248.67	-12352.82	5256.52	193.57	0.47	137.67
125	459	355	158	120	173	164	-66.42	-34.41	-54.94	9248.63	-12369.98	5261.70	187.39	-2.81	139.54
125	459	355	158	120	173	164	-66.30	-34.36	-54.96	9242.20	-12370.08	5281.21	195.77	4.28	149.11
125	460	355	158	119	173	162	-66.18	-34.32	-54.96	9235.89	-12361.17	5297.55	204.53	8.77	166.60
126	460	355	158	120	173	164	-66.13	-34.38	-54.96	9227.50	-12348.12	5302.07	208.46	-7.17	179.32
126	460	356	158	120	174	164	-66.26	-34.46	-54.97	9225.12	-12350.91	5292.57	198.58	-28.01	177.36
126	460	356	158	120	173	164	-66.44	-34.44	-54.99	9227.47	-12361.76	5272.34	187.50	-22.91	170.39
126	461	356	158	121	174	164	-66.49	-34.34	-55.03	9222.89	-12374.28	5269.12	191.53	-5.71	171.37
126	461	356	159	120	173	163	-66.37	-34.30	-55.01	9217.35	-12358.56	5284.87	193.55	6.77	169.20
126	461	356	159	120	174	164	-66.25	-34.24	-55.01	9203.48	-12339.63	5302.62	188.62	10.28	174.44
126	461	356	158	120	174	164	-66.17	-34.21	-55.00	9196.51	-12322.45	5318.89	185.14	20.97	183.87
126	461	356	159	120	174	163	-66.19	-34.16	-55.03	9191.28	-12332.33	5325.35	178.79	22.57	195.38
126	461	356	159	120	174	164	-66.20	-34.14	-55.07	9191.32	-12347.51	5329.28	175.55	15.19	200.91
127	461	357	159	121	174	164	-66.24	-34.12	-55.09	9189.75	-12355.74	5328.02	171.47	15.68	199.76
126	461	356	159	120	174	164	-66.27	-34.10	-55.10	9189.66	-12359.95	5329.02	171.90	21.85	188.82
126	461	356	159	120	174	163	-66.26	-34.08	-55.10	9182.78	-12352.15	5330.96	161.25	29.61	177.33
126	461	356	159	120	174	164	-66.18	-34.05	-55.09	9180.84	-12345.14	5345.82	157.34	39.78	173.07
126	461	357	159	120	173	164	-66.16	-34.01	-55.11	9176.40	-12346.49	5352.53	151.42	45.34	167.76
126	461	356	159	120	175	164	-66.16	-34.00	-55.12	9175.58	-12348.56	5362.10	140.15	46.47	159.22
126	462	357	159	120	174	164	-66.15	-33.95	-55.12	9170.20	-12345.13	5370.39	126.64	57.65	145.71
126	462	356	158	119	174	164	-66.20	-33.91	-55.13	9168.89	-12344.28	5373.47	109.51	70.46	131.38
126	462	356	158	121	174	164	-66.27	-33.85	-55.14	9173.04	-12354.26	5369.60	100.19	89.19	119.81
126	463	357	159	120	175	164	-66.39	-33.73	-55.18	9166.79	-12365.15	5363.52	83.83	114.83	114.87
127	463	357	159	120	175	164	-66.39	-33.60	-55.21	9161.25	-12372.09	5368.54	78.33	140.34	111.37
127	464	357	159	121	174	164	-66.34	-33.43	-55.28	9137.79	-12371.49	5387.32	63.22	160.82	107.16
127	464	357	159	121	175	164	-66.28	-33.34	-55.33	9127.10	-12379.91	5405.55	57.51	168.43	105.10
127	464	357	159	120	175	164	-66.35	-33.27	-55.36	9122.34	-12388.92	5400.07	47.83	174.96	102.84
127	464	357	159	120	174	164	-66.33	-33.20	-55.43	9112.23	-12403.67	5402.47	52.69	181.91	102.90
127	464	357	159	120	175	164	-66.41	-33.17	-55.45	9108.02	-12409.89	5391.15	52.26	192.97	92.16
127	464	357	159	121	174	164	-66.39	-33.11	-55.48	9099.21	-12410.19	5391.59	50.54	198.17	89.40
127	464	357	159	121	175	164	-66.32	-33.07	-55.50	9082.05	-12398.68	5401.61	52.02	207.31	91.33
127	464	357	160	121	175	164	-66.25	-33.05	-55.53	9069.15	-12389.15	5416.13	43.62	205.99	90.81
127	464	357	159	121	174	164	-66.23	-33.09	-55.55	9059.29	-12387.09	5422.12	37.08	192.34	90.32
127	464	357	159	121	175	164	-66.31	-33.12	-55.58	9054.73	-12392.74	5417.82	27.48	181.48	89.76
127	464	357	159	121	175	164	-66.34	-33.10	-55.62	9051.19	-12407.10	5419.53	28.16	176.30	85.87
127	464	357	159	121	175	164	-66.32	-33.09	-55.63	9053.03	-12416.15	5423.15	29.15	174.14	79.82
127	464	357	159	121	175	164	-66.22	-33.06	-55.66	9047.78	-12421.54	5431.99	41.09	178.78	79.98
127	464	356	159	120	174	164	-66.13	-33.06	-55.66	9043.79	-12415.46	5449.59	44.29	171.39	76.68
127	464	358	159	121	174	165	-66.03	-33.06	-55.67	9034.00	-12409.09	5461.11	50.52	164.97	76.75
127	464	357	160	121	175	164	-66.01	-33.06	-55.70	9022.50	-12405.83	5459.26	53.65	159.72	83.86
126	464	357	160	121	176	165	-65.98	-33.06	-55.74	9013.58	-12409.54	5461.49	49.46	150.49	93.47
127	464	357	159	121	174	164	-66.02	-33.02	-55.80	9002.30	-12421.06	5458.22	55.09	143.51	105.10
127	464	358	159	121	174	164	-65.98	-32.97	-55.85	8990.59	-12429.61	5467.11	60.14	138.34	113.44
127	464	357	159	121	175	164	-65.99	-33.01	-55.88	8979.26	-12426.93	5463.15	64.68	122.57	118.97
127	464	357	159	121	174	164	-65.97	-33.06	-55.88	8977.89	-12423.78	5465.59	66.95	110.19	121.52
127	464	357	160	121	175	164	-65.93	-33.11	-55.88	8971.40	-12414.39	5468.71	69.15	97.38	121.99
127	464	357	159	121	174	164	-65.91	-33.19	-55.86	8973.83	-12408.47	5475.48	65.24	77.41	115.44
127	464	357	159	121	175	164	-66.00	-33.26	-55.86	8974.94	-12410.65	5468.31	63.23	61.49	108.47
128	464	357	159	120	174	164	-66.06	-33.22	-55.91	8962.79	-12416.12	5465.49	54.92	58.02	103.00
127	464	358	159	121	174	164	-65.98	-33.28	-55.92	8958.05	-12414.51	5482.62	55.47	40.17	99.10
127	464	358	159	122	175	165	-66.04	-33.37	-55.93	8965.55	-12427.39	5474.08	54.40	16.41	99.84
128	464	358	159	121	174	164	-66.05	-33.41	-55.94	8962.87	-12430.02	5470.78	52.63	2.64	96.50
127	464	357	159	121	175	164	-66.07	-33.53	-55.88	8983.33	-12434.12	5466.64	59.75	-9.64	87.08
127	464	358	160	121	174	164	-66.11	-33.63	-55.85	8997.76	-12439.21	5453.31	66.51	-20.41	84.52
128	464	358	160	122	174	164	-66.07	-33.67	-55.81	9000.07	-12425.05	5456.04	65.63	-22.74	79.00
128	464	358	160	122	175	165	-65.90	-33.64	-55.81	8998.07	-12420.20	5486.24	59.05	-23.25	81.00
127	464	357	159	122	175	164	-65.83	-33.62	-55.83	8990.17	-12418.79	5502.93	62.35	-28.14	93.40
127	464	357	159	121	174	164	-65.90	-33.65	-55.85	8984.86	-12418.25	5497.98	57.73	-37.03	99.98
127	464	358	159	122	174	164	-66.03	-33.73	-55.82	8990.41	-12413.73	5479.08	50.50	-45.13	100.93
128	464	358	160	122	174	163	-66.08	-33.77	-55.81	8997.89	-12418.45	5475.33	43.72	-52.88	101.63
127	464	358	160	122	175	164	-66.15	-33.76	-55.81	8997.20	-12421.12	5470.16	34.38	-54.78	107.85
127	464	358	160	122	174	164	-66.15	-33.70	-55.86	8989.14	-12429.07	5479.65	35.22	-53.64	116.56
127	464	358	160	122	174	164	-66.12	-33.66	-55.86	8992.88	-12436.02	5484.07	31.10	-50.86	125.18
128	464	358	160	122	173	164	-66.13	-33.65	-55.85	8996.44	-12439.81	5476.27	37.90	-48.37	141.07
127	464	357	160	122	175	165	-66.16	-33.60	-55.87	8992.21	-12440.62	5468.85	29.80	-44.05	144.97
127	464	358	160	121	174	163	-66.19	-33.53	-55.89	8989.60	-12447.79	5464.81	33.96	-36.20	150.42
127	464	358	160	121	174	164	-66.15	-33.47	-55.93	8980.32	-12453.60	5475.97	36.47	-34.34	152.80
127	464	358	159	121	174	164	-66.13	-33.49	-55.93	8979.51	-12452.52	5476.57	42.59	-38.72	159.51
127	464	358	160	122	175	164	-66.22	-33.48	-55.95	8973.73	-12452.70	5462.54	41.61	-40.83	160.93
128	464	358	160	122	174	164	-66.23	-33.42	-55.99	8962.64	-12455.66	5459.82	40.43	-36.34	159.79
128	464	358	160	122	174	165	-66.19	-33.40	-56.03	8951.31	-12459.48	5463.62	42.71	-45.48	162.80
128	464	358	159	122	174	165	-66.24	-33.38	-56.10	8934.95	-12466.10	5458.84	39.38	-56.95	164.26
127	464	358	160	122	175	165	-66.36	-33.37	-56.16	8922.40	-12479.40	5434.90	49.56	-68.65	168.19
127	464	359	160	123	174	164	-66.42	-33.41	-56.18	8918.88	-12477.23	5425.16	57.13	-73.32	164.23
127	464	358	160	122	174	165	-66.51	-33.39	-56.14	8925.53	-12471.57	5397.70	70.12	-50.51	136.72
127	465	358	160	122	173	165	-66.52	-33.34	-56.16	8916.26	-12466.39	5396.81	69.27	-34.88	117.14
128	465	358	160	122	173	164	-66.52	-33.40	-56.17	8931.04	-12492.27	5394.57	79.25	-54.44	123.38
128	464	358	160	122	173	164	-66.36	-33.48	-56.14	8936.29	-12489.66	5396.84	106.49	-64.26	134.16
128	463	358	160	122	173	165	-66.30	-33.56	-56.13	8926.28	-12468.17	5397.80	109.52	-79.15	136.25
127	461	358	160	122	173	165	-66.16	-33.61	-56.08	8933.36	-12456.16	5407.91	116.89	-71.64	152.19
127	461	358	160	122	173	165	-66.26	-33.69	-56.06	8953.29	-12472.75	5412.12	96.00	-85.31	142.28
127	460	357	160	122	174	165	-66.31	-33.66	-56.05	8955.43	-12473.52	5410.11	87.60	-77.15	155.92
128	459	357	159	122	172	165	-66.37	-33.63	-56.10	8948.26	-12487.44	5405.00	87.12	-84.84	163.07
127	457	356	159	121	172	164	-66.45	-33.58	-56.12	8944.84	-12490.27	5399.15	75.86	-78.80	151.12
126	457	356	159	121	173	164	-66.46	-33.58	-56.12	8948.20	-12497.96	5387.60	95.87	-76.31	154.91
126	457	356	159	121	173	162	-66.42	-33.64	-56.07	8961.99	-12493.06	5386.22	103.87	-74.59	143.12
126	457	356	159	121	172	164	-66.57	-33.71	-56.06	8973.69	-12504.60	5383.51	73.08	-89.21	119.66
126	458	356	159	120	172	164	-66.59	-33.65	-56.08	8960.21	-12495.37	5376.53	70.83	-83.50	116.63
126	457	356	159	121	172	164	-66.61	-33.71	-56.04	8967.80	-12487.01	5386.50	45.23	-88.93	90.25
125	458	356	159	122	173	165	-66.69	-33.71	-56.06	8968.81	-12497.25	5380.78	38.77	-89.63	79.63
124	458	356	159	121	172	164	-66.68	-33.60	-56.10	8957.77	-12501.19	5383.54	38.48	-83.25	79.00
124	458	357	159	120	171	164	-66.60	-33.59	-56.13	8950.08	-12503.73	5403.96	35.16	-90.04	84.15
124	458	357	160	121	173	165	-66.70	-33.67	-56.14	8950.98	-12507.95	5400.36	14.40	-114.03	72.44
124	458	356	160	122	174	164	-66.73	-33.77	-56.12	8954.23	-12505.75	5392.75	12.78	-136.68	78.47
124	458	357	160	121	172	165	-66.68	-33.84	-56.10	8952.91	-12493.66	5391.31	15.79	-151.30	78.05
124	459	357	160	122	172	164	-66.64	-33.86	-56.08	8950.27	-12478.78	5396.74	5.65	-155.53	78.50
124	459	357	159	122	173	164	-66.55	-33.95	-56.08	8937.36	-12457.04	5405.91	-7.18	-184.16	78.02
124	460	357	160	121	173	165	-66.72	-34.11	-56.08	8931.09	-12453.99	5404.61	-53.62	-232.90	47.42
124	460	357	160	122	173	165	-66.95	-34.24	-56.10	8936.73	-12469.69	5395.38	-98.29	-276.40	6.60
124	460	357	159	121	173	165	-67.18	-34.15	-56.23	8933.50	-12527.80	5385.41	-103.12	-298.73	-0.08
124	460	357	160	122	173	165	-66.99	-34.04	-56.39	8922.42	-12590.21	5407.94	-39.22	-326.25	7.67
123	460	357	160	123	173	165	-66.89	-34.08	-56.49	8917.10	-12628.90	5431.54	-14.91	-377.43	-20.81
124	460	357	160	122	173	164	-66.51	-34.07	-56.57	8912.04	-12660.05	5445.97	72.64	-412.31	-2.22
124	460	357	160	122	173	164	-66.07	-34.30	-56.52	8913.44	-12641.45	5436.47	193.66	-457.80	47.49
124	460	358	160	122	173	164	-66.02	-34.73	-56.42	8932.37	-12617.58	5414.44	230.52	-535.41	59.32
124	460	357	160	122	172	164	-66.11	-35.06	-56.33	8953.15	-12605.90	5383.92	246.85	-594.29	65.85
124	460	358	160	121	172	163	-66.00	-35.39	-56.20	8978.49	-12579.61	5354.93	305.00	-634.92	102.86
124	460	358	160	121	173	164	-66.02	-35.77	-56.04	9006.37	-12542.62	5319.58	334.70	-677.33	138.52
124	460	358	160	122	173	164	-66.00	-36.10	-55.91	9022.85	-12502.89	5292.00	368.92	-715.86	183.24
124	461	357	160	122	173	164	-66.04	-36.47	-55.76	9050.91	-12471.35	5245.40	396.62	-762.02	223.88
124	461	359	160	121	173	164	-66.41	-36.85	-55.55	9104.36	-12452.78	5199.93	361.84	-794.72	228.28
124	460	358	160	122	174	164	-66.73	-37.02	-55.42	9158.54	-12467.14	5167.33	342.15	-792.78	230.42
124	460	358	160	122	173	164	-67.02	-37.03	-55.26	9207.82	-12464.58	5113.77	336.84	-753.89	225.75
124	461	358	160	122	173	164	-67.24	-36.82	-55.29	9216.23	-12488.35	5094.68	323.95	-720.35	211.46
124	461	358	160	122	172	164	-67.17	-36.60	-55.33	9224.01	-12518.74	5089.54	338.30	-679.13	196.29
124	460	358	160	122	173	164	-67.24	-36.40	-55.37	9219.41	-12534.80	5095.67	345.49	-649.82	165.52
124	461	359	160	122	174	164	-67.18	-36.17	-55.41	9211.84	-12540.26	5123.88	331.91	-609.18	121.75
124	461	358	160	122	173	165	-67.27	-36.12	-55.42	9215.85	-12549.05	5111.29	345.92	-607.32	99.26
124	461	358	160	121	173	164	-67.02	-36.01	-55.40	9218.06	-12547.19	5113.33	406.72	-579.16	110.75
124	461	359	160	122	174	164	-67.03	-36.01	-55.35	9227.35	-12535.83	5100.46	409.64	-566.60	85.01
124	461	358	159	122	173	164	-67.21	-36.06	-55.26	9248.19	-12519.84	5074.44	388.95	-545.92	61.91
125	461	358	160	122	173	164	-66.99	-35.99	-55.20	9252.58	-12497.25	5074.11	432.16	-509.97	90.96
124	461	358	160	122	173	164	-66.77	-36.06	-55.08	9266.35	-12463.99	5079.81	454.05	-496.77	113.82
125	461	358	160	122	173	163	-66.73	-35.98	-55.06	9268.23	-12456.79	5091.62	440.10	-477.29	122.97
124	461	358	160	122	174	164	-66.65	-35.97	-54.99	9283.82	-12442.55	5094.24	447.64	-452.77	136.53
124	461	358	159	122	173	164	-66.69	-35.94	-54.91	9300.03	-12430.22	5076.72	447.41	-423.38	156.05
124	461	358	160	122	173	164	-66.58	-35.95	-54.83	9305.23	-12400.71	5084.29	445.09	-402.01	169.30
125	461	358	160	122	174	164	-66.84	-35.92	-54.77	9313.96	-12383.27	5061.87	399.28	-369.51	159.63
125	461	358	160	122	173	163	-66.71	-35.73	-54.75	9316.67	-12378.11	5072.98	411.57	-315.29	187.90
124	461	358	160	122	173	164	-66.62	-35.61	-54.68	9312.03	-12339.80	5075.53	406.29	-265.92	208.16
125	461	357	160	122	174	164	-66.65	-35.49	-54.70	9297.23	-12324.01	5087.35	371.23	-242.78	213.75
125	461	358	160	121	174	164	-66.73	-35.37	-54.72	9284.37	-12319.01	5087.59	343.87	-214.69	221.56
125	461	358	160	122	173	163	-66.90	-35.23	-54.74	9279.15	-12320.86	5087.41	297.47	-184.30	212.78
125	461	358	160	122	174	164	-67.04	-35.12	-54.82	9262.79	-12333.02	5077.24	275.35	-169.09	211.99
125	461	357	160	122	174	163	-67.00	-35.03	-54.83	9250.05	-12321.57	5090.18	254.43	-154.33	211.19
125	461	358	160	122	174	164	-67.20	-35.02	-54.84	9248.95	-12322.29	5085.87	211.81	-145.37	188.83
125	461	358	160	122	174	164	-67.55	-35.12	-54.78	9259.70	-12308.17	5046.97	164.92	-137.80	163.34
125	461	358	160	122	174	164	-67.84	-35.41	-54.58	9286.32	-12254.77	5011.42	107.97	-129.96	133.88
125	461	358	160	122	174	164	-68.84	-36.07	-54.12	9357.80	-12141.63	4908.45	-64.23	-106.06	59.98
125	462	359	160	122	175	164	-70.06	-36.12	-53.89	9420.71	-12121.95	4823.43	-299.61	-30.76	5.98
125	462	358	160	122	175	163	-70.43	-35.71	-53.84	9445.47	-12136.45	4790.26	-385.53	98.68	36.78
124	462	358	160	121	175	163	-70.62	-35.22	-53.93	9417.80	-12138.23	4804.95	-483.86	200.15	53.49
125	462	358	160	122	175	164	-70.66	-34.37	-54.34	9342.51	-12219.31	4869.70	-577.16	275.89	61.07
125	462	358	160	121	175	163	-70.64	-33.59	-54.76	9263.18	-12307.15	4930.61	-623.71	337.39	56.02
126	462	359	160	123	176	162	-70.65	-32.96	-55.20	9195.42	-12418.79	4996.68	-673.12	358.67	26.27
126	462	358	160	123	177	164	-70.50	-32.60	-55.53	9148.25	-12507.85	5044.45	-661.66	348.79	-7.30
126	462	358	160	122	175	164	-70.51	-32.60	-55.63	9141.24	-12544.26	5037.23	-643.53	328.50	-41.08
126	462	358	160	121	175	163	-70.62	-32.78	-55.59	9154.38	-12541.25	4997.77	-627.45	326.08	-50.13
126	462	358	160	122	176	164	-70.76	-32.83	-55.62	9166.06	-12574.38	4954.28	-598.78	326.52	-27.52
125	462	358	160	122	176	163	-70.74	-32.73	-55.66	9175.96	-12606.46	4933.56	-564.49	358.45	-9.00
126	462	358	160	122	176	164	-70.57	-32.62	-55.72	9167.96	-12626.14	4925.08	-506.27	377.87	21.60
125	463	359	160	122	175	164	-70.50	-32.55	-55.75	9152.76	-12620.83	4897.83	-454.05	400.23	57.42
126	462	359	160	122	176	164	-70.24	-32.38	-55.78	9145.12	-12621.19	4889.34	-385.75	446.37	109.85
126	462	359	160	122	176	164	-69.91	-32.38	-55.77	9129.27	-12592.73	4895.87	-329.96	457.25	155.21
126	462	358	160	122	176	164	-69.64	-32.28	-55.82	9081.40	-12549.89	4900.48	-304.77	462.09	198.10
126	462	358	159	122	175	163	-69.36	-32.32	-55.87	9007.73	-12465.00	4906.45	-297.13	432.98	256.64
127	462	358	160	122	176	162	-69.14	-32.38	-55.99	8953.55	-12442.35	4928.73	-292.92	373.38	348.91
126	462	358	160	122	176	162	-68.61	-32.35	-56.19	8905.27	-12466.63	4933.50	-140.03	316.21	507.52
126	462	359	160	122	176	160	-68.36	-32.43	-56.29	8853.21	-12437.50	4930.22	-60.62	264.70	590.69
127	462	359	160	122	175	157	-68.60	-32.65	-56.49	8816.15	-12478.42	4981.51	-174.09	129.57	541.36
127	461	359	161	122	175	155	-68.78	-32.81	-56.80	8797.74	-12598.70	4993.43	-170.34	-7.71	562.29
127	462	359	160	121	175	155	-68.58	-33.00	-56.89	8799.65	-12649.77	4967.16	-47.12	-80.72	623.32
127	461	359	160	120	174	155	-68.82	-33.20	-56.96	8812.07	-12702.88	4944.40	-44.07	-145.09	638.31
127	461	359	160	122	175	156	-69.27	-33.24	-57.08	8824.67	-12782.53	4905.78	-84.26	-186.63	584.19
127	462	359	160	121	174	156	-69.62	-33.29	-57.14	8842.83	-12837.61	4884.69	-128.15	-202.95	508.33
128	462	358	160	121	174	159	-69.69	-33.24	-57.16	8847.29	-12857.53	4865.06	-116.49	-196.25	466.77
127	462	359	160	121	174	159	-69.57	-33.17	-57.13	8860.73	-12862.85	4858.41	-73.57	-164.14	455.23
127	461	359	160	121	174	160	-69.51	-33.05	-57.12	8867.69	-12866.11	4844.09	-36.99	-123.63	443.12
127	462	359	160	121	174	160	-69.54	-32.98	-57.10	8872.11	-12863.20	4837.08	-37.54	-94.75	414.36
127	462	358	160	121	173	160	-69.52	-32.83	-57.16	8860.70	-12877.04	4836.63	-20.76	-71.06	400.64
127	462	359	160	121	172	161	-69.43	-32.67	-57.18	8847.07	-12867.79	4834.20	9.33	-35.06	386.61
127	462	359	160	121	174	161	-69.40	-32.57	-57.17	8840.31	-12849.40	4829.69	8.81	-0.21	366.18
127	462	359	160	121	172	161	-69.57	-32.51	-57.19	8829.50	-12845.13	4819.00	-19.83	13.50	339.42
126	462	359	160	121	171	161	-69.53	-32.33	-57.27	8813.42	-12857.67	4822.05	-10.39	34.88	342.45
127	462	359	160	122	170	162	-69.43	-32.11	-57.32	8790.15	-12849.39	4818.15	21.13	74.93	347.98
127	461	359	160	122	172	162	-69.42	-32.02	-57.34	8779.04	-12840.72	4827.64	2.47	105.74	338.63
127	462	359	160	121	171	162	-69.46	-32.00	-57.33	8787.69	-12851.28	4840.66	-22.85	115.35	325.65
127	462	359	160	121	170	162	-69.48	-32.08	-57.24	8820.71	-12856.52	4842.43	-35.41	136.08	311.06
127	462	358	160	122	171	162	-69.65	-31.98	-57.23	8852.87	-12899.09	4834.30	-55.64	178.18	306.06
127	462	359	160	122	171	162	-69.48	-31.62	-57.34	8845.63	-12943.34	4851.39	-8.76	242.92	319.91
127	462	359	160	121	169	162	-69.24	-31.11	-57.53	8801.15	-12973.17	4876.82	17.43	311.87	317.76
127	462	359	160	120	170	162	-69.03	-30.68	-57.74	8746.29	-12994.51	4919.98	27.21	354.78	295.12
127	462	359	160	121	170	163	-68.82	-30.42	-57.94	8695.98	-13017.59	4954.18	53.45	359.54	275.07
127	462	359	160	121	171	162	-68.61	-30.27	-58.09	8650.38	-13022.71	4975.67	92.58	355.61	262.02
127	462	359	160	121	167	163	-68.56	-30.29	-58.13	8630.66	-13010.77	4969.49	116.85	342.53	239.36
128	462	358	161	122	168	163	-68.41	-30.27	-58.18	8595.92	-12980.23	4968.21	145.01	341.26	238.15
128	462	358	160	121	170	163	-68.26	-30.27	-58.22	8560.73	-12945.22	4970.40	168.56	332.29	246.39
127	462	359	160	121	170	162	-68.11	-30.30	-58.26	8527.49	-12913.96	4984.88	176.53	313.98	251.67
127	462	358	161	122	169	162	-68.13	-30.46	-58.29	8515.12	-12906.26	4991.84	159.80	272.73	240.04
127	462	358	161	121	169	162	-68.23	-30.59	-58.32	8509.56	-12912.55	4987.05	148.31	231.44	237.63
128	462	358	161	122	170	163	-68.24	-30.71	-58.34	8508.88	-12922.12	4983.89	161.30	198.62	235.55
126	462	358	160	121	170	163	-68.24	-30.90	-58.30	8526.44	-12930.81	4990.90	164.38	173.04	223.77
128	462	358	160	121	169	163	-68.25	-30.95	-58.31	8537.12	-12952.27	4995.75	163.76	155.54	199.04
127	462	358	160	122	168	162	-68.20	-30.95	-58.34	8525.06	-12952.46	5001.97	174.72	149.91	173.33
128	462	358	161	121	170	163	-68.19	-30.91	-58.44	8499.21	-12959.83	5006.47	178.29	131.02	141.67
128	462	358	160	122	170	163	-68.05	-30.83	-58.57	8462.25	-12966.64	5008.14	211.07	114.56	126.73
127	462	358	160	122	169	163	-67.86	-30.92	-58.57	8450.14	-12946.11	5038.74	224.92	81.34	94.50
127	462	358	161	122	170	163	-67.71	-31.16	-58.53	8451.03	-12931.20	5073.20	204.62	22.12	48.97
127	462	358	160	122	170	163	-67.66	-31.50	-58.41	8479.68	-12912.24	5088.54	188.89	-30.49	9.97
127	462	358	161	122	170	163	-67.70	-31.77	-58.27	8517.49	-12901.83	5091.91	174.95	-64.71	-16.07