114	530	500	228	89	214	149	-12.14	-28.42	-24.75	7596.10	-3014.09	13519.71	333.13	460.20	-176.68
114	530	500	228	89	214	149	-12.03	-28.30	-24.70	7578.49	-2998.39	13526.92	339.47	464.39	-171.40
115	530	500	228	88	214	149	-12.08	-28.22	-24.81	7578.57	-3016.47	13527.78	337.20	460.32	-174.88
115	530	500	228	89	214	149	-12.02	-28.11	-24.79	7575.44	-3012.04	13537.99	340.34	452.71	-172.24
114	530	500	228	89	214	150	-11.85	-28.06	-24.67	7560.27	-2985.84	13543.69	344.47	437.52	-166.32
115	530	500	228	89	214	148	-11.72	-28.09	-24.51	7564.65	-2963.55	13537.70	335.15	421.59	-159.96
114	530	500	228	89	213	150	-11.75	-28.14	-24.50	7570.02	-2964.97	13540.42	324.49	402.42	-153.76
115	530	500	228	88	213	149	-11.71	-28.14	-24.49	7571.52	-2964.72	13554.40	320.66	382.29	-156.22
115	530	500	228	88	213	149	-11.59	-28.08	-24.40	7569.54	-2949.29	13572.48	325.23	375.08	-152.31
115	530	500	228	89	214	149	-11.44	-28.01	-24.27	7562.27	-2926.42	13576.25	324.87	370.73	-144.60
115	530	500	228	89	213	149	-11.38	-28.03	-24.19	7561.95	-2914.90	13571.04	323.58	361.49	-137.72
115	530	500	228	89	213	149	-11.41	-28.03	-24.14	7555.66	-2904.36	13571.09	308.10	349.21	-130.38
116	530	500	228	90	213	149	-11.56	-27.97	-24.37	7557.07	-2938.34	13581.13	299.74	346.80	-124.16
115	530	500	228	89	214	150	-11.46	-27.88	-24.35	7548.22	-2931.02	13590.08	306.56	347.91	-112.60
115	530	500	228	89	213	149	-11.12	-27.90	-24.02	7544.41	-2880.47	13578.97	322.13	346.82	-96.57
115	531	499	228	89	214	148	-11.02	-27.88	-23.81	7531.79	-2843.05	13567.22	294.02	344.73	-85.04
115	531	500	228	89	213	148	-10.98	-27.87	-23.62	7523.00	-2810.70	13576.86	253.67	329.24	-79.89
115	531	500	228	89	213	148	-11.05	-27.87	-23.69	7518.45	-2819.96	13586.82	244.49	309.38	-61.30
114	531	500	228	89	213	148	-11.05	-27.92	-23.66	7525.93	-2817.96	13588.68	244.16	294.56	-43.73
114	531	501	228	89	212	147	-11.46	-27.93	-24.02	7525.63	-2871.06	13598.84	202.30	276.03	-41.25
115	532	501	228	87	214	148	-11.87	-28.01	-24.29	7545.35	-2921.91	13607.70	157.34	258.83	-61.58
113	532	501	229	85	214	147	-11.90	-27.93	-24.38	7551.28	-2937.02	13636.52	157.47	264.94	-76.90
111	531	500	229	85	212	148	-11.62	-27.82	-24.18	7543.12	-2904.16	13650.09	180.10	275.19	-84.36
111	531	501	229	84	213	147	-11.26	-27.76	-23.89	7528.96	-2854.16	13645.39	206.29	283.03	-90.74
109	532	500	229	82	213	147	-11.16	-27.72	-23.76	7534.31	-2837.45	13648.32	206.13	293.13	-96.90
106	532	501	229	82	213	147	-11.17	-27.72	-23.69	7538.60	-2828.18	13644.50	193.22	302.87	-99.06
103	532	500	229	81	213	147	-11.35	-27.61	-23.84	7533.67	-2848.57	13643.47	180.86	323.28	-102.76
101	532	500	229	80	212	147	-11.39	-27.42	-23.87	7514.38	-2844.54	13643.70	168.92	348.67	-104.52
99	532	501	229	80	212	147	-11.35	-27.30	-23.81	7493.26	-2826.91	13645.52	150.92	355.78	-109.54
99	532	501	229	79	212	147	-11.26	-27.28	-23.78	7474.00	-2813.77	13637.84	157.03	344.59	-104.37
100	532	501	229	80	212	147	-11.21	-27.35	-23.70	7474.30	-2800.28	13627.95	150.52	337.46	-95.50
102	532	501	229	80	212	148	-11.03	-27.37	-23.55	7468.98	-2776.06	13635.15	161.50	323.29	-85.07
102	532	501	230	80	213	147	-11.06	-27.36	-23.53	7468.54	-2773.26	13643.99	148.87	321.68	-81.62
103	531	501	230	79	213	148	-10.96	-27.33	-23.45	7463.31	-2761.00	13661.79	152.68	312.59	-74.29
103	532	501	230	80	213	147	-10.88	-27.29	-23.43	7452.14	-2751.35	13676.30	157.40	303.71	-72.22
104	532	501	230	80	212	147	-10.85	-27.20	-23.27	7445.14	-2724.98	13687.49	127.28	317.33	-71.31
104	531	501	230	80	212	148	-10.83	-27.14	-23.28	7433.88	-2721.33	13699.31	124.26	314.96	-66.45
103	532	502	230	80	212	148	-10.84	-27.02	-23.36	7417.19	-2726.86	13711.15	135.40	321.91	-61.57
104	532	502	230	80	212	148	-10.76	-26.96	-23.34	7401.73	-2716.92	13716.79	141.53	319.07	-55.25
104	532	502	230	80	212	148	-10.71	-26.90	-23.30	7391.04	-2706.47	13708.15	135.80	317.76	-52.13
104	532	502	230	80	212	148	-10.69	-26.87	-23.18	7374.29	-2681.15	13710.54	105.76	315.88	-49.58
106	532	502	230	80	213	148	-10.79	-26.90	-23.22	7351.97	-2677.29	13712.21	71.27	282.33	-47.65
106	532	502	230	81	213	147	-10.79	-26.97	-23.25	7341.37	-2677.03	13713.80	70.66	246.82	-34.72
106	532	502	230	80	212	148	-10.76	-27.08	-23.13	7337.91	-2659.78	13718.51	52.33	214.02	-21.08
105	532	502	230	81	213	148	-10.96	-27.15	-23.17	7340.41	-2665.59	13718.19	11.36	188.52	-8.78
106	532	502	230	81	213	148	-11.14	-27.24	-23.26	7351.79	-2683.11	13704.08	-8.51	183.50	9.31
106	532	501	230	81	213	148	-11.21	-27.26	-23.34	7346.60	-2692.35	13702.47	-24.68	174.27	20.25
106	532	501	230	81	212	148	-11.20	-27.36	-23.12	7348.47	-2662.34	13696.55	-66.40	158.26	32.39
106	532	502	230	82	212	148	-11.30	-27.42	-22.82	7345.85	-2618.22	13667.72	-159.98	163.10	52.07
107	532	501	230	82	212	148	-11.35	-27.43	-22.45	7342.75	-2563.11	13645.54	-260.63	177.49	89.91
106	531	501	230	81	212	148	-11.28	-27.24	-22.07	7305.42	-2493.55	13608.66	-363.15	196.92	155.67
108	532	501	230	81	210	148	-11.83	-27.19	-22.41	7277.14	-2530.87	13602.23	-455.29	177.67	231.88
107	531	501	230	81	210	147	-12.83	-27.10	-23.27	7278.89	-2653.73	13587.31	-531.68	186.74	298.84
107	531	501	230	82	211	148	-13.98	-27.02	-24.58	7309.94	-2857.24	13597.95	-567.14	204.90	333.65
107	531	501	230	82	211	148	-14.80	-26.91	-25.71	7347.25	-3043.18	13621.65	-564.83	240.46	320.77
107	531	501	230	82	212	148	-15.11	-26.84	-26.15	7371.68	-3122.42	13683.97	-574.74	243.08	277.23
107	530	501	230	83	212	149	-14.86	-26.76	-26.11	7376.90	-3118.50	13733.57	-551.31	237.23	246.02
107	530	501	230	81	212	148	-14.18	-26.59	-25.71	7349.85	-3045.98	13763.89	-499.59	247.97	240.31
107	530	501	230	82	212	149	-13.79	-26.50	-25.53	7310.76	-2999.28	13757.90	-465.76	245.72	242.20
107	531	500	230	82	212	148	-13.73	-26.46	-25.59	7298.62	-3002.31	13735.80	-441.17	261.58	259.89
107	531	501	230	82	211	146	-13.69	-26.34	-25.79	7276.89	-3021.20	13724.01	-392.76	279.65	286.39
106	531	500	230	83	212	147	-13.85	-26.13	-26.31	7247.65	-3086.34	13700.01	-335.23	315.57	334.67
107	529	498	230	84	211	148	-13.30	-25.07	-30.35	6568.31	-3317.44	13739.78	343.92	108.12	209.52
107	529	498	230	84	211	148	-13.33	-25.09	-30.28	6560.09	-3303.16	13710.59	309.82	100.16	210.64
107	529	498	230	84	211	148	-13.66	-25.21	-30.22	6556.09	-3291.01	13688.06	205.03	74.85	204.31
108	529	497	230	84	211	149	-13.98	-25.26	-30.20	6571.88	-3297.06	13687.66	111.43	63.91	199.90
107	529	497	230	84	210	148	-14.19	-25.22	-30.22	6578.89	-3304.00	13710.08	38.81	62.71	207.70
108	529	497	230	85	211	149	-14.24	-25.23	-30.12	6578.74	-3289.60	13736.37	-21.13	41.78	216.52
107	529	497	230	84	212	149	-14.49	-25.32	-30.23	6592.41	-3313.32	13760.75	-79.23	7.24	224.69
108	530	498	230	84	210	149	-14.63	-25.38	-30.40	6612.39	-3351.06	13767.32	-78.56	-2.47	238.41
107	529	498	230	84	211	149	-14.44	-25.29	-30.56	6604.37	-3370.30	13773.95	-17.79	3.85	264.44
107	530	497	230	84	211	149	-14.28	-25.16	-30.63	6587.95	-3370.79	13773.45	17.10	13.56	285.66
108	530	498	230	84	211	149	-14.18	-25.05	-30.70	6572.15	-3371.05	13781.78	38.65	15.03	313.18
108	530	498	230	85	212	149	-13.93	-24.99	-30.72	6558.34	-3365.30	13784.09	88.72	8.28	365.82
107	530	498	230	85	210	148	-13.82	-24.94	-30.78	6536.03	-3361.23	13777.29	109.63	-7.03	416.83
107	530	498	230	84	211	149	-13.97	-25.06	-30.78	6548.82	-3368.57	13757.22	76.70	-18.58	460.09
107	530	498	230	84	210	149	-14.23	-25.17	-31.01	6573.78	-3417.74	13749.76	69.46	-31.50	496.43
107	530	497	230	85	212	149	-14.32	-25.17	-31.27	6600.09	-3472.25	13748.07	119.79	-8.73	529.66
108	530	498	230	85	212	149	-14.14	-25.03	-31.39	6604.29	-3493.44	13756.07	185.85	28.16	560.88
108	530	498	230	83	211	149	-14.25	-25.00	-31.43	6616.67	-3507.57	13787.87	170.46	30.20	555.14
108	529	498	230	84	212	149	-14.46	-25.06	-31.66	6640.04	-3555.39	13799.47	169.29	20.84	541.93
107	530	498	230	83	212	149	-14.38	-25.02	-31.75	6666.24	-3586.62	13792.30	236.57	62.65	540.23
107	529	497	230	85	212	149	-13.99	-24.81	-31.73	6665.13	-3581.89	13799.68	326.99	117.62	528.82
108	529	497	230	84	211	149	-13.71	-24.56	-31.68	6655.47	-3568.80	13822.70	372.64	160.18	506.78
107	530	497	231	84	211	149	-13.48	-24.31	-31.75	6623.50	-3559.56	13848.16	413.51	179.53	485.79
108	530	497	230	85	211	149	-13.28	-24.22	-31.60	6606.72	-3525.58	13854.75	420.74	192.70	461.10
107	529	497	230	84	212	149	-13.13	-24.16	-31.49	6597.79	-3504.50	13841.62	428.75	204.66	451.85
108	530	497	230	84	212	149	-12.98	-24.14	-31.44	6585.10	-3489.07	13815.94	454.26	208.48	450.00
107	530	497	231	84	212	149	-13.08	-24.10	-31.42	6569.44	-3476.02	13777.74	427.90	229.96	442.60
108	529	497	230	84	212	148	-13.18	-23.98	-31.41	6556.77	-3466.42	13748.05	392.40	268.46	437.97
108	529	497	230	83	213	148	-13.30	-23.82	-31.44	6554.93	-3470.70	13745.05	364.83	312.94	434.67
108	529	497	230	84	211	148	-13.20	-23.58	-31.43	6552.18	-3467.16	13775.80	373.19	366.24	443.64
108	529	497	230	83	212	148	-13.00	-23.37	-31.12	6543.18	-3415.41	13824.61	339.68	398.48	461.36
108	530	497	230	85	212	148	-13.19	-23.34	-31.01	6541.62	-3397.83	13888.98	244.20	375.05	467.79
108	529	497	230	84	213	149	-13.57	-23.28	-31.23	6537.74	-3428.94	13963.13	154.69	354.70	464.80
107	529	497	231	85	212	148	-13.47	-23.14	-31.47	6511.05	-3447.70	14033.57	177.25	324.82	475.36
108	529	496	230	84	211	149	-13.31	-23.09	-31.47	6473.10	-3425.91	14077.89	175.29	272.78	479.79
108	529	497	230	84	212	149	-13.50	-23.13	-31.67	6440.84	-3434.02	14101.00	125.93	204.79	474.75
108	529	497	231	85	213	149	-13.78	-23.26	-32.00	6432.80	-3478.11	14093.15	107.73	159.20	472.02
107	529	497	230	84	212	149	-13.79	-23.31	-32.24	6434.16	-3514.41	14069.89	158.94	162.79	475.42
108	529	496	231	85	212	148	-13.77	-23.31	-32.25	6429.25	-3512.29	14041.39	167.60	181.70	470.49
108	529	496	231	84	212	148	-14.08	-23.30	-32.44	6434.59	-3545.87	14026.72	133.07	199.06	450.37
107	529	496	230	85	213	148	-14.03	-23.24	-32.49	6452.66	-3563.78	14004.39	180.66	252.76	447.55
106	529	496	230	85	213	149	-13.90	-23.01	-32.48	6441.03	-3554.99	13994.77	204.03	313.37	432.87
106	529	496	230	84	212	148	-13.82	-22.81	-32.55	6414.77	-3548.64	14003.23	210.93	335.65	412.08
107	529	496	230	85	212	149	-13.66	-22.66	-32.56	6394.44	-3536.81	14017.27	228.13	351.42	397.83
107	528	496	230	84	212	149	-13.40	-22.49	-32.52	6365.31	-3513.37	14018.41	263.78	368.70	397.93
107	528	496	230	86	212	149	-13.15	-22.36	-32.38	6330.85	-3469.30	14014.88	269.44	373.26	399.29
107	528	495	231	86	212	149	-13.11	-22.35	-32.30	6303.71	-3441.84	14011.54	239.86	352.35	404.62
107	528	495	230	84	213	149	-13.23	-22.47	-32.29	6297.12	-3435.74	14008.16	200.77	319.88	407.44
107	528	495	230	85	213	149	-13.44	-22.53	-32.46	6308.86	-3466.36	14003.36	190.48	323.79	413.27
107	528	495	230	85	212	149	-13.46	-22.35	-32.56	6304.82	-3479.04	14003.79	203.86	372.40	417.76
107	528	495	230	84	213	149	-13.46	-22.15	-32.69	6280.98	-3483.09	14021.40	208.27	400.28	407.82
108	528	495	230	86	212	148	-13.49	-22.03	-32.77	6266.13	-3486.73	14037.13	197.85	418.32	389.33
107	528	496	230	85	213	149	-13.51	-21.84	-32.90	6245.22	-3491.80	14048.67	196.61	449.15	379.01
107	528	496	230	85	213	150	-13.37	-21.57	-33.01	6227.36	-3495.01	14067.04	239.68	488.34	378.66
107	528	495	230	86	212	149	-13.00	-21.28	-33.29	6212.59	-3527.06	14092.69	380.55	533.88	392.28
107	527	495	230	86	213	149	-12.39	-20.94	-33.53	6197.16	-3552.10	14123.85	578.47	597.18	412.11
107	528	496	230	86	212	148	-11.82	-20.59	-33.58	6166.91	-3539.10	14173.66	709.64	645.32	398.11
108	528	495	230	86	212	149	-11.38	-20.41	-33.44	6122.96	-3490.94	14226.18	752.76	642.61	359.45
107	527	495	230	86	212	150	-11.11	-20.30	-33.17	6077.01	-3421.40	14255.67	721.17	618.98	312.48
107	527	495	230	86	213	150	-10.69	-20.25	-32.75	6035.56	-3335.13	14259.88	723.12	599.03	293.81
107	527	495	230	86	213	149	-10.32	-20.13	-32.21	5982.18	-3225.17	14251.29	678.41	585.98	284.42
107	527	495	230	86	212	148	-10.16	-20.12	-31.95	5939.28	-3162.51	14240.93	645.24	559.13	295.90
108	527	495	230	85	212	149	-10.16	-20.06	-31.77	5907.91	-3118.99	14236.48	591.98	545.92	317.15
107	527	495	230	85	211	149	-10.24	-19.94	-31.86	5874.12	-3110.24	14243.45	567.53	547.37	348.19
107	527	495	230	86	213	150	-10.37	-19.86	-31.98	5849.21	-3110.12	14264.88	538.35	538.61	371.78
108	527	495	230	86	212	149	-10.59	-19.86	-32.05	5823.15	-3104.62	14282.24	479.98	515.43	382.79
107	527	495	230	85	211	148	-10.99	-19.94	-32.24	5812.59	-3122.99	14308.72	396.04	479.70	378.95
107	527	495	230	86	212	150	-11.31	-19.97	-32.49	5807.16	-3152.24	14317.49	349.53	467.12	372.86
108	527	495	230	85	213	149	-11.22	-19.93	-32.38	5798.40	-3132.43	14326.01	350.06	472.76	371.06
107	527	494	230	85	211	149	-11.17	-19.90	-32.20	5778.48	-3095.60	14321.51	314.40	472.78	360.61
108	527	495	230	86	212	149	-11.08	-19.82	-32.19	5759.56	-3082.62	14319.24	323.03	474.09	362.63
108	527	495	230	85	211	150	-10.74	-19.69	-32.15	5738.38	-3064.49	14305.47	393.43	503.28	388.00
107	527	495	230	86	212	150	-10.29	-19.45	-31.88	5700.26	-3004.67	14306.40	438.96	536.17	419.25
108	527	495	230	86	213	149	-10.33	-19.27	-31.78	5661.65	-2968.43	14337.88	382.01	532.06	435.49
107	527	495	230	86	211	149	-10.79	-19.18	-32.23	5630.17	-3006.21	14394.79	296.66	498.11	430.76
108	527	495	230	86	212	149	-11.09	-19.19	-32.68	5625.46	-3061.50	14436.05	283.08	471.95	433.22
107	527	495	230	86	213	149	-11.08	-19.13	-32.84	5612.38	-3074.63	14466.24	297.32	467.20	430.06
108	527	495	231	85	212	149	-11.13	-19.14	-32.91	5595.37	-3072.10	14478.13	281.06	446.04	406.06
108	527	495	230	85	212	149	-11.06	-19.19	-32.79	5581.80	-3048.89	14492.42	262.81	415.84	373.51
108	527	495	230	85	211	149	-10.92	-19.25	-32.65	5568.11	-3021.25	14493.20	263.87	391.40	353.83
108	527	495	230	86	212	149	-10.76	-19.22	-32.51	5553.50	-2993.98	14492.74	273.22	390.38	346.49
108	527	495	231	86	212	149	-10.64	-19.10	-32.55	5514.83	-2974.68	14502.51	278.36	376.31	345.82
108	527	495	230	86	212	149	-10.81	-19.09	-32.71	5490.69	-2978.95	14511.18	238.39	348.54	335.87
108	527	495	230	85	211	149	-10.94	-19.11	-32.91	5474.95	-2994.40	14509.42	229.92	329.47	328.48
108	527	494	230	86	212	149	-11.09	-19.17	-32.96	5457.60	-2988.08	14509.55	190.88	304.44	315.71
108	527	494	230	86	212	150	-11.35	-19.27	-33.10	5449.92	-3001.28	14502.67	149.33	282.97	304.47
108	527	494	230	86	212	149	-11.40	-19.29	-33.05	5452.63	-2997.81	14482.34	134.57	287.92	291.35
108	527	495	230	86	211	149	-11.42	-19.24	-32.98	5449.60	-2987.72	14482.22	111.39	304.58	278.83
108	527	495	230	86	212	149	-11.50	-19.17	-33.07	5430.12	-2985.74	14480.91	84.07	302.05	267.94
108	527	495	231	86	211	149	-11.72	-19.14	-33.18	5426.61	-2997.45	14479.06	31.32	313.65	252.14
108	527	495	229	87	211	150	-11.80	-18.98	-33.40	5415.28	-3017.18	14486.31	26.30	341.56	240.18
107	527	495	230	85	211	149	-11.79	-18.74	-33.42	5394.32	-3006.72	14510.99	5.58	376.39	220.98
107	526	495	230	86	211	149	-11.75	-18.62	-33.35	5378.60	-2987.18	14518.24	-10.94	394.82	203.18
106	527	495	230	86	210	149	-11.88	-18.44	-33.56	5352.47	-2996.42	14530.53	-32.45	412.78	189.17
107	527	495	230	85	210	148	-11.59	-18.35	-33.60	5329.85	-2986.40	14538.81	31.62	409.39	204.86
107	527	495	230	84	210	150	-11.30	-18.18	-33.44	5302.75	-2948.28	14535.46	54.59	433.92	221.87
108	527	495	231	85	210	149	-11.21	-18.06	-33.36	5279.42	-2922.67	14532.29	42.26	448.57	239.97
107	527	495	230	85	210	149	-11.37	-17.88	-33.72	5260.24	-2954.54	14518.88	46.20	482.04	258.77
107	527	495	230	85	209	149	-11.27	-17.65	-34.12	5225.43	-2981.61	14535.13	109.89	500.64	288.59
108	526	495	230	85	210	149	-11.19	-17.68	-33.91	5205.16	-2942.93	14542.98	74.35	471.71	293.16
109	527	496	230	85	209	149	-11.73	-17.61	-34.29	5197.10	-2983.38	14567.03	-18.72	478.22	277.80
108	527	495	230	85	211	149	-12.00	-17.48	-34.71	5195.65	-3034.81	14582.67	-29.48	506.56	270.71
106	527	495	230	85	209	149	-11.85	-17.38	-34.84	5174.27	-3036.07	14609.34	0.59	502.58	261.17
106	527	495	230	85	210	149	-11.91	-17.41	-34.93	5152.95	-3032.87	14629.87	-27.29	468.30	234.46
106	527	496	230	85	210	150	-11.97	-17.46	-35.16	5134.70	-3048.42	14651.18	-36.13	437.14	214.44
106	527	495	231	85	210	150	-11.81	-17.51	-35.14	5118.77	-3035.60	14643.22	-9.72	413.88	205.22
107	526	496	230	85	209	149	-11.65	-17.45	-35.27	5090.43	-3031.62	14658.66	24.52	391.99	197.71
106	527	496	230	85	209	150	-11.56	-17.51	-35.11	5063.71	-2992.44	14656.13	-0.01	353.04	185.37
106	527	496	231	85	209	149	-11.73	-17.58	-35.25	5054.32	-3003.82	14643.32	-33.96	331.79	172.10
106	526	495	231	84	209	150	-11.64	-17.64	-35.50	5040.01	-3023.83	14628.15	10.99	312.35	178.85
107	527	496	230	85	209	150	-11.64	-17.61	-35.59	5023.61	-3023.04	14609.54	15.64	310.73	167.56
106	527	496	231	85	210	150	-11.66	-17.63	-35.75	5011.03	-3033.29	14612.87	26.46	291.19	160.58
106	527	496	231	85	210	150	-11.60	-17.67	-35.67	5003.68	-3018.42	14605.42	24.18	267.48	153.40
106	527	496	231	85	210	149	-11.63	-17.64	-35.77	4988.69	-3020.90	14607.95	19.53	259.21	147.23
107	527	496	231	85	210	149	-11.62	-17.57	-35.76	4981.66	-3014.05	14602.75	6.50	266.60	146.82
106	527	496	231	85	209	149	-11.55	-17.54	-35.83	4966.77	-3011.75	14603.02	22.32	260.97	153.98
106	527	496	230	86	209	149	-11.45	-17.53	-35.75	4954.84	-2993.76	14604.07	25.71	254.42	160.08
106	527	496	231	85	210	150	-11.39	-17.44	-35.82	4945.09	-2995.88	14614.66	33.87	259.35	173.42
105	527	495	231	85	210	149	-11.40	-17.39	-35.88	4935.04	-2995.08	14614.93	38.03	261.48	185.15
106	527	496	231	86	209	149	-11.57	-17.29	-36.14	4918.69	-3014.73	14617.98	18.73	270.11	186.95
106	527	496	231	85	210	149	-11.67	-17.21	-36.36	4900.35	-3029.79	14621.68	15.19	273.20	191.30
106	527	496	230	86	210	149	-11.84	-17.18	-36.41	4898.93	-3033.90	14622.20	-23.97	280.14	182.78
106	527	496	230	85	209	150	-12.01	-17.18	-36.55	4893.99	-3046.21	14630.29	-52.52	274.59	176.14
106	527	496	231	86	210	149	-12.04	-17.15	-36.73	4888.49	-3066.30	14645.37	-40.04	272.71	167.54
107	527	496	231	86	209	149	-11.98	-17.05	-36.81	4883.46	-3071.38	14662.90	-27.24	283.72	164.31
106	527	496	230	86	209	149	-11.91	-17.02	-36.81	4871.49	-3062.41	14683.16	-29.18	272.63	153.64
107	527	496	230	87	209	149	-11.95	-17.01	-36.96	4861.32	-3073.09	14694.00	-36.27	259.00	142.61
106	527	496	231	86	209	150	-11.94	-16.99	-37.15	4846.65	-3086.84	14698.30	-16.61	246.25	129.38
106	527	496	230	85	209	150	-11.93	-17.05	-37.05	4844.72	-3072.70	14681.59	-31.33	244.79	118.01
106	527	495	230	85	209	149	-11.78	-17.01	-37.05	4835.28	-3065.26	14677.71	-5.41	244.80	115.46
106	527	496	231	86	209	149	-11.58	-17.04	-36.88	4828.32	-3039.20	14671.82	16.41	236.46	120.14
106	527	496	231	86	209	150	-11.65	-17.02	-36.91	4820.30	-3036.44	14663.63	-3.61	233.84	124.98
106	527	496	231	86	209	150	-11.79	-17.01	-37.14	4810.09	-3058.82	14648.45	-5.53	241.35	131.88
105	527	496	230	85	210	150	-11.78	-16.96	-37.24	4801.58	-3062.47	14641.83	5.00	248.98	133.04
105	527	496	230	86	209	150	-11.94	-16.98	-37.39	4803.30	-3083.55	14639.53	-5.45	247.23	125.79
105	526	496	230	85	209	149	-12.04	-16.99	-37.44	4803.54	-3089.17	14633.96	-21.98	250.62	113.05
105	527	497	231	85	209	149	-12.06	-16.94	-37.49	4803.76	-3095.11	14635.06	-28.98	267.44	100.40
106	527	496	230	86	208	150	-11.91	-16.88	-37.49	4797.97	-3090.76	14637.11	-0.08	274.37	93.58
106	527	496	231	86	209	150	-11.80	-16.72	-37.54	4775.47	-3080.42	14649.65	10.17	293.90	87.05
106	527	497	231	86	210	150	-11.51	-16.63	-37.44	4747.90	-3046.80	14662.17	34.31	288.55	93.34
106	527	497	230	86	209	150	-11.61	-16.53	-37.52	4719.10	-3033.46	14673.46	-10.60	279.32	95.93
106	527	497	231	86	209	150	-11.67	-16.55	-37.61	4708.95	-3037.79	14675.79	-24.52	253.41	110.13
106	527	497	230	86	209	150	-11.77	-16.63	-37.72	4715.30	-3055.10	14677.60	-28.90	238.24	120.42
106	526	497	230	87	209	149	-11.96	-16.59	-37.89	4720.54	-3080.34	14669.32	-45.75	263.68	129.50
106	527	497	231	86	209	150	-12.03	-16.58	-38.06	4719.11	-3100.32	14681.05	-40.81	268.74	126.68
106	527	497	230	86	209	150	-12.14	-16.60	-38.11	4724.95	-3110.31	14689.60	-49.77	264.01	108.39
105	527	497	230	86	209	150	-12.21	-16.42	-38.33	4717.91	-3132.39	14707.72	-40.68	296.80	94.32
106	527	497	231	87	209	150	-12.10	-16.28	-38.22	4704.41	-3109.17	14724.73	-50.35	318.81	78.36
105	526	498	230	87	209	150	-12.16	-16.15	-38.43	4683.79	-3117.11	14748.50	-67.98	321.22	57.79
106	527	498	230	86	209	150	-12.01	-16.11	-38.44	4668.80	-3106.26	14762.87	-46.78	311.06	54.80
106	527	498	230	86	210	150	-11.97	-16.12	-38.43	4653.96	-3094.95	14757.93	-48.84	296.71	51.01
106	527	498	231	86	209	150	-11.93	-16.16	-38.44	4641.26	-3086.20	14746.83	-42.95	286.47	48.06
106	527	498	231	87	209	150	-11.95	-16.16	-38.53	4630.60	-3088.29	14735.89	-46.50	287.35	47.76
106	527	498	230	85	208	150	-12.02	-16.14	-38.64	4617.67	-3091.27	14728.89	-60.13	278.53	41.07
107	527	498	230	86	209	149	-12.07	-16.15	-38.78	4608.59	-3101.91	14719.05	-54.72	271.96	36.97
106	527	498	231	86	209	150	-12.05	-16.14	-38.84	4602.36	-3103.01	14713.10	-53.49	271.56	35.57
106	526	498	230	86	209	150	-12.07	-16.14	-38.88	4589.04	-3098.26	14707.84	-58.61	254.93	33.99
106	526	498	230	87	209	149	-12.38	-16.36	-39.27	4564.05	-3126.59	14702.36	-250.34	223.93	6.40
106	526	498	230	87	209	150	-12.33	-16.24	-39.46	4548.05	-3136.26	14713.65	-218.87	237.94	13.08
106	526	498	230	86	209	150	-12.22	-16.12	-39.40	4518.25	-3103.45	14725.16	-220.68	225.29	12.72
106	526	498	230	87	209	150	-12.31	-16.11	-39.68	4485.66	-3111.87	14724.86	-250.37	171.70	13.36
107	527	498	230	86	210	150	-12.62	-16.62	-40.35	4485.49	-3194.51	14639.90	-111.15	2.10	200.19
107	527	498	230	88	208	150	-12.77	-16.56	-40.61	4485.02	-3226.18	14645.50	-103.19	21.90	212.33
107	527	498	230	87	209	150	-12.70	-15.85	-41.86	4377.96	-3290.68	14701.21	123.83	129.28	266.59
107	527	498	230	86	208	150	-12.54	-15.72	-41.85	4357.27	-3270.94	14719.15	130.79	132.27	262.56
107	527	498	230	86	209	150	-12.62	-15.78	-41.72	4354.60	-3253.00	14730.39	79.65	115.80	249.93
107	527	498	230	88	210	150	-12.60	-15.86	-41.63	4368.67	-3252.15	14749.08	69.47	105.41	246.34
107	527	497	230	86	209	150	-12.49	-15.86	-41.36	4375.24	-3225.54	14765.82	64.35	116.24	253.37
107	527	498	230	86	208	149	-12.30	-15.94	-41.16	4378.28	-3202.26	14785.33	69.33	98.58	258.00
107	527	498	229	87	209	150	-12.35	-16.14	-40.89	4402.96	-3189.55	14800.06	26.76	69.45	249.85
106	527	498	230	87	211	150	-12.48	-16.28	-40.96	4419.81	-3213.27	14808.26	16.93	42.13	251.76
106	526	498	230	87	208	150	-12.55	-16.49	-40.81	4447.82	-3218.21	14794.05	4.78	21.57	247.67
106	527	498	230	86	209	150	-12.78	-16.67	-40.91	4467.03	-3249.70	14774.15	-15.76	-1.71	223.24
106	527	497	230	86	209	149	-12.96	-16.81	-41.05	4474.28	-3273.01	14757.24	-32.22	-29.87	189.57
107	526	498	230	88	209	150	-13.05	-16.96	-41.05	4479.57	-3277.76	14741.18	-52.66	-57.73	151.40
106	526	497	231	87	210	150	-13.02	-17.08	-40.88	4494.19	-3268.67	14711.32	-65.03	-69.69	122.58
107	526	498	230	87	209	150	-12.27	-16.87	-39.81	4512.21	-3149.92	14618.28	-83.60	148.49	70.15
106	527	497	230	86	209	150	-12.22	-16.88	-39.64	4516.80	-3132.83	14629.56	-107.57	139.12	65.79
107	527	497	230	87	208	151	-12.43	-16.81	-39.78	4526.36	-3157.39	14638.88	-135.49	150.36	71.30
107	526	497	230	87	209	150	-12.54	-16.70	-40.07	4525.24	-3192.12	14662.34	-126.52	162.74	80.53
107	526	497	230	87	209	150	-12.70	-16.62	-40.31	4528.98	-3226.91	14689.02	-129.24	171.26	77.81
107	526	497	230	87	209	150	-12.81	-16.55	-40.59	4529.53	-3261.97	14718.97	-122.53	166.59	72.52
107	527	497	230	87	208	150	-12.91	-16.59	-40.66	4538.85	-3278.27	14731.42	-128.05	156.97	58.64
107	527	497	231	87	210	150	-13.00	-16.63	-40.81	4539.91	-3298.15	14729.25	-118.95	144.87	44.61
107	526	497	230	87	208	150	-12.96	-16.64	-40.83	4542.71	-3303.05	14724.19	-99.25	141.77	32.53
107	526	497	231	87	209	150	-12.89	-16.65	-40.82	4538.18	-3299.29	14719.58	-84.29	133.63	22.70
106	526	497	230	88	209	149	-12.84	-16.62	-40.83	4532.87	-3295.93	14709.60	-68.98	134.10	18.42
107	526	497	231	87	209	150	-12.72	-16.55	-40.80	4525.03	-3285.13	14705.92	-47.98	139.45	19.30
106	526	497	230	88	210	150	-12.97	-16.66	-41.28	4521.99	-3343.87	14650.69	38.47	184.82	178.77
106	526	497	230	87	209	150	-13.10	-16.64	-41.49	4519.49	-3369.68	14639.16	41.79	184.58	181.13
107	526	497	230	87	209	151	-13.06	-16.63	-41.52	4519.12	-3372.79	14634.60	57.50	183.65	180.42
107	526	497	230	88	209	150	-13.05	-16.61	-41.49	4512.76	-3362.75	14632.07	43.33	175.37	180.45
106	526	497	230	88	210	148	-13.08	-16.62	-41.41	4520.72	-3358.01	14624.86	25.91	171.40	184.23
107	525	496	231	91	208	151	-11.93	-21.22	-32.36	5697.54	-3065.67	14333.05	-1.13	-43.96	-64.88
107	525	496	231	91	208	152	-12.52	-21.39	-32.92	5668.59	-3120.06	14213.38	-157.53	-112.41	-44.38
107	526	496	230	90	207	151	-12.72	-21.62	-32.92	5693.91	-3136.34	14160.84	-184.26	-115.97	-39.03
106	525	496	230	90	207	151	-12.89	-21.71	-32.91	5718.61	-3151.92	14142.20	-199.65	-99.07	-36.63
108	525	496	231	91	208	152	-11.73	-21.38	-32.27	5723.95	-3070.86	14411.62	167.89	-130.67	-237.43
107	525	496	230	90	208	152	-11.92	-21.52	-32.29	5732.95	-3078.32	14369.44	139.64	-148.69	-241.26
107	525	496	231	90	208	151	-12.14	-21.70	-32.35	5755.50	-3100.40	14322.77	128.11	-146.91	-236.80
107	525	496	231	90	208	151	-12.19	-21.74	-32.37	5768.33	-3112.18	14288.03	131.36	-118.81	-229.06
107	525	496	231	91	208	151	-12.35	-21.77	-32.37	5777.71	-3118.37	14261.63	105.29	-104.77	-225.30
107	525	496	231	91	208	152	-12.47	-21.81	-32.35	5784.02	-3119.45	14243.95	83.02	-91.28	-218.99
108	525	496	230	90	207	151	-12.52	-21.75	-32.35	5785.82	-3120.08	14244.15	61.72	-79.47	-212.59
107	525	496	231	90	208	152	-12.56	-21.73	-32.39	5783.73	-3124.88	14250.94	42.09	-74.34	-202.96
107	525	496	231	91	208	152	-12.62	-21.73	-32.34	5787.15	-3120.83	14271.19	13.43	-78.18	-192.71
107	525	496	231	90	209	152	-12.72	-21.76	-32.49	5787.79	-3139.19	14289.83	2.86	-84.67	-179.63
107	525	496	231	90	208	152	-12.76	-21.79	-32.52	5791.00	-3146.83	14299.34	-6.93	-94.83	-164.39
107	525	496	231	90	209	152	-12.84	-21.88	-32.59	5794.65	-3158.29	14297.37	-19.14	-115.39	-152.37
107	525	496	230	91	208	151	-12.93	-21.97	-32.65	5803.72	-3172.78	14300.71	-23.33	-128.42	-137.11
107	525	496	231	90	208	152	-12.96	-22.05	-32.65	5813.93	-3177.34	14289.27	-27.91	-133.55	-122.10
107	525	496	231	90	207	151	-12.96	-22.13	-32.58	5822.83	-3174.87	14279.01	-34.82	-132.22	-103.45
107	525	496	231	90	209	151	-12.87	-22.12	-32.45	5829.89	-3161.13	14269.66	-33.53	-116.06	-73.17
107	525	496	231	91	208	151	-12.92	-22.09	-32.46	5832.80	-3164.47	14267.97	-48.65	-103.51	-50.91
107	525	496	231	91	208	151	-12.99	-22.08	-32.54	5843.36	-3182.65	14267.57	-45.52	-96.18	-25.22
107	525	496	231	91	209	152	-13.02	-22.06	-32.60	5853.79	-3196.71	14277.00	-45.09	-78.83	4.29
105	525	496	230	90	209	152	-13.13	-22.08	-32.69	5867.70	-3218.68	14279.35	-53.44	-76.78	24.08
107	525	496	231	91	209	151	-13.24	-22.15	-32.82	5879.92	-3243.74	14280.58	-48.02	-83.50	37.37
106	525	496	231	90	208	152	-13.34	-22.20	-32.83	5895.72	-3255.96	14276.95	-56.01	-78.42	50.60
107	525	496	231	91	208	151	-13.32	-22.21	-32.83	5902.73	-3260.56	14270.30	-47.96	-71.50	64.92
106	525	496	230	91	208	152	-13.32	-22.23	-32.89	5914.80	-3275.53	14266.99	-29.77	-65.17	69.88
106	525	496	230	91	208	151	-13.26	-22.25	-32.87	5921.26	-3277.95	14268.64	-15.83	-57.37	81.73
106	525	496	231	90	209	152	-13.30	-22.20	-32.99	5920.19	-3293.86	14271.41	-9.44	-50.10	83.45
107	525	496	231	90	208	151	-13.27	-22.15	-33.04	5917.98	-3298.76	14269.04	1.39	-41.94	86.08
107	525	496	231	90	208	151	-13.24	-22.14	-33.05	5917.29	-3299.03	14268.78	7.92	-40.90	85.22
106	525	496	231	91	208	152	-13.31	-22.18	-33.10	5920.82	-3309.67	14262.94	-6.88	-46.00	87.61
107	525	496	231	90	208	152	-13.27	-22.30	-32.99	5942.58	-3307.19	14249.60	7.26	-50.45	95.08
107	525	496	231	90	208	152	-13.20	-22.32	-32.95	5952.05	-3308.43	14238.52	25.60	-39.03	108.38
107	525	496	231	90	208	152	-13.16	-22.38	-32.86	5959.45	-3301.21	14230.39	28.72	-35.68	117.46
107	525	496	231	90	208	153	-13.30	-22.43	-32.95	5971.28	-3321.15	14208.67	23.49	-28.34	114.43
106	525	496	231	91	209	152	-13.42	-22.42	-33.04	5983.91	-3341.89	14198.64	22.86	-9.93	105.21
106	525	496	231	90	208	151	-13.47	-22.35	-33.12	5991.12	-3358.60	14203.31	26.97	15.17	100.90
107	525	496	231	90	208	152	-13.47	-22.30	-33.20	5990.96	-3368.27	14208.74	27.12	26.66	86.01
106	525	496	230	91	208	151	-13.44	-22.24	-33.19	5994.61	-3370.05	14220.50	27.41	34.13	73.16
107	525	496	231	91	209	152	-13.33	-22.19	-33.13	5987.68	-3357.75	14225.48	35.44	38.42	64.30
106	525	496	231	91	207	152	-13.31	-22.22	-33.02	5985.10	-3339.66	14225.00	10.97	29.40	51.33
107	525	496	231	91	208	151	-13.33	-22.29	-33.04	5989.24	-3345.88	14221.15	15.92	16.03	41.72
107	525	496	231	91	208	152	-13.24	-22.35	-32.99	5992.58	-3339.59	14212.50	35.73	15.18	41.63
107	525	496	231	91	209	152	-13.16	-22.37	-32.91	5994.95	-3330.81	14204.27	41.34	20.97	38.85
106	525	496	231	91	208	152	-13.19	-22.38	-32.93	6000.80	-3336.87	14203.26	40.47	24.32	30.71
106	525	496	230	90	208	152	-13.22	-22.37	-32.91	6006.96	-3337.82	14192.09	35.70	38.56	29.57
106	525	496	231	90	208	152	-13.27	-22.26	-33.04	6000.22	-3352.73	14190.29	44.26	58.88	27.29
106	525	496	231	90	208	152	-13.20	-22.21	-33.03	5993.80	-3345.70	14195.98	47.90	65.78	17.83
107	525	496	231	91	208	152	-13.26	-22.19	-32.96	6001.51	-3342.01	14197.18	25.21	66.35	8.14
107	525	496	231	90	208	152	-13.29	-22.19	-33.02	6004.64	-3352.51	14203.92	27.65	72.28	5.03
107	525	496	231	91	209	152	-13.20	-22.10	-33.04	5991.81	-3346.48	14212.92	43.01	77.46	-2.07
107	525	496	231	91	208	152	-13.18	-22.08	-33.00	5979.22	-3333.76	14224.67	26.76	63.84	-11.82
107	525	496	231	90	208	152	-13.16	-22.09	-33.03	5968.86	-3329.87	14227.84	24.77	54.20	-12.53
107	525	496	231	91	209	152	-13.00	-22.13	-32.89	5966.81	-3309.98	14230.85	36.19	40.74	-7.85
107	525	496	231	92	209	151	-13.02	-22.20	-32.82	5971.67	-3303.08	14224.11	21.28	28.30	-1.41
106	525	496	231	91	209	152	-13.02	-22.31	-32.75	5985.69	-3302.33	14214.50	21.66	20.39	6.81
107	525	496	231	90	208	153	-13.10	-22.39	-32.76	5998.20	-3311.01	14197.97	20.48	21.02	7.57
107	525	496	231	91	209	152	-13.11	-22.38	-32.81	6005.49	-3323.46	14189.08	28.16	32.82	9.94
107	525	496	230	91	209	152	-13.10	-22.34	-32.78	6009.82	-3322.09	14187.62	29.90	44.83	10.45
106	525	496	231	91	209	152	-13.17	-22.26	-32.89	6004.13	-3333.98	14200.44	22.65	50.43	5.62
107	525	496	231	92	208	152	-13.10	-22.22	-32.86	5997.52	-3325.88	14212.82	26.97	47.81	5.24
107	525	496	231	91	208	152	-13.05	-22.21	-32.75	5995.25	-3309.99	14213.18	14.27	43.67	6.68
106	525	496	231	89	209	152	-12.98	-22.26	-32.61	6006.08	-3296.29	14212.92	8.46	45.69	17.20
107	525	496	231	91	208	152	-12.90	-22.24	-32.51	6016.78	-3289.07	14213.87	16.59	54.10	27.84
106	525	496	231	91	208	152	-12.90	-22.15	-32.59	6005.14	-3292.42	14226.78	20.06	55.50	40.04
107	525	495	231	91	208	151	-13.04	-22.18	-32.71	5998.88	-3305.60	14232.24	-1.20	36.22	41.79
107	525	496	231	90	208	152	-13.23	-22.25	-32.92	6008.34	-3340.12	14224.03	-2.29	27.91	43.10
107	525	496	231	92	208	152	-13.24	-22.28	-33.00	6009.72	-3352.71	14218.83	12.88	26.47	43.55
106	525	496	231	91	208	152	-13.24	-22.32	-32.92	6010.64	-3342.48	14213.68	2.53	18.49	37.57
107	525	496	231	91	208	152	-13.31	-22.35	-32.98	6007.70	-3348.95	14204.80	-11.84	14.12	32.34
107	525	496	231	90	209	151	-13.21	-22.37	-32.85	6013.92	-3334.31	14204.56	-5.75	19.91	39.37
107	525	495	231	90	208	152	-13.11	-22.41	-32.70	6016.02	-3315.99	14207.33	-8.21	21.17	49.01
107	525	495	231	90	208	152	-13.07	-22.41	-32.70	6014.42	-3313.39	14210.96	-4.55	16.51	65.26
107	525	496	231	91	209	152	-13.12	-22.39	-32.78	6009.10	-3322.12	14210.82	-6.23	19.43	79.39
107	525	496	231	90	208	152	-13.17	-22.40	-32.86	6005.44	-3330.82	14217.87	-13.51	12.01	89.42
107	525	495	231	91	208	152	-13.26	-22.46	-32.93	6011.77	-3344.07	14218.98	-19.99	8.61	99.00
107	525	496	231	91	207	152	-13.28	-22.52	-32.88	6024.38	-3345.87	14213.43	-15.24	5.88	105.45
107	525	495	230	90	208	152	-13.35	-22.61	-32.85	6040.16	-3351.38	14202.76	-23.63	3.14	105.03
107	525	496	231	91	208	151	-13.37	-22.66	-32.82	6053.76	-3356.61	14205.22	-19.30	5.78	103.28
107	525	495	231	90	207	152	-13.36	-22.66	-32.75	6068.07	-3355.58	14208.96	-11.38	12.54	97.86
108	525	495	231	90	208	152	-13.37	-22.65	-32.81	6071.87	-3366.80	14214.51	-2.36	17.31	92.57
107	525	495	231	91	208	152	-13.30	-22.57	-32.86	6061.47	-3367.86	14226.19	20.21	12.80	87.04
107	525	496	231	90	209	152	-13.29	-22.61	-32.84	6055.60	-3359.07	14221.28	14.10	-1.49	79.74
107	525	495	231	90	209	152	-13.29	-22.69	-32.80	6057.62	-3355.71	14205.01	14.39	-12.87	78.75
107	525	496	231	90	208	152	-13.26	-22.74	-32.71	6063.94	-3347.73	14189.96	15.42	-13.07	86.12
107	525	496	231	90	208	152	-13.25	-22.82	-32.65	6072.94	-3343.14	14171.46	21.20	-7.02	92.46
107	525	496	231	91	208	153	-13.27	-22.82	-32.60	6080.89	-3342.98	14159.29	19.49	7.73	96.54
106	525	495	231	91	208	152	-13.39	-22.77	-32.69	6083.65	-3356.83	14159.73	13.12	22.24	96.06
107	525	495	231	91	208	152	-13.51	-22.71	-32.81	6081.27	-3373.59	14168.34	0.31	27.13	84.86
107	525	495	231	91	208	152	-13.60	-22.69	-32.92	6088.40	-3392.91	14182.12	-3.76	28.98	74.61
107	525	496	231	90	208	152	-13.60	-22.72	-32.87	6107.58	-3397.67	14190.82	-4.97	38.18	66.78
107	525	495	231	90	208	152	-13.58	-22.66	-32.89	6102.40	-3398.18	14212.87	1.43	40.77	53.99
107	525	496	231	91	208	152	-13.53	-22.68	-32.80	6096.68	-3381.87	14231.63	-7.29	27.78	38.89
107	525	496	231	91	208	153	-13.50	-22.72	-32.84	6095.05	-3385.18	14231.05	-3.98	14.84	27.45
107	525	495	231	91	208	152	-13.43	-22.71	-32.79	6090.10	-3375.92	14228.70	5.77	5.85	17.83
107	525	495	231	91	209	152	-13.43	-22.83	-32.66	6104.79	-3366.13	14220.66	-4.52	-0.24	10.84
107	525	495	231	91	209	153	-13.42	-22.85	-32.67	6111.15	-3371.42	14208.63	10.51	1.67	14.84
107	525	495	231	91	208	152	-13.44	-22.91	-32.61	6119.99	-3368.65	14190.20	8.13	5.33	4.50
107	525	495	231	91	207	152	-13.56	-22.95	-32.70	6128.39	-3387.02	14170.89	0.03	15.07	-3.57
106	525	496	230	90	208	151	-13.57	-22.88	-32.74	6131.37	-3395.46	14162.14	8.08	38.71	-6.69
107	525	495	231	90	208	152	-13.47	-22.84	-32.65	6127.81	-3379.69	14160.84	13.77	45.18	-17.96
107	525	495	231	91	208	152	-13.54	-22.86	-32.61	6134.22	-3377.71	14166.19	-7.32	41.67	-29.41
107	525	495	231	92	209	152	-13.50	-22.85	-32.60	6137.30	-3378.02	14174.08	-2.05	44.74	-34.49
106	525	495	231	91	208	152	-13.44	-22.77	-32.54	6136.04	-3369.92	14177.38	0.45	63.85	-34.32
107	525	495	231	92	208	152	-13.39	-22.75	-32.50	6136.44	-3363.02	14178.11	9.23	63.36	-33.35
108	525	495	231	91	208	152	-13.47	-22.76	-32.47	6138.41	-3360.27	14177.81	-11.03	60.24	-44.58
107	525	495	231	92	208	152	-13.54	-22.74	-32.53	6149.89	-3375.06	14177.91	-15.18	69.73	-50.85
107	525	495	231	92	209	152	-13.43	-22.67	-32.46	6148.40	-3365.71	14172.02	1.58	90.89	-53.26
107	525	495	231	91	207	152	-13.42	-22.57	-32.46	6139.78	-3360.22	14172.22	-5.90	107.70	-61.65
107	525	495	231	91	208	152	-13.33	-22.56	-32.41	6137.59	-3351.41	14183.61	0.34	107.61	-67.77
108	525	495	231	91	208	152	-13.27	-22.55	-32.35	6143.91	-3347.44	14188.63	-0.52	110.38	-73.88
107	525	495	230	92	208	152	-13.27	-22.55	-32.30	6149.91	-3342.87	14198.19	-9.10	111.71	-75.38
107	525	495	231	91	209	152	-13.32	-22.52	-32.32	6145.82	-3344.72	14201.88	-15.34	115.33	-74.31
107	525	495	231	92	208	152	-13.36	-22.53	-32.35	6146.73	-3348.09	14192.99	-12.42	119.21	-72.95
107	525	495	230	91	207	152	-13.31	-22.51	-32.34	6135.79	-3339.68	14187.74	-10.45	117.40	-74.70
107	525	495	230	91	208	152	-13.29	-22.54	-32.26	6144.40	-3335.50	14173.95	-10.78	119.13	-71.52
107	525	495	231	92	209	151	-13.30	-22.49	-32.25	6144.78	-3333.92	14164.45	-12.94	137.72	-63.69
107	525	495	231	91	208	152	-13.22	-22.45	-32.21	6144.34	-3327.03	14170.03	-9.84	151.89	-57.26
106	525	495	230	91	208	152	-13.25	-22.41	-32.20	6137.13	-3322.68	14172.93	-19.75	151.39	-53.14
107	525	495	231	92	208	152	-13.32	-22.43	-32.33	6138.47	-3341.54	14185.48	-21.91	145.42	-52.24
106	525	495	230	91	208	152	-13.31	-22.50	-32.26	6149.95	-3337.87	14178.61	-18.42	149.60	-44.32
107	525	495	231	91	208	152	-13.30	-22.50	-32.22	6148.05	-3332.77	14176.28	-22.00	151.12	-42.91
107	525	495	231	90	208	151	-13.38	-22.47	-32.35	6141.45	-3345.13	14176.46	-26.10	148.42	-48.71
107	525	495	231	92	208	152	-13.36	-22.47	-32.28	6143.17	-3336.88	14177.44	-34.64	152.79	-53.58
107	525	495	231	92	209	152	-13.37	-22.41	-32.33	6128.01	-3335.43	14175.37	-40.16	149.96	-52.30
107	525	495	231	91	208	152	-13.37	-22.46	-32.24	6127.61	-3320.86	14169.40	-58.55	142.11	-50.83
107	525	495	231	91	207	151	-13.42	-22.46	-32.23	6129.03	-3320.02	14165.13	-73.83	145.10	-45.59
107	525	495	231	91	208	152	-13.40	-22.42	-32.25	6130.98	-3324.62	14169.27	-63.23	156.50	-36.51
108	525	495	231	92	208	152	-13.36	-22.34	-32.26	6120.03	-3319.59	14170.61	-60.17	165.32	-31.29
107	525	495	231	91	208	152	-13.37	-22.33	-32.31	6116.43	-3323.01	14176.08	-61.96	161.51	-20.62
107	524	495	231	91	207	151	-13.40	-22.28	-32.43	6112.81	-3338.26	14180.08	-47.92	166.43	-10.74
107	525	495	231	92	208	152	-13.35	-22.26	-32.41	6105.17	-3330.74	14184.07	-42.72	168.71	-5.95
107	525	494	230	93	207	152	-13.39	-22.27	-32.44	6102.11	-3333.21	14182.27	-58.23	159.57	-6.56
107	525	495	231	92	208	152	-13.46	-22.29	-32.46	6105.80	-3338.95	14179.56	-61.77	155.90	-3.48
107	525	495	231	90	208	151	-13.38	-22.28	-32.44	6102.91	-3333.20	14175.78	-48.23	157.55	2.20
108	525	494	231	92	208	152	-13.33	-22.28	-32.41	6097.97	-3326.54	14177.59	-44.42	151.02	7.84
107	525	495	231	90	208	153	-13.37	-22.32	-32.45	6095.87	-3329.21	14177.91	-52.20	136.77	12.74
107	525	495	231	91	208	153	-13.44	-22.37	-32.52	6109.88	-3348.75	14175.21	-46.24	134.68	18.41
107	525	495	231	91	208	152	-13.43	-22.38	-32.55	6108.58	-3353.11	14170.25	-38.78	134.60	20.19
107	525	495	231	91	208	152	-13.50	-22.42	-32.60	6111.55	-3361.06	14173.94	-50.54	124.47	13.08
107	525	494	231	92	208	152	-13.51	-22.47	-32.61	6112.18	-3364.00	14167.04	-48.31	116.65	8.52
108	525	495	231	91	208	152	-13.51	-22.47	-32.58	6116.37	-3361.60	14160.49	-49.50	119.41	6.40
108	525	494	231	91	208	152	-13.40	-22.43	-32.50	6107.75	-3345.72	14165.07	-34.52	122.54	5.08
107	525	494	231	91	208	152	-13.26	-22.44	-32.38	6101.16	-3323.24	14166.61	-31.60	113.67	9.22
107	525	495	231	91	207	152	-13.29	-22.44	-32.45	6086.70	-3325.28	14172.08	-39.57	105.18	18.26
107	525	495	231	92	208	152	-13.37	-22.42	-32.58	6077.37	-3338.01	14175.28	-42.89	101.72	24.50
107	525	494	231	90	208	152	-13.41	-22.39	-32.71	6074.10	-3354.51	14178.71	-30.74	100.54	29.47
108	525	495	231	91	208	152	-13.34	-22.37	-32.77	6067.99	-3358.19	14183.78	-16.36	91.41	38.85
107	525	495	231	92	208	153	-13.35	-22.43	-32.70	6069.39	-3349.88	14181.79	-29.39	80.09	40.31
107	525	494	231	91	208	152	-13.35	-22.51	-32.67	6081.72	-3352.78	14179.50	-31.37	67.79	50.54
107	525	494	231	91	208	152	-13.29	-22.53	-32.61	6090.84	-3349.74	14175.12	-17.10	75.50	63.07
107	525	494	231	92	207	152	-13.25	-22.54	-32.56	6092.50	-3344.86	14182.77	-15.45	67.42	69.31
107	525	494	231	91	208	152	-13.36	-22.54	-32.69	6091.07	-3362.81	14185.83	-19.17	62.25	69.35
107	525	494	231	91	208	151	-13.33	-22.55	-32.82	6093.12	-3381.27	14185.14	7.39	60.64	76.08
107	525	494	231	91	208	152	-13.30	-22.59	-32.76	6092.86	-3372.81	14179.28	15.62	58.91	81.28
108	525	494	230	92	207	152	-13.30	-22.60	-32.70	6096.02	-3367.17	14170.91	14.49	60.86	85.06
107	525	494	231	92	207	152	-13.25	-22.57	-32.70	6096.42	-3367.41	14167.77	33.46	69.82	95.01
108	525	494	231	90	208	152	-13.13	-22.46	-32.67	6089.00	-3356.84	14168.18	50.34	92.03	113.21
107	525	494	231	92	208	153	-13.17	-22.36	-32.72	6084.75	-3361.80	14181.17	51.12	112.03	133.30
107	524	494	231	92	208	153	-13.14	-22.33	-32.71	6085.31	-3360.31	14182.91	58.66	121.57	149.53
107	525	494	231	92	208	152	-13.19	-22.31	-32.74	6096.84	-3372.69	14194.37	63.13	130.85	155.26
107	525	494	231	91	208	153	-13.14	-22.35	-32.69	6105.00	-3370.06	14196.45	74.43	128.40	155.69
107	525	494	231	92	208	152	-13.18	-22.44	-32.67	6109.15	-3370.15	14200.63	65.15	116.63	147.41
108	525	494	231	92	208	152	-13.26	-22.49	-32.78	6119.09	-3392.85	14206.59	76.10	110.05	135.59
107	525	494	231	91	209	152	-13.16	-22.48	-32.73	6115.14	-3383.40	14209.06	95.09	106.70	126.51
107	525	494	231	91	207	152	-13.07	-22.47	-32.65	6100.78	-3362.83	14205.61	90.44	87.31	110.28
107	524	494	231	91	208	151	-13.07	-22.57	-32.63	6090.14	-3352.09	14182.33	79.36	55.30	98.57
107	525	494	231	92	208	151	-13.07	-22.60	-32.57	6085.04	-3341.49	14162.01	72.10	52.48	96.34
107	525	494	231	91	208	152	-13.01	-22.56	-32.50	6079.58	-3326.41	14140.11	71.99	69.76	103.87
107	525	494	231	92	207	152	-12.94	-22.46	-32.48	6064.00	-3314.89	14126.71	74.54	80.12	118.83
107	525	494	231	90	206	152	-12.96	-22.33	-32.51	6049.40	-3309.15	14127.57	61.07	99.01	131.09
107	525	494	231	92	208	152	-12.95	-22.23	-32.49	6036.93	-3298.89	14140.99	45.76	118.06	149.48
107	525	494	231	92	207	152	-12.97	-22.06	-32.54	6021.09	-3295.15	14163.34	32.12	137.31	173.51
107	525	494	230	91	207	152	-12.94	-21.98	-32.56	6016.63	-3296.39	14190.98	35.07	141.80	197.63
107	525	494	231	91	208	153	-12.95	-21.92	-32.56	6016.20	-3296.37	14205.03	31.61	148.06	228.00
107	525	494	231	92	208	152	-13.06	-21.94	-32.66	6017.79	-3310.15	14223.57	19.73	137.90	251.55
107	525	494	231	92	209	152	-13.27	-22.10	-32.80	6025.50	-3335.04	14220.60	0.55	104.41	264.22
107	525	494	231	91	208	152	-13.51	-22.29	-32.95	6042.03	-3367.09	14199.57	-17.03	80.29	263.41
108	525	494	231	92	208	152	-13.70	-22.46	-32.93	6068.52	-3380.14	14171.39	-43.98	74.67	255.99
107	525	494	231	91	207	152	-13.80	-22.49	-33.02	6078.90	-3399.33	14150.62	-38.98	89.69	248.09
108	525	494	231	92	208	152	-13.69	-22.39	-32.96	6071.15	-3387.16	14148.89	-27.43	111.65	241.29
107	525	494	231	92	207	153	-13.72	-22.29	-32.93	6055.80	-3372.60	14160.64	-58.16	114.67	233.52
107	525	494	231	91	208	152	-13.88	-22.20	-33.09	6052.61	-3393.97	14163.41	-70.70	122.54	237.35
107	524	494	231	91	207	151	-13.89	-22.14	-33.27	6042.78	-3412.28	14174.64	-55.97	126.76	244.38
108	525	494	231	92	208	152	-13.88	-22.04	-33.50	6023.24	-3432.46	14194.51	-34.97	120.92	248.76
107	525	494	230	91	208	152	-13.85	-22.00	-33.57	6018.68	-3440.64	14205.18	-26.32	108.83	249.17
108	525	494	231	91	208	152	-13.86	-22.03	-33.61	6021.74	-3447.81	14209.32	-18.90	100.64	252.51
107	525	494	231	91	208	153	-13.88	-22.04	-33.67	6024.65	-3457.02	14204.86	-11.71	106.80	248.29
108	525	494	231	91	208	152	-13.87	-22.00	-33.74	6011.62	-3459.17	14202.81	-8.92	106.41	246.02
108	524	494	231	92	208	153	-13.91	-22.01	-33.80	6009.44	-3466.21	14187.87	-5.98	110.59	244.92
108	525	494	231	91	208	152	-13.83	-21.92	-33.83	6006.97	-3469.10	14171.28	15.57	139.96	243.33
108	525	494	231	91	208	152	-13.77	-21.80	-33.76	5998.42	-3453.64	14168.51	13.04	162.52	241.91
108	525	494	231	92	208	152	-13.73	-21.71	-33.75	5989.30	-3446.76	14180.69	15.29	167.74	236.82
108	525	494	230	92	208	152	-13.72	-21.66	-33.81	5979.03	-3447.82	14192.85	13.08	166.00	238.12
107	525	494	230	92	208	152	-13.74	-21.71	-33.81	5987.28	-3452.23	14195.81	14.12	160.10	236.87
107	525	494	231	92	208	152	-13.77	-21.75	-33.88	5990.92	-3464.02	14197.02	13.22	154.85	226.27
108	525	494	231	92	208	151	-13.83	-21.88	-33.87	6001.77	-3471.22	14193.17	7.21	138.45	211.16
108	525	494	231	91	208	152	-13.90	-22.03	-33.92	6014.88	-3486.26	14177.11	13.35	121.53	188.95
108	525	494	231	91	207	153	-13.93	-22.05	-33.92	6017.54	-3489.34	14168.05	6.33	123.76	163.81
108	525	494	231	91	207	153	-13.94	-22.06	-33.91	6013.06	-3485.88	14156.85	3.61	118.47	140.12
109	525	494	230	91	208	152	-13.93	-22.02	-33.95	6002.21	-3482.18	14152.21	1.58	118.29	119.16
108	525	494	231	92	209	152	-13.87	-22.03	-33.79	5998.70	-3458.87	14145.00	-9.95	112.33	99.30
108	525	494	231	92	208	152	-13.93	-22.03	-33.80	6000.36	-3460.93	14143.35	-27.50	115.81	86.79
108	525	494	230	91	208	152	-13.91	-21.97	-33.85	5987.95	-3458.68	14135.78	-19.58	131.92	81.45
108	525	494	231	91	208	152	-13.96	-21.86	-33.78	5982.15	-3446.75	14145.79	-45.80	146.13	72.17
107	525	494	231	92	208	153	-14.05	-21.79	-33.99	5972.64	-3468.61	14168.10	-52.16	153.87	68.32
107	525	494	231	92	209	152	-14.01	-21.68	-34.08	5961.01	-3474.58	14179.90	-39.35	164.88	66.65
108	525	494	231	91	208	152	-13.92	-21.62	-34.06	5949.16	-3463.65	14190.50	-43.28	167.33	63.77
108	524	494	231	92	208	152	-13.92	-21.62	-34.05	5943.70	-3458.07	14198.37	-52.07	160.97	66.23
108	525	494	231	91	208	153	-13.95	-21.61	-34.10	5940.12	-3463.57	14197.66	-53.41	160.22	73.27
108	525	494	231	92	209	153	-13.96	-21.55	-34.16	5937.51	-3469.59	14205.57	-45.59	168.56	87.65
108	525	493	230	92	208	152	-14.06	-21.48	-34.37	5923.83	-3489.71	14209.09	-44.51	167.03	94.07
107	525	493	230	91	208	153	-14.19	-21.52	-34.51	5918.44	-3507.62	14205.04	-57.99	157.38	93.27
107	525	494	231	92	208	153	-14.31	-21.56	-34.68	5925.52	-3535.84	14199.19	-50.59	156.91	95.05
108	525	494	231	92	209	153	-14.25	-21.47	-34.80	5914.04	-3545.85	14198.43	-29.86	169.61	94.70
108	525	494	231	92	209	153	-14.18	-21.46	-34.74	5907.94	-3532.36	14212.51	-30.57	171.38	91.12
108	525	494	231	92	208	153	-14.14	-21.44	-34.74	5898.54	-3525.34	14219.88	-33.89	162.61	91.66
108	525	493	231	91	208	152	-14.07	-21.48	-34.69	5900.02	-3520.87	14229.29	-26.19	153.58	96.88
108	525	494	231	91	208	153	-14.08	-21.52	-34.64	5900.42	-3513.03	14226.02	-24.93	148.10	102.43
108	525	493	231	91	209	153	-14.11	-21.53	-34.72	5899.00	-3523.58	14229.72	-19.24	138.20	103.66
108	525	494	231	92	208	152	-14.12	-21.53	-34.76	5902.65	-3532.20	14233.83	-10.78	141.14	107.53
108	525	494	230	90	208	153	-14.10	-21.49	-34.83	5894.51	-3535.59	14245.14	-3.44	137.48	106.05
108	525	494	231	91	209	153	-14.07	-21.53	-34.80	5894.99	-3531.61	14262.29	-9.61	121.01	101.25
108	525	493	231	91	209	153	-14.07	-21.61	-34.74	5902.64	-3529.43	14266.97	-9.38	111.21	104.09
108	525	494	230	92	208	152	-13.97	-21.58	-34.79	5896.71	-3531.76	14268.82	9.89	110.45	107.78
108	524	493	230	92	209	152	-13.93	-21.58	-34.79	5892.87	-3528.57	14280.58	11.19	98.12	104.89
108	525	494	230	91	208	152	-13.89	-21.65	-34.80	5890.63	-3528.14	14271.75	28.63	85.32	111.45
108	525	493	230	91	208	152	-13.78	-21.63	-34.80	5881.30	-3522.53	14249.76	59.00	85.95	122.18
108	525	493	230	92	208	152	-13.79	-21.66	-34.75	5880.23	-3514.81	14229.28	56.95	82.85	126.07
108	524	494	231	92	208	152	-13.82	-21.69	-34.80	5880.42	-3521.47	14209.61	64.60	89.36	134.91
109	525	494	231	92	208	152	-13.82	-21.67	-34.79	5878.20	-3518.19	14199.93	67.62	95.89	148.52
108	525	493	231	92	208	153	-13.92	-21.71	-34.70	5888.29	-3512.68	14195.13	42.19	100.55	153.44
109	525	494	230	91	208	152	-14.08	-21.71	-34.82	5898.87	-3538.65	14196.58	33.58	113.17	152.17
108	525	493	231	91	208	152	-14.04	-21.65	-34.84	5900.93	-3541.32	14197.15	44.45	129.66	148.11
108	524	494	231	92	209	152	-14.04	-21.58	-34.86	5891.68	-3538.65	14222.09	35.23	128.03	138.81
108	525	494	231	92	209	152	-14.06	-21.55	-34.85	5887.30	-3533.92	14238.79	19.57	120.93	128.42
108	525	493	231	92	210	152	-13.98	-21.53	-34.86	5881.53	-3530.62	14254.85	21.94	109.03	123.00
108	525	493	231	91	208	153	-13.93	-21.52	-34.84	5875.66	-3524.49	14261.91	20.69	100.43	120.25
109	525	493	231	90	208	152	-13.94	-21.52	-34.90	5868.08	-3527.87	14269.61	15.91	88.61	118.38
108	525	494	231	91	208	152	-13.93	-21.52	-34.98	5863.87	-3536.27	14269.53	30.16	82.48	115.66
108	525	493	231	91	208	152	-13.84	-21.48	-34.99	5855.48	-3532.46	14259.05	48.80	88.40	119.73
108	525	493	231	92	208	153	-13.74	-21.38	-35.00	5838.50	-3521.24	14250.50	61.86	99.53	128.09
108	524	493	231	91	208	152	-13.63	-21.34	-34.97	5818.78	-3502.57	14242.97	64.17	98.41	133.44
108	525	493	230	92	209	153	-13.66	-21.43	-34.85	5826.44	-3491.25	14232.23	42.76	88.99	141.87
107	524	493	231	92	208	152	-13.69	-21.49	-34.80	5839.92	-3493.88	14212.82	44.37	104.39	159.92
108	525	493	231	93	208	152	-13.67	-21.52	-34.71	5846.52	-3485.79	14194.37	42.41	115.97	170.18
108	525	493	231	92	208	153	-13.83	-21.57	-34.75	5855.19	-3497.70	14173.46	21.94	112.02	177.22
107	525	493	230	92	207	152	-14.00	-21.57	-34.86	5865.04	-3520.01	14155.78	12.09	128.47	179.11
108	524	493	231	91	208	153	-14.14	-21.57	-34.96	5870.58	-3537.61	14147.99	2.13	145.75	174.35
108	525	492	231	92	208	152	-14.18	-21.48	-35.01	5865.05	-3541.53	14155.00	-9.97	156.76	162.64
108	524	493	231	91	208	153	-14.26	-21.42	-35.03	5855.80	-3537.46	14175.04	-40.32	161.57	150.85
108	524	493	231	92	208	152	-14.31	-21.31	-35.13	5845.61	-3544.18	14191.69	-50.01	174.74	144.31
108	524	493	231	92	208	152	-14.28	-21.21	-35.17	5836.73	-3543.77	14214.11	-49.61	182.10	142.75
108	524	493	231	92	208	152	-14.32	-21.21	-35.26	5831.49	-3553.19	14234.80	-53.93	165.35	131.66
108	525	493	231	91	208	152	-14.33	-21.18	-35.41	5824.92	-3569.33	14259.46	-49.73	157.03	117.78
108	524	493	231	91	207	152	-14.26	-21.08	-35.46	5816.47	-3571.06	14293.29	-41.09	158.83	109.94
108	525	493	231	91	208	152	-14.18	-20.98	-35.60	5795.65	-3577.11	14319.42	-22.79	139.89	103.14
108	524	492	231	91	207	152	-14.14	-21.06	-35.62	5790.67	-3577.65	14322.85	-16.80	114.49	92.88
108	524	493	231	92	209	153	-14.14	-21.13	-35.61	5797.33	-3579.77	14306.71	-8.56	111.57	84.79
108	524	493	230	92	208	152	-13.98	-21.17	-35.52	5804.27	-3572.38	14287.17	25.97	118.19	84.90
107	524	493	231	92	208	153	-13.92	-21.21	-35.42	5807.45	-3560.36	14254.82	43.77	120.78	84.70
108	524	493	231	92	209	153	-14.01	-21.14	-35.50	5792.88	-3560.14	14225.87	36.03	132.34	81.97
108	525	492	230	91	208	153	-13.92	-21.12	-35.51	5784.64	-3556.34	14204.18	43.23	135.78	83.32
108	524	493	230	92	208	152	-13.95	-21.16	-35.42	5783.20	-3542.52	14183.57	22.82	137.34	87.60
107	525	493	230	92	209	153	-14.10	-21.17	-35.46	5780.64	-3546.79	14164.19	-0.17	140.27	93.62
108	524	493	231	92	208	152	-14.24	-21.21	-35.45	5780.21	-3545.85	14149.98	-37.81	136.96	95.39
109	524	493	230	92	208	153	-14.49	-21.37	-35.42	5803.20	-3557.36	14151.08	-97.32	119.26	88.67
108	525	493	231	91	208	152	-15.33	-21.53	-35.70	5823.44	-3611.69	14181.53	-268.21	75.60	44.54
107	524	492	230	91	208	153	-16.01	-21.62	-36.16	5852.27	-3700.71	14229.65	-363.00	47.82	-12.89
108	524	492	231	92	208	152	-15.79	-21.52	-36.28	5858.26	-3722.67	14271.97	-297.80	60.33	-47.99
108	524	492	231	92	208	153	-15.20	-21.35	-35.98	5827.14	-3654.54	14290.57	-245.91	63.86	-69.14
108	524	492	231	92	208	153	-14.82	-21.32	-35.69	5796.39	-3591.41	14287.84	-239.91	39.52	-81.54
108	525	492	231	92	208	152	-14.60	-21.35	-35.59	5779.57	-3564.44	14253.85	-206.52	31.89	-63.36
108	524	492	231	92	208	152	-14.49	-21.25	-35.67	5761.59	-3562.22	14218.16	-166.79	54.20	-28.09
109	524	493	230	91	208	152	-14.51	-21.13	-35.86	5754.11	-3585.51	14200.25	-130.55	84.89	11.81
108	524	493	231	92	208	152	-14.67	-21.08	-36.11	5743.60	-3613.43	14195.04	-129.82	85.64	40.82
109	524	492	230	91	208	152	-15.02	-21.19	-36.42	5760.42	-3670.16	14179.28	-139.03	77.76	52.18
108	524	492	231	91	208	153	-15.23	-21.27	-36.53	5787.20	-3707.45	14172.52	-143.28	90.72	56.62
107	524	493	230	92	209	152	-15.31	-21.29	-36.58	5803.84	-3726.08	14176.49	-146.72	93.89	53.24
108	524	493	230	92	208	152	-15.25	-21.32	-36.51	5813.45	-3722.18	14192.07	-140.13	89.84	44.28
108	524	493	230	92	208	152	-15.19	-21.37	-36.46	5814.78	-3716.87	14206.06	-139.22	73.25	38.17
107	524	492	231	93	209	152	-15.15	-21.44	-36.42	5822.44	-3716.22	14211.96	-136.81	61.24	35.86
108	524	493	231	92	208	152	-15.01	-21.39	-36.45	5812.52	-3713.61	14217.56	-107.47	59.37	38.76
109	524	493	230	91	208	152	-14.83	-21.39	-36.40	5805.89	-3701.33	14225.08	-83.55	52.81	48.58
108	524	493	230	92	208	151	-14.93	-21.46	-36.50	5798.20	-3711.07	14221.03	-93.52	31.82	51.40
107	524	493	230	92	208	151	-15.01	-21.53	-36.63	5803.69	-3733.91	14216.18	-84.50	19.47	56.73
108	524	493	231	92	208	152	-14.99	-21.61	-36.66	5818.10	-3749.02	14213.77	-63.57	22.00	63.24
108	524	493	231	92	208	152	-14.97	-21.68	-36.65	5833.80	-3758.17	14205.08	-47.09	22.00	64.78
109	524	493	231	93	208	152	-15.01	-21.75	-36.66	5847.71	-3771.26	14188.83	-42.14	26.85	59.84
108	524	493	231	92	208	152	-14.94	-21.69	-36.71	5840.92	-3772.29	14176.99	-14.78	38.76	56.45
108	524	493	231	92	208	152	-14.77	-21.60	-36.60	5825.87	-3746.28	14155.14	7.51	58.07	59.23
109	524	493	230	93	208	153	-14.71	-21.53	-36.52	5808.38	-3720.77	14145.38	-10.72	63.07	54.31
108	524	493	231	94	208	153	-14.76	-21.53	-36.52	5802.76	-3715.73	14125.91	-24.88	65.81	62.85
109	524	492	230	92	208	152	-14.48	-21.47	-36.42	5802.22	-3701.94	14125.21	29.51	89.87	96.16
109	524	492	231	92	208	153	-14.20	-21.31	-36.22	5786.31	-3660.24	14126.35	51.49	118.03	139.40
109	524	492	231	92	208	152	-14.27	-21.25	-36.25	5766.00	-3650.63	14137.83	24.36	106.18	164.88
109	524	493	230	92	208	152	-14.46	-21.34	-36.31	5766.90	-3659.10	14127.94	-12.11	86.77	189.73
108	524	492	230	92	207	152	-14.61	-21.40	-36.41	5770.55	-3676.74	14116.75	-29.70	77.23	216.90
109	524	492	231	93	208	153	-14.72	-21.47	-36.47	5766.42	-3682.31	14089.51	-44.16	62.72	241.80
109	525	492	230	92	208	152	-15.07	-21.50	-36.63	5763.50	-3703.59	14058.03	-99.11	65.48	265.81
109	524	492	231	92	208	152	-15.47	-21.49	-36.92	5774.33	-3754.01	14043.13	-132.65	77.36	284.12
109	524	492	231	92	207	152	-15.76	-21.51	-37.06	5805.21	-3798.31	14039.77	-152.02	103.99	291.92
108	524	492	231	92	208	152	-15.87	-21.41	-37.23	5818.75	-3833.80	14043.38	-135.57	143.44	296.72
109	524	493	230	92	207	152	-15.64	-21.20	-37.27	5817.61	-3839.71	14061.82	-81.04	188.27	298.83
109	524	493	230	92	208	153	-15.23	-20.94	-37.14	5801.93	-3808.92	14076.12	-26.69	232.11	306.94
109	524	492	231	94	208	153	-15.09	-20.73	-37.08	5778.64	-3781.27	14096.52	-30.15	255.20	314.25
109	524	492	231	92	208	153	-15.19	-20.56	-37.34	5752.50	-3801.01	14126.49	-41.40	253.59	317.38
109	524	493	231	93	208	153	-15.31	-20.52	-37.55	5748.68	-3828.76	14132.97	-30.88	250.96	326.01
109	524	493	231	92	208	152	-15.48	-20.47	-37.73	5737.64	-3848.32	14122.52	-47.08	256.76	329.56
109	524	492	230	92	208	152	-15.78	-20.49	-37.94	5737.36	-3879.31	14107.39	-80.73	258.62	319.04
109	524	492	230	92	207	153	-15.90	-20.41	-38.21	5736.49	-3919.74	14120.22	-65.79	273.89	317.73
109	524	493	231	92	208	153	-15.74	-20.23	-38.24	5728.47	-3918.15	14156.41	-41.60	304.05	316.55
109	524	492	230	92	208	153	-15.54	-20.05	-38.27	5691.45	-3894.45	14211.99	-43.37	288.85	307.02
109	524	492	231	93	208	153	-15.59	-20.09	-38.30	5666.87	-3879.52	14260.19	-96.95	229.60	287.62
109	524	492	231	92	208	153	-15.56	-20.24	-38.40	5660.33	-3888.95	14299.18	-95.26	165.07	282.09
109	524	492	230	92	207	152	-15.44	-20.47	-38.35	5669.11	-3889.50	14302.02	-62.89	116.72	286.13
109	524	492	231	91	209	152	-15.45	-20.63	-38.39	5666.66	-3892.62	14303.12	-61.20	69.53	280.28
109	524	492	230	92	208	152	-15.60	-20.84	-38.50	5673.12	-3913.59	14287.96	-64.34	31.41	272.61
109	524	493	231	92	207	152	-15.68	-21.02	-38.61	5682.47	-3938.31	14262.17	-44.87	9.54	260.63
109	524	492	231	92	208	153	-15.81	-21.19	-38.57	5703.94	-3948.20	14227.26	-59.93	2.51	236.60
108	524	492	231	92	208	153	-15.91	-21.22	-38.60	5710.95	-3959.59	14191.09	-61.33	12.13	215.17
109	524	492	230	92	208	153	-15.90	-21.22	-38.56	5712.00	-3953.81	14162.74	-58.66	28.88	194.66
109	524	492	230	92	209	152	-15.88	-21.15	-38.55	5712.20	-3952.72	14156.80	-57.43	58.53	180.68
108	524	493	231	92	208	152	-15.69	-20.88	-38.61	5690.39	-3944.48	14171.96	-21.86	89.01	187.74
109	524	492	231	92	209	153	-15.54	-20.64	-38.66	5647.87	-3918.66	14189.16	-25.87	93.41	194.86
109	524	492	230	92	208	153	-15.63	-20.64	-38.72	5632.48	-3915.12	14201.71	-61.97	66.29	198.46
109	524	492	230	92	208	152	-15.73	-20.68	-38.90	5626.25	-3937.97	14210.62	-64.52	40.82	215.69
109	524	492	231	92	208	153	-15.59	-20.76	-38.87	5617.34	-3925.87	14215.49	-42.95	11.23	239.21
109	524	492	230	91	208	152	-15.74	-21.13	-38.63	5644.67	-3911.38	14195.71	-101.85	-42.23	249.70
109	524	493	231	92	208	152	-16.21	-21.53	-38.68	5702.84	-3965.41	14165.53	-139.21	-74.32	250.66
109	524	492	230	93	208	153	-16.24	-21.61	-38.68	5747.90	-4001.14	14153.65	-99.55	-48.20	253.73
109	524	492	231	92	208	153	-16.17	-21.47	-38.67	5754.70	-4004.28	14164.97	-82.77	-11.34	239.39
109	524	492	231	92	209	152	-16.25	-21.39	-38.71	5752.17	-4009.87	14182.32	-108.23	-2.13	215.27
109	524	492	230	93	208	153	-16.25	-21.39	-38.72	5772.36	-4027.97	14204.80	-96.42	10.73	197.01
109	524	493	231	92	208	153	-16.12	-21.16	-38.88	5759.34	-4042.77	14228.56	-49.85	42.99	187.21
109	524	492	230	91	208	153	-15.90	-21.02	-38.88	5740.77	-4026.24	14245.73	-21.31	53.04	171.10
109	524	493	231	92	209	153	-15.90	-20.93	-39.03	5718.33	-4031.12	14269.85	-22.94	43.64	151.59
109	524	492	231	92	209	153	-15.84	-20.94	-39.12	5708.22	-4037.77	14269.56	2.91	35.81	152.01
109	524	492	230	92	208	153	-15.63	-20.94	-39.03	5692.61	-4011.08	14234.08	36.61	30.32	159.26
109	524	492	230	92	208	153	-15.70	-21.00	-39.07	5662.77	-3992.33	14165.97	26.93	12.75	164.70
109	524	492	231	92	208	153	-15.97	-21.15	-39.19	5648.04	-3999.51	14073.67	2.78	-1.83	170.06
109	524	492	230	91	209	152	-16.08	-21.19	-39.21	5649.63	-4004.73	13990.79	18.54	34.96	196.46
108	524	492	230	92	208	152	-15.99	-21.06	-39.06	5654.15	-3985.70	13947.65	31.17	106.41	234.79
109	524	492	230	92	208	153	-16.00	-20.81	-38.98	5647.84	-3967.41	13945.87	0.66	164.89	270.00
108	525	492	231	92	208	153	-16.17	-20.68	-38.99	5657.85	-3976.04	13971.77	-48.02	202.64	299.15
108	524	492	231	92	209	153	-16.36	-20.65	-38.95	5694.16	-4000.64	14023.19	-92.07	230.71	315.29
109	524	492	231	92	209	152	-16.40	-20.51	-39.07	5709.65	-4030.01	14086.23	-91.67	259.43	329.78
109	524	492	231	92	209	153	-16.38	-20.29	-39.28	5706.57	-4061.51	14181.32	-83.94	272.06	322.04
109	524	492	231	92	208	152	-16.31	-20.16	-39.49	5691.24	-4082.43	14268.25	-72.49	251.60	303.94
109	524	492	231	92	209	153	-16.20	-20.18	-39.62	5673.68	-4087.31	14335.24	-63.61	196.97	279.74
109	524	492	231	92	208	152	-16.16	-20.37	-39.64	5668.99	-4086.74	14349.87	-62.43	133.32	252.15
109	524	492	231	92	208	152	-16.16	-20.56	-39.76	5661.14	-4099.41	14326.78	-36.36	80.16	225.39
110	524	492	231	92	208	152	-16.11	-20.72	-39.79	5654.09	-4097.44	14277.84	-7.64	53.55	202.08
109	524	492	230	92	208	153	-16.10	-20.84	-39.78	5659.18	-4101.96	14229.95	21.49	49.52	183.32
109	524	492	230	93	208	153	-16.03	-20.78	-39.82	5650.82	-4099.27	14199.45	48.51	64.20	173.26
109	524	492	231	92	208	153	-15.97	-20.72	-39.80	5635.88	-4083.30	14175.08	50.19	74.94	168.04
109	524	492	230	92	208	153	-16.04	-20.70	-39.89	5627.09	-4091.74	14160.73	39.43	77.54	164.99
109	524	492	231	92	208	153	-16.07	-20.70	-39.96	5620.93	-4096.35	14152.29	32.26	72.51	162.34
109	524	492	231	94	208	153	-16.19	-20.73	-39.96	5628.09	-4103.33	14141.47	16.09	77.74	164.32
109	524	492	230	92	209	153	-16.21	-20.63	-40.04	5621.28	-4110.77	14138.60	22.59	90.35	167.16
109	524	492	231	91	208	152	-16.16	-20.65	-40.02	5615.82	-4102.23	14144.67	17.16	83.63	155.70
108	524	492	230	92	208	153	-16.30	-20.71	-40.01	5629.63	-4111.52	14145.44	-5.70	78.50	146.01
109	524	492	231	92	208	151	-16.28	-20.63	-40.08	5625.55	-4120.34	14156.56	8.34	90.13	148.86
109	524	492	231	92	208	153	-16.20	-20.62	-40.00	5620.07	-4102.72	14173.14	5.02	82.27	140.72
109	524	492	230	92	208	152	-16.27	-20.69	-40.05	5621.27	-4112.39	14189.88	-7.48	66.51	128.83
109	524	492	231	93	208	153	-16.25	-20.64	-40.21	5609.00	-4126.97	14198.79	12.24	57.28	120.34
109	524	492	230	92	208	153	-16.22	-20.64	-40.19	5595.95	-4112.22	14210.65	5.23	37.77	110.63
109	524	492	230	92	208	153	-16.26	-20.79	-40.12	5609.95	-4112.21	14203.71	-3.03	17.13	106.59
108	524	492	230	92	208	153	-16.21	-20.83	-40.12	5611.86	-4114.80	14201.53	14.17	8.12	104.31
109	524	492	231	91	208	153	-16.14	-20.87	-40.10	5602.66	-4103.66	14199.85	22.36	-10.43	104.85
109	524	492	231	92	208	153	-16.13	-20.95	-40.14	5597.33	-4105.47	14199.26	26.54	-41.11	104.41
108	524	492	231	91	208	152	-16.16	-21.07	-40.12	5607.46	-4111.60	14203.90	18.87	-72.16	103.29
109	524	492	231	92	209	153	-16.19	-21.31	-40.02	5637.29	-4121.22	14193.70	27.07	-101.55	104.62
109	524	492	230	93	209	153	-16.25	-21.48	-40.03	5655.83	-4136.56	14191.42	35.07	-122.12	100.14
109	524	492	231	92	208	152	-16.27	-21.69	-39.90	5683.03	-4139.53	14169.25	45.92	-145.52	83.03
108	524	491	230	92	208	153	-16.38	-21.87	-39.79	5714.88	-4148.76	14149.18	35.22	-150.09	59.43
109	524	492	231	92	209	153	-16.37	-21.93	-39.71	5742.74	-4159.52	14140.52	48.91	-139.74	39.26
109	524	492	231	93	209	152	-16.17	-21.89	-39.62	5748.60	-4148.34	14132.50	91.26	-115.05	26.40
109	524	491	230	92	208	152	-16.04	-21.86	-39.45	5744.97	-4118.12	14123.87	84.20	-108.60	6.88
109	524	492	231	92	209	153	-16.10	-21.92	-39.36	5755.12	-4114.62	14104.88	62.04	-109.72	-12.42
109	524	492	231	92	208	153	-16.00	-21.88	-39.31	5756.77	-4107.09	14094.83	80.49	-87.98	-15.75
109	524	491	231	92	208	153	-15.82	-21.75	-39.15	5752.53	-4078.93	14098.49	90.61	-57.33	-12.31
110	524	492	231	92	208	153	-15.75	-21.65	-39.10	5747.30	-4065.19	14116.57	83.98	-48.26	-8.34
109	524	492	231	92	208	152	-15.77	-21.60	-39.07	5744.34	-4059.73	14138.94	69.63	-50.15	-1.38
109	524	492	231	92	208	152	-15.80	-21.65	-39.04	5755.92	-4064.74	14156.59	62.60	-60.84	-0.81
109	524	492	231	92	209	153	-15.79	-21.68	-39.04	5773.12	-4077.10	14180.36	73.82	-65.30	3.33
109	524	492	231	92	208	152	-15.63	-21.74	-38.93	5781.07	-4068.85	14191.34	101.18	-85.84	4.72
109	524	492	230	92	208	153	-15.56	-21.90	-38.80	5787.81	-4052.61	14193.38	99.42	-122.64	-8.97