78	260	272	126	98	222	182	-0.85	3.66	-161.82	-891.67	-69.12	15291.16	-1254.98	576.87	283.34
78	259	273	126	99	222	181	-1.10	3.80	-160.50	-898.89	-103.66	15272.20	-1243.73	610.98	319.18
77	260	275	126	98	222	181	-1.34	4.04	-158.62	-925.14	-159.28	15288.59	-1188.34	622.93	329.62
78	260	275	125	98	222	181	-1.53	4.12	-157.94	-953.49	-188.91	15329.16	-1155.33	588.83	314.89
76	260	277	126	97	222	182	-2.09	4.05	-156.03	-956.41	-240.67	15324.50	-1193.66	551.24	289.39
76	259	278	126	96	223	182	-2.47	4.15	-154.50	-969.79	-288.64	15328.48	-1192.33	542.33	271.37
76	260	281	126	97	223	183	-2.71	4.23	-153.38	-994.30	-332.00	15336.05	-1166.46	521.31	260.20
76	260	281	126	97	223	183	-3.03	4.20	-151.42	-994.39	-390.60	15328.25	-1140.39	495.15	254.94
76	261	281	126	97	223	182	-3.21	4.20	-149.79	-995.27	-440.87	15337.24	-1093.77	479.19	237.40
77	260	282	126	96	223	182	-3.38	4.25	-148.67	-1005.50	-481.83	15355.57	-1063.28	469.33	223.08
77	260	283	126	97	223	183	-3.65	4.35	-147.64	-1019.23	-524.74	15354.59	-1059.57	466.66	215.27
76	261	284	126	96	223	183	-3.87	4.46	-146.07	-1029.67	-583.70	15359.87	-1017.79	469.53	209.91
78	261	284	125	97	223	184	-3.82	4.55	-145.84	-1045.58	-602.52	15387.87	-967.35	466.75	193.91
77	262	286	124	97	223	182	-3.96	4.56	-145.79	-1055.10	-611.99	15417.68	-966.03	446.52	186.92
77	262	286	124	97	223	182	-4.15	4.56	-145.15	-1065.75	-640.99	15425.20	-959.93	427.49	182.97
77	262	287	124	97	224	182	-4.35	4.54	-144.15	-1068.86	-679.34	15444.74	-951.33	410.37	174.32
77	261	287	124	97	223	183	-4.52	4.57	-143.39	-1085.22	-720.17	15458.70	-922.12	398.90	162.91
78	262	288	124	97	223	183	-4.42	4.59	-143.21	-1101.56	-739.57	15475.96	-858.46	372.30	153.81
76	262	289	124	97	223	183	-4.37	4.61	-143.59	-1114.28	-734.19	15484.16	-845.44	354.64	148.72
77	262	289	120	97	223	183	-4.48	4.61	-143.19	-1119.77	-754.28	15478.96	-839.32	332.41	153.19
77	262	290	123	97	223	182	-4.58	4.66	-142.84	-1135.38	-780.76	15475.41	-815.45	315.33	153.98
78	262	289	123	98	224	183	-4.60	4.70	-142.74	-1155.61	-799.93	15476.04	-776.98	292.92	154.58
77	263	291	124	97	223	183	-4.69	4.64	-142.38	-1150.43	-810.73	15474.04	-770.73	271.87	156.40
78	263	291	124	98	224	183	-4.82	4.61	-141.25	-1151.31	-858.19	15481.33	-737.39	251.28	153.58
78	263	291	124	97	223	183	-4.86	4.62	-140.86	-1160.74	-882.48	15476.67	-708.12	232.41	151.30
78	263	290	123	97	223	182	-4.95	4.51	-140.27	-1159.70	-907.76	15473.03	-692.77	199.44	146.13
77	263	291	124	98	224	183	-5.14	4.54	-139.53	-1164.92	-944.57	15472.78	-690.93	193.97	142.98
78	263	292	125	97	224	183	-5.21	4.48	-138.94	-1155.47	-963.54	15477.34	-677.93	186.12	140.13
78	264	291	125	97	224	183	-5.27	4.44	-138.51	-1156.90	-984.17	15472.88	-661.18	167.52	141.02
78	264	292	126	97	224	183	-5.40	4.36	-137.56	-1151.45	-1024.56	15458.03	-642.98	150.04	128.52
77	264	292	125	98	223	182	-5.38	4.28	-137.17	-1138.68	-1031.73	15448.53	-626.18	139.24	120.80
78	264	293	126	98	224	183	-5.48	4.26	-136.47	-1126.95	-1053.94	15436.50	-619.92	137.63	117.21
78	264	294	126	98	223	183	-5.51	4.26	-135.94	-1128.20	-1081.45	15432.48	-587.87	135.25	114.20
78	264	293	126	98	224	183	-5.50	4.18	-135.62	-1126.99	-1095.97	15434.26	-559.23	117.83	104.59
79	265	293	126	98	224	183	-5.62	4.11	-134.86	-1116.24	-1123.77	15425.94	-551.82	107.59	98.81
79	265	294	126	97	224	183	-5.66	4.12	-134.17	-1111.63	-1153.59	15428.45	-528.23	111.26	92.62
78	264	294	126	97	223	183	-5.62	4.13	-134.12	-1113.05	-1158.31	15440.62	-512.51	105.35	90.54
78	266	294	127	98	224	183	-5.60	4.09	-133.88	-1104.99	-1161.79	15440.79	-507.89	94.18	95.81
79	265	294	127	98	224	183	-5.69	4.04	-133.37	-1096.94	-1180.10	15439.55	-507.34	90.87	101.67
78	265	294	127	98	224	183	-5.82	4.01	-132.69	-1086.70	-1206.90	15426.97	-504.73	92.08	107.58
79	265	295	127	98	224	183	-5.92	3.97	-131.96	-1078.76	-1236.95	15420.43	-494.09	93.02	102.86
78	266	294	127	97	223	183	-5.90	3.98	-131.59	-1073.22	-1251.50	15422.20	-469.64	98.77	109.46
79	266	296	127	98	224	183	-5.85	3.97	-131.30	-1081.56	-1277.73	15433.09	-420.25	83.84	111.89
78	266	295	127	98	225	183	-5.80	3.94	-131.00	-1070.89	-1281.04	15428.24	-398.29	81.04	116.69
78	265	295	127	98	225	183	-5.80	3.93	-130.92	-1074.54	-1290.99	15441.23	-385.98	79.84	118.61
79	266	295	125	97	224	183	-5.84	3.94	-130.58	-1072.41	-1307.64	15446.37	-383.53	79.90	118.98
79	266	296	127	98	224	183	-5.86	3.90	-130.14	-1067.99	-1328.26	15450.85	-359.25	73.50	119.98
79	266	295	127	98	224	183	-5.75	3.85	-129.89	-1059.79	-1332.85	15447.70	-323.44	61.38	115.33
79	267	295	127	98	224	183	-5.66	3.85	-129.94	-1059.40	-1329.60	15446.12	-300.82	56.81	113.42
79	267	296	127	98	224	183	-5.64	3.91	-130.04	-1067.83	-1334.72	15453.01	-290.28	55.02	116.99
79	266	296	126	98	224	183	-5.84	3.90	-129.36	-1063.84	-1369.39	15447.36	-293.96	53.92	117.54
79	266	295	126	97	224	182	-5.85	3.89	-128.82	-1058.45	-1396.32	15450.99	-259.01	59.57	111.62
79	267	296	126	98	224	183	-5.77	3.87	-128.74	-1051.73	-1392.10	15443.44	-240.36	58.39	101.84
80	267	296	126	98	224	183	-5.70	3.84	-128.59	-1047.94	-1396.30	15450.47	-212.75	50.22	90.79
79	267	296	126	98	224	183	-5.75	3.82	-128.58	-1047.14	-1397.48	15447.35	-215.66	40.16	78.60
80	267	296	126	98	224	182	-5.78	3.76	-127.93	-1029.39	-1415.21	15426.38	-191.08	33.80	70.47
79	267	297	127	98	225	183	-5.72	3.79	-128.06	-1029.52	-1407.05	15413.66	-180.27	45.86	67.65
79	268	297	126	98	225	182	-5.70	3.83	-127.85	-1028.24	-1418.29	15417.78	-159.71	56.97	67.42
80	267	298	125	98	224	183	-5.60	3.86	-128.06	-1039.43	-1420.38	15401.29	-131.82	53.97	56.50
80	268	298	125	98	224	183	-5.50	3.87	-128.29	-1042.46	-1409.16	15380.83	-109.33	52.77	49.22
79	268	298	123	98	225	183	-5.45	3.91	-128.56	-1049.13	-1401.30	15363.78	-96.46	62.04	48.06
80	268	298	128	98	225	183	-5.30	3.97	-128.98	-1059.68	-1387.04	15336.59	-79.04	62.88	54.16
80	268	299	127	98	225	183	-5.39	3.97	-128.91	-1055.09	-1387.09	15325.16	-98.29	70.59	63.30
80	268	298	127	98	224	182	-5.61	4.04	-128.35	-1054.14	-1420.13	15334.91	-118.48	93.21	72.49
79	268	298	128	98	224	183	-5.78	4.04	-127.69	-1048.63	-1455.72	15358.96	-121.05	107.85	77.46
80	268	299	127	98	225	182	-5.88	4.06	-127.18	-1046.00	-1485.54	15365.41	-107.95	114.76	70.49
80	269	298	127	98	225	183	-5.96	4.03	-126.46	-1039.30	-1524.86	15386.34	-76.25	121.97	53.51
80	269	300	128	98	224	182	-5.95	3.99	-125.85	-1027.54	-1549.82	15395.43	-45.29	126.87	24.39
80	269	299	128	98	224	183	-5.80	3.97	-125.68	-1022.16	-1554.73	15418.25	-0.22	134.83	-5.33
79	269	299	129	98	225	183	-5.58	4.00	-126.23	-1034.45	-1532.39	15436.74	32.14	128.04	-30.31
80	269	300	129	98	225	183	-5.38	3.99	-126.64	-1032.93	-1503.97	15437.10	46.48	123.38	-47.10
80	269	300	130	98	224	183	-5.29	4.04	-126.92	-1038.28	-1491.97	15443.25	57.21	131.26	-55.64
80	270	300	130	97	225	182	-5.16	4.09	-127.27	-1048.57	-1482.17	15460.09	77.60	134.25	-67.31
80	269	300	130	98	225	183	-5.06	4.11	-127.69	-1056.34	-1465.67	15485.28	85.17	129.59	-84.30
80	269	299	129	98	224	183	-4.85	4.12	-128.43	-1062.72	-1425.78	15495.22	89.01	113.56	-87.38
80	269	300	130	98	225	183	-4.73	4.13	-128.77	-1062.79	-1404.89	15478.46	98.41	114.83	-79.21
80	270	300	130	98	224	182	-4.59	4.19	-129.28	-1076.85	-1389.65	15485.93	120.94	111.09	-80.35
80	269	300	129	98	224	183	-4.39	4.11	-129.67	-1065.00	-1353.17	15482.04	125.49	96.94	-85.63
81	270	300	130	99	225	183	-4.34	4.13	-130.15	-1067.75	-1327.91	15472.94	109.62	90.84	-83.30
80	270	300	130	99	226	183	-4.33	4.15	-130.52	-1071.97	-1310.51	15470.49	92.28	88.75	-76.19
80	270	301	130	98	225	182	-4.31	4.10	-130.61	-1061.57	-1293.39	15470.16	80.17	90.31	-64.33
80	270	300	130	98	225	183	-4.32	4.14	-130.82	-1072.69	-1293.52	15473.86	77.61	89.94	-45.56
80	270	300	130	98	226	183	-4.30	4.10	-130.84	-1067.86	-1287.84	15481.56	86.73	84.20	-25.88
81	270	300	129	98	225	183	-4.32	4.06	-130.94	-1057.06	-1269.25	15484.49	60.04	81.59	-8.64
81	270	301	130	98	225	182	-4.54	4.03	-130.48	-1062.81	-1302.39	15495.26	46.04	69.76	8.39
81	270	300	130	99	225	182	-4.60	3.93	-130.22	-1064.07	-1319.47	15491.90	56.94	38.57	9.82
80	270	300	131	100	225	183	-4.65	3.86	-129.92	-1047.27	-1316.29	15479.50	41.79	33.24	9.38
81	271	300	130	98	225	183	-4.69	3.89	-129.66	-1033.90	-1315.88	15479.73	32.80	50.63	8.86
81	271	300	130	99	225	183	-4.64	3.95	-130.01	-1032.21	-1293.89	15471.74	14.56	70.90	4.97
81	271	301	130	99	225	183	-4.62	4.00	-130.08	-1034.40	-1291.99	15475.15	15.39	75.25	7.97
81	271	301	130	99	225	183	-4.54	4.00	-130.51	-1033.88	-1266.99	15480.60	2.42	77.99	21.42
81	271	301	130	98	225	183	-4.64	3.99	-130.33	-1028.98	-1270.84	15470.37	-16.10	82.04	35.20
81	272	301	131	98	225	183	-4.63	3.96	-130.59	-1029.73	-1257.90	15473.65	-27.70	77.04	41.14
81	271	301	131	98	225	183	-4.79	3.95	-130.26	-1027.85	-1273.00	15472.96	-57.11	71.94	44.18
81	271	301	131	98	225	184	-4.87	3.89	-129.97	-1014.05	-1274.95	15473.92	-72.51	75.79	49.23
80	271	302	131	99	223	183	-4.90	3.90	-129.84	-1009.95	-1275.21	15487.42	-80.73	87.25	60.81
81	272	301	130	98	225	183	-4.92	3.90	-129.85	-1015.05	-1282.45	15491.45	-75.35	80.19	65.82
81	271	302	131	99	225	183	-5.00	3.92	-129.74	-1017.10	-1291.92	15484.88	-83.98	79.73	72.43
81	271	301	131	98	224	183	-5.09	3.92	-129.59	-1018.45	-1300.13	15471.63	-95.68	78.44	76.46
81	272	302	131	99	225	183	-5.28	3.98	-129.51	-1031.52	-1321.92	15475.45	-122.50	73.92	78.34
81	273	302	131	99	224	183	-5.39	3.91	-129.16	-1027.35	-1337.63	15472.48	-132.37	61.17	74.77
82	272	301	131	99	225	183	-5.51	3.97	-128.98	-1032.58	-1354.14	15474.25	-144.50	68.07	70.63
81	272	302	131	98	225	183	-5.48	4.00	-129.10	-1034.55	-1349.44	15476.34	-140.53	76.61	66.65
81	272	302	131	98	224	183	-5.53	3.98	-128.94	-1039.42	-1365.37	15479.12	-140.85	70.68	61.72
81	272	302	131	99	225	183	-5.54	3.93	-128.59	-1030.25	-1375.10	15484.97	-133.66	70.35	62.33
81	272	302	132	99	225	183	-5.54	3.96	-128.42	-1031.54	-1386.14	15487.92	-119.43	75.83	58.62
81	273	303	132	98	225	183	-5.49	3.93	-128.43	-1032.96	-1388.83	15502.32	-105.90	60.94	50.08
81	273	303	132	98	225	183	-5.47	3.84	-128.51	-1031.52	-1381.59	15503.61	-110.21	39.29	45.63
81	272	302	132	99	224	183	-5.61	3.80	-128.25	-1030.14	-1396.91	15498.03	-126.90	36.78	47.30
82	273	302	132	98	225	184	-5.62	3.80	-128.14	-1031.23	-1404.67	15508.32	-125.40	37.54	41.53
81	273	303	132	99	225	184	-5.67	3.74	-127.77	-1020.47	-1414.43	15505.11	-128.78	35.66	42.31
81	272	303	132	98	225	183	-5.67	3.70	-127.40	-1018.05	-1434.91	15499.25	-101.04	28.13	43.89
81	273	304	132	99	224	183	-5.57	3.66	-127.58	-1015.14	-1418.17	15500.29	-95.34	20.42	37.55
81	273	302	132	99	225	183	-5.68	3.61	-127.08	-1005.79	-1437.66	15502.68	-110.73	14.95	28.77
82	273	303	132	98	225	183	-5.78	3.63	-126.98	-1000.30	-1438.58	15490.54	-132.79	17.15	25.63
81	273	303	131	98	224	183	-5.80	3.59	-126.60	-992.88	-1451.65	15481.41	-121.20	13.70	23.65
81	273	303	132	98	225	183	-5.71	3.54	-126.72	-981.24	-1429.26	15474.74	-125.44	4.61	20.92
81	272	303	132	98	224	183	-5.83	3.45	-126.10	-962.58	-1443.40	15453.41	-137.37	-6.42	27.37
81	273	303	132	98	225	184	-6.08	3.49	-125.72	-966.05	-1474.63	15425.54	-155.60	0.75	20.80
81	273	303	132	98	225	184	-6.25	3.50	-125.33	-969.75	-1504.10	15428.46	-166.77	-3.69	-4.64
81	273	304	132	99	225	184	-6.32	3.38	-125.06	-966.66	-1518.49	15447.24	-175.08	-34.40	-42.16
81	273	304	132	98	225	183	-6.45	3.20	-124.34	-951.73	-1546.97	15448.87	-182.63	-63.18	-66.65
81	273	305	132	98	225	183	-6.43	3.20	-123.92	-938.34	-1557.02	15448.43	-164.90	-48.92	-72.12
81	273	305	132	98	225	184	-6.28	3.23	-123.91	-933.62	-1551.57	15468.21	-145.65	-37.88	-77.11
81	273	305	132	99	225	183	-6.20	3.14	-123.92	-926.54	-1539.99	15488.80	-135.87	-59.43	-83.45
81	273	304	132	98	224	183	-6.06	2.94	-123.41	-899.01	-1535.79	15491.36	-106.57	-78.86	-87.88
81	273	306	132	98	225	184	-5.82	2.86	-123.42	-880.26	-1506.00	15481.79	-82.30	-74.27	-76.24
81	273	306	132	99	225	184	-5.83	2.84	-123.47	-880.85	-1502.70	15489.30	-88.28	-80.80	-68.98
81	273	305	132	98	225	183	-5.93	2.69	-122.73	-854.21	-1514.17	15478.43	-102.07	-88.76	-66.38
82	273	306	132	99	225	183	-5.92	2.60	-122.01	-832.50	-1531.26	15472.91	-79.31	-85.08	-63.46
81	273	306	133	99	225	183	-5.78	2.60	-122.06	-825.67	-1516.70	15467.87	-58.05	-81.67	-52.38
81	273	305	132	98	226	183	-5.77	2.60	-122.06	-824.59	-1514.26	15460.07	-54.10	-82.39	-39.52
82	273	305	132	99	224	184	-5.91	2.59	-121.70	-822.36	-1538.95	15464.67	-60.54	-88.67	-33.24
81	274	306	133	98	225	184	-5.85	2.51	-120.89	-799.04	-1559.20	15461.03	-20.66	-92.69	-28.33
81	274	305	132	98	225	184	-5.72	2.55	-120.74	-792.89	-1558.24	15474.58	18.32	-85.15	-18.56
81	274	305	132	99	225	184	-5.64	2.49	-120.55	-779.44	-1551.73	15478.05	39.55	-83.89	-10.88
82	274	305	133	98	225	183	-5.64	2.49	-120.11	-766.07	-1562.34	15485.75	56.98	-71.35	-3.44
82	274	306	133	99	225	183	-5.56	2.55	-119.83	-768.17	-1588.82	15524.66	113.23	-54.63	-0.52
81	274	306	133	99	225	184	-5.32	2.50	-119.46	-752.96	-1589.58	15590.83	171.72	-51.80	-3.44
81	274	307	133	98	225	183	-5.31	2.31	-119.36	-742.91	-1579.50	15670.89	153.13	-81.01	-2.12
81	274	306	133	99	225	183	-5.46	2.09	-118.61	-722.37	-1601.13	15728.54	127.37	-118.16	2.59
81	274	306	132	99	225	183	-5.67	1.90	-118.27	-717.65	-1620.07	15733.11	98.45	-167.15	-11.64
82	275	306	133	98	224	183	-5.79	1.74	-117.62	-697.97	-1635.47	15695.26	88.88	-195.44	-32.01
82	274	306	133	98	225	183	-5.63	1.66	-117.69	-692.67	-1621.90	15679.90	117.44	-217.77	-55.46
81	274	306	133	98	225	183	-5.37	1.50	-118.06	-685.43	-1577.20	15651.90	132.67	-253.68	-71.14
82	274	307	133	98	225	183	-5.22	1.33	-117.99	-667.56	-1548.34	15617.91	136.63	-286.20	-81.78
82	274	306	133	99	225	182	-5.14	1.22	-117.58	-645.38	-1539.92	15561.81	148.45	-299.29	-96.74
82	275	306	133	99	225	183	-4.81	1.19	-117.89	-643.72	-1510.73	15516.92	209.13	-313.32	-109.90
82	274	307	133	98	225	182	-4.51	1.09	-118.09	-619.73	-1451.19	15471.27	218.97	-320.96	-117.21
82	275	306	133	99	225	183	-4.53	0.99	-117.53	-585.54	-1428.63	15427.31	194.37	-306.46	-110.85
81	275	307	133	98	224	182	-4.30	1.03	-117.39	-560.07	-1390.20	15406.74	210.25	-265.64	-86.51
82	275	307	134	99	223	182	-4.17	1.07	-117.39	-548.26	-1368.09	15427.21	221.39	-244.76	-72.13
82	274	305	134	98	224	182	-4.01	0.99	-117.16	-526.45	-1342.49	15450.65	227.27	-233.37	-60.72
82	275	307	134	99	225	182	-4.02	0.97	-116.94	-506.13	-1317.56	15461.51	200.86	-224.00	-45.09
82	275	306	134	98	225	182	-4.03	0.94	-116.36	-481.22	-1310.48	15472.44	189.42	-205.20	-17.83
82	275	307	133	99	224	182	-4.03	0.93	-115.86	-465.96	-1314.96	15497.62	198.95	-192.59	-0.74
82	275	306	133	99	224	182	-4.13	0.81	-115.28	-449.26	-1324.01	15518.94	193.45	-209.26	5.15
82	275	307	134	99	223	182	-4.22	0.73	-114.66	-432.40	-1333.21	15525.59	188.23	-213.45	9.54
82	275	307	134	98	225	181	-4.26	0.71	-114.19	-415.38	-1332.35	15537.71	185.36	-204.87	12.51
82	276	307	134	99	225	182	-4.29	0.69	-113.87	-404.81	-1332.73	15555.62	182.95	-207.38	12.74
82	275	307	134	98	224	182	-4.25	0.57	-113.51	-390.57	-1329.50	15563.84	187.55	-221.06	7.25
82	275	307	134	99	224	181	-4.22	0.43	-113.02	-367.64	-1315.42	15569.05	182.37	-233.66	3.84
82	276	306	134	99	224	181	-4.13	0.38	-112.47	-341.86	-1297.05	15577.40	182.20	-232.43	5.54
82	275	307	133	98	224	181	-4.09	0.31	-112.18	-323.77	-1276.20	15590.33	167.84	-242.50	9.07
82	276	307	134	99	224	182	-4.13	0.21	-111.97	-318.58	-1280.99	15600.61	158.25	-265.93	8.86
83	276	307	134	98	224	181	-4.08	0.06	-111.56	-298.05	-1264.94	15593.98	155.74	-289.73	8.32
82	275	307	134	98	224	181	-3.91	-0.13	-110.65	-262.95	-1246.89	15583.68	177.10	-302.65	8.90
82	276	306	134	98	224	181	-3.77	-0.17	-110.54	-249.40	-1221.75	15568.10	183.25	-302.46	20.81
82	276	306	134	99	224	182	-3.85	-0.26	-110.07	-237.13	-1227.46	15567.89	171.63	-318.94	23.57
82	276	308	134	99	224	181	-4.02	-0.46	-109.18	-213.47	-1238.09	15551.90	141.00	-342.54	24.49
82	276	307	134	99	224	181	-4.15	-0.64	-107.18	-167.00	-1282.78	15523.10	171.40	-327.82	23.82
82	276	307	134	99	223	180	-3.81	-0.49	-106.72	-150.05	-1276.04	15528.75	261.83	-272.73	21.38
82	276	306	133	99	223	180	-3.51	-0.50	-107.05	-143.95	-1220.84	15542.51	277.89	-273.49	12.61
82	276	307	134	99	223	181	-3.59	-0.73	-106.51	-122.75	-1204.00	15538.98	235.70	-314.61	-1.62
82	276	307	134	100	224	181	-3.54	-0.87	-105.09	-83.61	-1211.80	15523.03	259.11	-312.78	-1.24
82	277	307	134	99	223	181	-3.24	-0.88	-104.78	-72.03	-1202.81	15539.28	335.11	-307.24	-6.83
83	276	306	135	100	224	181	-2.84	-1.01	-105.12	-63.03	-1132.27	15553.12	361.05	-337.78	-19.69
83	277	306	134	99	223	181	-2.90	-1.29	-103.80	-23.08	-1117.25	15550.86	330.80	-366.79	-22.65
82	276	308	134	98	224	181	-2.77	-1.37	-103.14	-0.92	-1095.39	15537.52	339.61	-370.95	-20.97
82	277	307	134	99	224	181	-2.64	-1.45	-103.09	8.52	-1064.22	15549.24	341.18	-391.81	-31.87
82	276	307	135	99	224	180	-2.55	-1.57	-102.77	28.30	-1014.41	15547.98	302.72	-413.32	-25.98
83	277	307	135	99	223	180	-2.65	-1.70	-101.49	61.48	-1007.29	15544.78	270.68	-412.10	-7.38
83	277	308	135	100	224	180	-2.65	-1.73	-100.29	87.01	-1021.73	15559.94	297.95	-396.44	8.04
83	277	308	135	99	224	181	-2.58	-1.82	-99.61	105.06	-1015.04	15589.95	315.65	-404.52	9.09
82	277	307	134	99	223	180	-2.56	-2.01	-98.43	135.80	-1002.09	15600.65	308.87	-420.05	6.98
83	277	307	135	99	224	181	-2.40	-2.15	-96.95	174.81	-972.98	15607.62	317.32	-413.24	20.93
83	277	307	134	99	224	181	-2.38	-2.19	-96.44	187.07	-961.13	15616.64	308.76	-418.43	32.89
83	277	307	134	99	224	181	-2.39	-2.38	-94.82	224.32	-958.08	15629.00	303.32	-435.11	25.79
83	277	307	134	99	224	181	-2.33	-2.57	-93.54	255.10	-934.57	15641.75	294.70	-457.90	16.95
83	277	307	134	99	224	181	-2.28	-2.77	-91.59	300.15	-899.84	15614.87	271.47	-464.36	22.50
83	277	307	133	99	224	181	-2.26	-2.89	-90.00	334.54	-878.85	15586.72	261.95	-458.84	32.38
82	277	308	133	99	223	181	-2.08	-3.02	-88.62	363.41	-868.11	15586.59	306.55	-464.55	26.66
83	278	307	127	99	223	181	-1.87	-3.11	-87.66	381.04	-820.70	15591.66	315.77	-481.32	32.63
82	277	307	131	99	224	181	-1.86	-3.36	-85.41	425.99	-805.47	15563.68	295.88	-507.61	31.45
82	278	307	123	99	224	182	-1.76	-3.57	-83.01	469.69	-771.20	15516.49	282.74	-508.68	33.72
82	278	308	126	99	223	181	-1.70	-3.68	-80.83	508.21	-747.64	15474.67	272.45	-483.99	47.44
83	278	307	125	99	223	181	-1.75	-3.72	-79.26	538.80	-742.05	15455.33	262.18	-465.14	60.27
83	278	308	126	99	223	181	-1.66	-3.80	-77.80	564.66	-730.55	15449.77	279.07	-462.89	59.85
83	278	307	125	99	223	181	-1.42	-3.94	-74.79	609.02	-678.02	15418.88	269.87	-444.44	72.86
83	278	308	125	99	223	181	-1.59	-4.02	-73.32	636.97	-675.12	15388.33	239.67	-428.22	92.02
82	278	307	126	99	223	181	-1.67	-4.09	-71.95	666.32	-685.37	15377.92	240.49	-414.61	89.12
82	278	307	125	99	224	181	-1.51	-4.13	-70.20	687.21	-648.10	15389.02	240.17	-410.98	88.36
82	278	307	129	99	223	181	-1.49	-4.19	-67.81	718.25	-609.89	15366.37	207.66	-393.03	107.54
82	278	307	129	99	224	181	-1.57	-4.09	-67.37	739.74	-638.40	15385.65	231.12	-343.93	133.17
83	278	306	130	99	223	181	-1.65	-4.00	-67.79	743.15	-670.68	15395.77	263.22	-324.48	142.86
83	278	307	130	100	223	181	-1.80	-3.96	-67.93	760.59	-718.14	15398.78	294.71	-296.51	127.06
82	278	307	128	99	223	182	-1.60	-3.93	-67.26	764.36	-693.84	15429.64	311.47	-290.93	89.91
82	278	308	120	100	223	182	-1.50	-4.02	-65.01	790.74	-645.35	15448.36	273.45	-287.58	69.77
83	278	306	125	99	224	182	-1.42	-4.03	-63.78	812.41	-637.08	15460.54	288.73	-268.71	73.23
82	278	307	128	99	224	182	-1.36	-4.09	-61.95	848.79	-631.22	15489.51	299.09	-240.12	73.17
84	279	307	129	99	223	181	-1.34	-4.02	-62.10	848.35	-637.86	15531.44	318.13	-233.46	56.21
83	278	308	127	99	223	182	-1.16	-4.14	-60.30	858.13	-586.17	15552.46	298.58	-261.74	40.30
83	278	307	124	99	223	182	-1.22	-4.32	-57.61	891.02	-545.26	15524.44	230.25	-270.05	48.73
83	278	307	127	99	224	182	-1.23	-4.33	-56.89	913.27	-555.40	15512.62	243.79	-245.30	68.40
83	279	307	127	100	224	182	-1.15	-4.27	-56.29	915.61	-538.23	15518.59	246.25	-233.19	75.63
83	279	307	127	99	223	182	-1.14	-4.31	-55.40	920.83	-516.12	15512.46	219.14	-243.38	70.44
83	279	308	125	98	223	182	-1.28	-4.37	-54.08	936.99	-498.11	15470.03	160.78	-246.71	74.37
83	278	307	123	99	223	182	-1.41	-4.40	-53.46	963.94	-516.41	15437.53	157.29	-223.17	84.85
83	279	307	125	99	224	182	-1.24	-4.34	-51.87	984.14	-495.79	15441.45	181.92	-188.86	102.21
83	278	307	125	100	224	182	-1.17	-4.36	-50.38	992.53	-462.80	15450.18	160.88	-182.57	106.30
83	279	308	124	99	223	182	-1.33	-4.46	-49.54	1008.71	-458.86	15430.87	111.93	-187.64	108.99
83	279	308	124	100	223	182	-1.55	-4.50	-48.91	1033.47	-469.51	15398.93	71.09	-166.01	112.09
83	279	308	122	99	223	182	-1.60	-4.44	-48.47	1046.80	-471.64	15388.38	59.28	-130.26	115.93
84	279	307	130	99	223	183	-1.65	-4.29	-48.71	1048.86	-480.66	15364.76	68.52	-87.00	137.44
83	279	308	130	100	223	182	-1.66	-4.15	-49.62	1057.21	-517.22	15326.12	127.69	-33.00	154.06
83	279	307	128	100	223	182	-1.24	-3.97	-48.48	1062.75	-490.16	15326.22	208.81	26.90	161.41
83	279	308	121	99	223	181	-1.15	-3.72	-48.16	1038.02	-453.05	15360.31	179.77	57.51	157.74
84	279	308	121	99	223	181	-1.34	-3.70	-48.66	1042.92	-471.20	15378.09	159.78	62.83	158.15
84	279	307	128	99	223	182	-1.09	-3.68	-46.81	1058.17	-438.84	15377.19	182.64	84.04	154.80
83	279	308	135	99	223	182	-1.07	-3.53	-46.47	1044.86	-414.90	15400.33	151.46	106.69	149.06
83	280	307	135	99	223	182	-0.98	-3.52	-45.54	1049.02	-396.75	15406.71	154.24	116.35	142.70
84	280	308	135	100	222	182	-0.90	-3.48	-45.40	1044.97	-387.72	15428.18	165.52	122.24	142.12
83	280	307	135	99	222	182	-0.83	-3.49	-44.54	1046.72	-368.93	15453.77	161.20	122.02	141.31
84	280	307	134	99	223	182	-0.76	-3.54	-43.37	1062.78	-355.88	15485.68	163.39	127.42	145.25
84	280	307	133	99	223	182	-0.66	-3.47	-43.03	1054.04	-339.49	15527.79	171.67	134.25	153.78
83	280	308	133	99	222	182	-0.77	-3.51	-43.09	1053.94	-340.32	15559.00	143.84	121.79	160.44
83	280	307	133	99	223	182	-0.80	-3.54	-42.26	1049.64	-317.30	15580.45	101.54	106.30	156.17
84	281	308	134	100	222	182	-0.96	-3.59	-41.28	1051.96	-296.23	15576.83	22.87	95.84	161.76
83	280	308	128	99	222	182	-1.10	-3.58	-42.49	1049.96	-322.02	15559.99	12.72	97.24	171.83
83	280	308	129	99	221	182	-1.02	-3.54	-43.13	1043.67	-331.52	15547.19	53.44	101.28	178.63
83	281	308	128	99	221	182	-0.87	-3.57	-42.77	1035.68	-315.55	15534.83	65.16	84.02	167.25
84	280	307	134	100	222	182	-0.85	-3.63	-41.05	1036.10	-278.17	15512.89	14.21	68.22	165.39
83	280	308	133	99	222	182	-1.16	-3.65	-42.59	1040.29	-316.86	15487.84	-15.40	74.16	174.02
83	281	309	131	99	223	182	-1.17	-3.55	-43.80	1039.08	-343.22	15483.25	14.97	95.50	172.22
83	280	308	131	100	221	181	-1.00	-3.51	-43.65	1027.52	-328.06	15501.29	38.17	91.47	158.21
83	281	308	133	100	222	182	-1.06	-3.59	-43.58	1026.75	-325.05	15513.02	19.31	67.25	142.50
84	281	308	134	99	222	182	-1.22	-3.64	-43.28	1037.61	-329.20	15521.37	-19.76	68.89	140.37
84	281	308	135	99	222	182	-1.54	-3.52	-45.95	1030.93	-387.74	15546.30	-35.22	88.64	138.10
83	280	308	133	100	223	182	-1.51	-3.47	-45.88	1019.18	-373.75	15545.59	-46.41	89.76	119.50
84	281	308	132	99	221	182	-1.50	-3.47	-45.03	1024.42	-358.67	15522.71	-71.09	106.27	110.17
83	280	308	135	98	222	181	-1.31	-3.32	-44.13	1017.80	-330.33	15528.17	-62.78	139.91	124.77
84	281	309	135	98	222	181	-1.28	-3.20	-44.40	998.31	-318.02	15561.36	-59.39	147.21	135.63
84	280	308	133	99	222	182	-1.33	-3.22	-45.46	992.20	-336.32	15584.50	-47.67	133.25	133.80
84	281	308	128	99	221	182	-1.31	-3.27	-44.83	991.39	-320.90	15586.47	-60.14	122.19	136.01
84	281	308	131	99	221	182	-1.34	-3.26	-44.56	986.42	-309.65	15576.75	-80.13	121.98	149.01
84	281	309	131	99	221	182	-1.47	-3.26	-44.70	987.90	-313.97	15556.51	-109.53	128.38	168.71
84	281	308	129	99	221	182	-1.60	-3.27	-45.26	990.70	-329.67	15540.28	-115.40	131.06	179.92
84	281	309	133	99	221	182	-1.57	-3.23	-46.64	980.17	-351.59	15552.07	-82.68	127.66	185.17
84	282	308	133	100	221	182	-1.60	-3.31	-46.58	978.16	-347.01	15545.46	-89.50	113.53	188.02
84	282	309	134	100	222	182	-1.73	-3.30	-47.21	980.05	-365.66	15518.39	-96.37	118.20	197.86
84	282	309	131	99	221	182	-1.78	-3.31	-46.78	987.25	-362.38	15489.87	-116.90	126.44	205.62
84	282	309	132	99	221	182	-1.99	-3.29	-48.15	994.89	-404.06	15481.58	-125.76	144.17	212.09
83	282	310	131	99	221	182	-2.09	-3.24	-48.98	996.54	-428.25	15488.30	-123.67	158.81	208.69
84	281	310	131	99	222	183	-2.12	-3.26	-49.44	999.11	-444.44	15487.48	-111.09	159.72	202.40
84	282	309	132	100	220	182	-2.14	-3.30	-49.63	1004.36	-455.62	15479.71	-104.88	157.38	191.78
84	282	310	132	98	220	182	-2.05	-3.26	-49.62	1000.94	-450.44	15487.32	-92.94	166.11	182.19
84	282	310	130	100	220	183	-1.94	-3.23	-48.77	998.49	-425.32	15497.56	-102.89	172.76	180.93
84	282	310	133	100	221	182	-2.10	-3.18	-50.33	992.17	-461.05	15520.68	-103.70	174.42	179.19
83	282	309	133	99	221	183	-2.02	-3.17	-50.59	983.16	-457.60	15524.24	-85.76	165.80	163.58
84	282	310	134	100	221	182	-2.04	-3.22	-50.47	984.00	-455.52	15529.03	-97.37	155.01	154.55
84	283	310	134	99	221	183	-2.11	-3.30	-50.71	995.00	-475.34	15508.58	-94.30	151.06	145.42
84	282	310	133	99	221	182	-2.14	-3.22	-51.40	990.65	-489.98	15483.15	-82.19	171.06	129.60
84	282	309	134	100	222	182	-2.01	-3.12	-51.70	977.72	-481.28	15493.59	-61.38	173.40	110.97
84	283	310	134	99	221	183	-1.88	-3.14	-50.56	980.43	-452.61	15501.31	-63.66	169.23	101.37
83	282	310	135	100	222	182	-1.91	-3.13	-50.67	979.01	-455.38	15513.05	-74.53	166.42	105.70
84	282	310	135	99	221	182	-1.93	-3.17	-50.95	978.86	-461.81	15514.40	-71.05	165.10	102.82
84	282	310	135	100	221	183	-2.02	-3.18	-51.32	985.12	-480.12	15520.08	-69.50	171.80	98.38
84	282	311	135	99	221	183	-1.96	-3.17	-51.59	978.46	-479.92	15522.87	-57.07	167.36	90.36
84	283	310	135	99	221	182	-2.05	-3.09	-52.64	968.74	-497.92	15532.33	-58.02	176.69	86.69
84	282	310	136	100	221	183	-2.02	-3.10	-52.64	968.50	-497.62	15538.91	-45.42	170.20	83.21
84	283	310	135	99	222	182	-1.92	-3.19	-52.03	975.48	-488.94	15549.17	-31.25	153.04	80.60
85	283	310	135	99	221	182	-1.99	-3.25	-52.37	975.70	-498.90	15537.51	-37.99	142.39	77.82
84	283	310	135	100	221	183	-2.06	-3.26	-52.96	971.72	-511.95	15517.63	-38.94	134.67	64.37
85	282	310	135	100	221	182	-2.18	-3.31	-53.15	976.93	-524.15	15484.75	-50.49	133.09	48.96
84	283	310	135	100	221	183	-2.28	-3.33	-53.74	979.89	-547.15	15466.71	-38.77	129.03	33.16
84	283	310	135	100	222	183	-2.13	-3.36	-53.04	991.09	-540.39	15445.98	-7.08	139.53	29.20
84	282	309	136	99	221	182	-2.14	-3.32	-53.64	979.94	-544.37	15408.08	-4.07	152.01	18.34
84	283	308	135	99	221	182	-2.12	-3.26	-54.07	979.54	-557.75	15387.07	24.58	168.70	3.72
84	283	306	135	99	221	182	-2.02	-3.17	-54.62	966.56	-557.46	15396.92	50.65	175.37	-25.31
84	283	305	136	99	221	182	-1.94	-3.17	-54.08	964.83	-537.59	15397.07	45.37	171.30	-54.30
83	282	304	135	99	221	181	-1.90	-3.15	-54.06	962.79	-533.91	15388.42	52.70	175.74	-66.28
84	282	302	136	99	221	182	-1.74	-3.13	-54.20	956.65	-529.81	15400.00	82.27	182.15	-80.37
84	282	300	136	99	221	182	-1.58	-3.09	-54.11	952.82	-521.32	15413.60	118.90	185.89	-87.25
85	282	298	136	98	221	182	-1.41	-3.06	-54.54	944.18	-524.26	15431.72	168.26	182.35	-95.79
85	281	295	136	98	221	181	-1.25	-3.04	-53.99	945.17	-508.85	15432.33	196.69	185.68	-112.20
85	280	294	136	98	222	181	-1.07	-3.01	-53.32	938.31	-478.80	15424.12	202.71	187.60	-126.39
86	280	295	137	99	221	180	-1.10	-2.91	-53.28	928.20	-464.66	15423.51	180.07	196.87	-128.72
86	281	294	137	99	222	181	-1.19	-2.87	-53.28	924.59	-458.63	15425.74	147.92	204.67	-133.33
85	280	295	136	98	221	181	-1.22	-2.79	-53.39	919.36	-455.30	15426.85	136.32	220.89	-134.87
85	281	294	137	98	221	181	-1.14	-2.68	-53.38	905.99	-435.93	15424.71	133.11	235.19	-140.77
86	281	294	137	98	222	181	-1.22	-2.58	-53.11	895.69	-414.54	15425.47	82.45	252.93	-147.63
86	281	295	137	99	222	180	-1.31	-2.45	-54.00	878.31	-416.21	15437.00	52.83	255.94	-148.90
85	281	295	137	99	222	181	-1.40	-2.41	-54.63	867.39	-417.40	15447.15	27.09	255.74	-151.56
86	281	295	137	99	222	181	-1.40	-2.39	-54.87	860.22	-414.13	15461.99	23.18	253.55	-155.78
87	281	295	137	96	221	181	-1.39	-2.29	-54.77	855.41	-405.42	15468.89	18.07	270.28	-157.29
86	281	295	137	99	222	181	-1.40	-2.20	-55.16	846.24	-403.35	15483.45	13.82	289.16	-154.63
86	281	295	137	99	222	181	-1.43	-2.13	-55.47	834.33	-394.18	15498.07	-7.62	296.35	-156.59
86	281	296	137	99	221	181	-1.55	-2.10	-56.16	829.41	-406.47	15505.77	-27.89	301.39	-161.41
86	281	295	137	99	222	181	-1.52	-1.96	-56.97	812.74	-402.15	15514.28	-21.34	320.67	-158.54
86	282	295	137	100	221	181	-1.51	-1.86	-57.72	796.90	-398.24	15528.97	-27.18	329.83	-155.92
86	282	295	137	99	222	181	-1.60	-1.81	-58.96	777.06	-403.13	15523.72	-45.52	322.24	-158.77
87	282	295	138	99	222	181	-1.67	-1.77	-59.14	777.21	-408.97	15506.73	-62.24	337.88	-164.38
86	281	295	137	99	222	181	-1.62	-1.65	-59.85	763.94	-406.13	15515.59	-56.23	365.49	-158.96
86	281	295	137	99	221	181	-1.49	-1.57	-60.39	745.75	-390.62	15519.61	-46.72	368.76	-154.77
85	282	296	137	99	221	180	-1.52	-1.48	-60.77	734.06	-382.09	15518.63	-66.33	380.02	-147.78
86	282	296	137	99	221	180	-1.54	-1.34	-61.85	716.16	-381.78	15522.50	-69.57	401.67	-139.34
86	282	296	137	99	222	181	-1.53	-1.21	-62.36	703.35	-372.30	15533.18	-78.39	417.49	-127.77
85	282	297	137	99	221	180	-1.57	-1.09	-63.83	679.78	-369.68	15525.32	-90.72	422.21	-115.13
86	282	296	138	99	221	181	-1.64	-0.99	-65.54	653.79	-368.40	15517.25	-113.63	422.55	-107.58
86	282	296	138	100	221	181	-1.81	-0.96	-66.07	646.70	-370.58	15489.39	-159.70	430.33	-97.20
86	282	296	137	99	221	181	-2.02	-0.84	-68.01	629.37	-398.25	15464.12	-178.17	454.66	-84.79
87	282	297	137	99	222	181	-2.05	-0.66	-69.86	610.10	-420.34	15453.91	-158.36	480.18	-73.10
87	282	297	137	99	221	181	-1.97	-0.54	-71.46	588.99	-425.52	15445.82	-128.89	495.87	-57.79
86	282	296	137	100	221	181	-2.02	-0.41	-73.01	571.14	-444.04	15444.13	-116.95	518.37	-47.20
86	282	297	137	100	221	181	-2.08	-0.29	-75.23	546.79	-472.84	15445.32	-96.10	526.06	-52.74
86	282	297	137	99	222	181	-2.07	-0.20	-76.39	531.25	-482.00	15433.45	-81.14	539.85	-64.66
86	282	296	138	99	221	180	-1.92	-0.00	-77.93	509.09	-486.10	15418.38	-30.49	575.26	-72.07
86	282	297	138	100	221	180	-1.60	0.20	-78.78	489.43	-449.19	15420.06	12.54	612.50	-71.72
87	282	297	138	100	221	180	-1.50	0.40	-80.83	459.16	-440.13	15442.06	33.91	634.07	-58.63
86	282	297	137	100	221	180	-1.48	0.52	-82.86	431.00	-445.53	15456.16	42.37	633.82	-51.55
86	282	296	137	99	221	180	-1.59	0.61	-84.08	416.05	-460.45	15459.75	33.45	648.88	-52.82
86	282	296	137	99	222	180	-1.53	0.77	-86.05	389.05	-461.23	15471.56	52.28	667.88	-53.53
86	282	296	137	99	221	181	-1.42	0.86	-88.23	358.40	-455.17	15504.78	75.26	668.44	-57.56
86	282	296	137	100	221	180	-1.38	0.90	-90.00	334.68	-440.61	15526.74	72.75	652.97	-63.83
86	282	295	137	100	221	181	-1.53	0.95	-90.99	320.94	-456.98	15517.21	55.81	658.82	-66.79
86	282	295	137	99	220	180	-1.58	1.19	-94.09	276.50	-475.93	15542.15	64.37	680.18	-85.20
86	281	295	137	99	220	180	-1.43	1.31	-96.74	240.67	-453.33	15573.64	74.90	676.82	-96.49
86	282	295	136	99	221	180	-1.39	1.36	-99.30	207.84	-439.07	15588.56	63.11	648.88	-104.16
86	282	295	137	99	221	180	-1.36	1.40	-101.14	182.45	-436.71	15599.13	69.50	634.48	-110.06
87	281	295	137	99	222	181	-1.25	1.49	-103.23	158.52	-411.68	15587.97	69.83	636.01	-111.60
87	282	294	136	99	220	180	-1.32	1.67	-106.80	113.60	-395.29	15592.17	30.44	631.26	-113.27
87	281	294	137	99	221	180	-1.37	1.73	-109.59	77.32	-388.53	15588.36	6.21	607.55	-112.21
87	282	295	137	99	221	180	-1.36	1.77	-111.44	49.65	-390.70	15568.54	14.35	587.22	-114.20
86	282	294	137	99	221	180	-1.21	1.90	-113.52	31.37	-361.77	15545.32	15.64	599.26	-113.69
86	282	294	137	99	221	180	-1.15	2.08	-115.54	4.20	-355.48	15530.25	28.65	623.45	-101.45
86	281	294	137	99	221	180	-0.88	2.29	-118.66	-33.21	-337.70	15518.94	82.52	642.67	-90.38
86	282	294	137	99	221	180	-0.56	2.39	-122.25	-61.75	-292.82	15517.19	108.59	641.04	-84.26
87	282	295	138	99	221	180	-0.49	2.45	-125.25	-96.06	-274.98	15513.93	103.71	633.64	-61.95
87	281	295	137	98	221	180	-0.58	2.59	-125.29	-113.26	-297.03	15505.44	118.28	662.31	-38.55
86	282	295	137	100	221	180	-0.45	2.86	-126.75	-147.80	-310.38	15523.16	175.57	698.14	-22.27
86	282	296	138	99	221	180	-0.31	2.99	-130.38	-187.81	-278.66	15541.21	175.64	689.53	-7.01
87	283	296	138	99	221	180	-0.51	2.97	-131.42	-214.02	-287.53	15550.15	133.86	664.56	1.59
87	282	295	137	99	219	180	-0.71	2.98	-131.19	-232.51	-312.95	15540.04	119.66	649.88	6.61
86	282	294	137	98	222	180	-0.77	3.06	-131.98	-255.89	-321.70	15529.24	115.33	650.98	10.48
87	282	295	137	99	221	180	-0.79	3.18	-133.38	-280.89	-316.62	15530.37	106.51	655.24	11.21
86	282	295	137	99	221	180	-0.82	3.27	-134.93	-311.65	-312.99	15538.86	94.09	645.52	11.10
86	282	295	138	99	221	180	-1.02	3.27	-135.03	-337.87	-336.94	15550.51	75.23	622.35	8.14
87	282	294	137	99	221	180	-0.99	3.21	-134.78	-346.97	-351.89	15555.79	97.17	608.13	-5.32
87	282	294	137	99	222	180	-0.69	3.34	-137.05	-372.43	-323.50	15557.20	141.01	607.32	-1.85
86	282	293	137	99	221	180	-0.53	3.39	-139.25	-404.40	-302.72	15570.14	165.71	588.81	12.49
87	282	294	137	99	222	180	-0.58	3.39	-140.15	-421.18	-296.18	15572.03	144.78	573.02	16.92
87	282	294	137	100	222	180	-0.77	3.46	-140.85	-449.92	-304.78	15577.83	103.89	564.02	11.67
86	282	294	138	99	221	181	-0.97	3.45	-141.25	-472.43	-313.34	15570.74	58.89	540.27	-11.96
87	282	295	137	99	221	180	-1.05	3.57	-141.64	-492.81	-320.07	15554.00	44.20	536.70	-21.36
87	282	295	137	100	221	180	-1.00	3.68	-143.29	-508.37	-294.87	15528.30	19.44	555.57	-17.85
87	282	295	137	99	222	180	-1.16	3.88	-144.13	-544.55	-301.72	15514.88	-14.83	567.19	-18.25
87	282	295	137	99	221	180	-1.25	3.96	-144.40	-564.12	-309.04	15506.34	-29.89	569.23	-19.04
88	283	296	137	99	221	178	-1.31	4.06	-145.01	-590.91	-313.79	15492.82	-42.00	567.67	-25.79
87	283	295	137	100	221	180	-1.29	4.14	-146.14	-613.17	-302.10	15483.18	-54.80	566.03	-35.20
87	283	295	138	100	221	180	-1.29	4.21	-146.79	-621.91	-292.39	15456.02	-70.91	581.78	-26.34
87	283	296	138	100	221	180	-1.32	4.39	-146.72	-650.62	-312.17	15457.22	-52.61	605.54	-20.22
87	283	295	137	100	222	180	-1.19	4.54	-148.27	-680.08	-293.56	15460.16	-36.43	613.97	-15.81
87	283	295	137	99	222	180	-1.25	4.64	-148.98	-696.88	-286.88	15453.95	-61.11	620.62	-14.97
87	283	295	138	100	221	180	-1.32	4.84	-149.08	-732.84	-305.14	15469.65	-65.90	629.04	-11.32
87	284	296	138	100	222	180	-1.37	4.90	-149.30	-759.99	-315.08	15478.37	-70.31	630.09	-11.56
88	283	295	137	99	222	180	-1.32	5.04	-150.03	-789.39	-314.53	15488.45	-56.09	638.03	-11.43
87	283	296	138	100	222	180	-1.24	5.19	-151.18	-826.12	-305.60	15499.83	-45.84	644.18	-5.06
87	283	295	137	100	222	181	-1.25	5.34	-151.93	-856.22	-301.92	15516.84	-50.30	646.32	1.55
88	283	296	137	100	221	180	-1.30	5.42	-152.22	-889.81	-311.03	15535.60	-58.93	638.80	2.22
87	283	296	138	100	222	180	-1.32	5.48	-152.91	-918.72	-307.08	15542.42	-70.54	626.86	0.36
88	283	296	138	100	222	180	-1.35	5.54	-153.35	-944.78	-308.32	15530.09	-78.86	613.52	-1.01
87	283	296	137	100	222	180	-1.36	5.62	-153.69	-969.74	-311.91	15523.39	-80.37	611.79	0.04
87	284	296	137	100	222	181	-1.33	5.70	-154.69	-1001.26	-298.11	15524.02	-96.10	604.86	5.14
87	283	296	138	100	221	180	-1.52	5.74	-154.50	-1028.39	-316.20	15506.42	-117.39	591.01	10.48
87	284	296	138	100	221	180	-1.61	5.83	-153.93	-1053.77	-345.99	15488.10	-105.17	586.56	5.81
88	284	296	138	100	221	180	-1.51	5.91	-155.03	-1077.68	-324.29	15484.89	-108.01	584.28	-5.68
88	283	296	137	99	222	180	-1.58	5.99	-155.87	-1108.00	-312.28	15472.25	-146.36	573.02	1.85
88	284	296	137	100	222	181	-1.79	6.09	-155.66	-1137.00	-332.27	15439.23	-173.85	575.12	5.56
87	284	297	138	100	221	180	-1.88	6.23	-155.46	-1159.75	-348.05	15418.67	-180.75	583.01	6.88
88	284	297	137	98	221	180	-1.91	6.39	-156.02	-1193.56	-346.65	15402.14	-198.27	585.06	3.09
88	283	297	138	100	222	180	-2.03	6.51	-156.31	-1228.28	-352.72	15382.03	-229.55	580.36	5.68
88	284	296	137	100	222	180	-2.18	6.63	-155.96	-1257.07	-376.28	15354.93	-242.17	571.79	3.10
87	283	296	138	100	222	180	-2.18	6.73	-155.41	-1272.42	-401.67	15339.58	-205.37	586.00	-3.46
87	284	297	138	100	222	180	-1.76	6.88	-156.39	-1301.00	-381.98	15355.60	-120.25	609.30	-10.93
87	283	296	138	100	222	180	-1.55	6.97	-157.52	-1321.35	-351.08	15378.62	-109.04	621.64	-1.69
87	284	297	138	99	220	180	-1.53	7.14	-157.28	-1343.08	-369.13	15395.89	-82.63	648.15	18.45
87	283	297	138	100	222	180	-1.40	7.33	-157.78	-1373.52	-364.47	15425.10	-51.95	674.60	39.12
87	284	297	138	100	222	180	-1.52	7.43	-158.10	-1399.85	-363.05	15455.44	-77.90	677.42	57.62
88	284	297	138	100	221	180	-1.78	7.44	-157.45	-1423.06	-396.30	15470.27	-104.91	661.80	71.39
88	284	296	138	100	221	180	-1.96	7.50	-156.39	-1443.30	-443.88	15465.95	-92.16	658.51	78.47
87	284	297	138	100	223	180	-1.85	7.63	-156.41	-1469.54	-454.49	15456.46	-50.46	667.03	85.64
87	284	297	138	100	222	180	-1.84	7.78	-157.16	-1503.06	-440.76	15461.43	-68.03	668.93	96.71
88	284	297	138	100	222	180	-2.11	7.81	-156.18	-1522.91	-486.53	15468.76	-80.18	663.58	104.73
88	284	297	138	100	223	181	-2.14	7.87	-155.88	-1545.96	-508.20	15480.52	-61.92	663.45	101.54
88	284	297	138	100	222	180	-2.19	7.98	-156.26	-1581.86	-509.79	15483.30	-75.08	652.68	91.86
87	284	298	138	100	223	180	-2.34	8.01	-156.49	-1614.17	-514.50	15477.33	-113.22	625.60	80.97
87	284	298	138	100	222	180	-2.48	8.06	-156.19	-1635.46	-535.78	15461.87	-132.46	610.02	66.97
88	284	297	138	100	223	180	-2.43	8.17	-156.18	-1663.69	-548.19	15447.37	-100.09	607.97	54.72
88	284	297	137	100	222	180	-2.27	8.27	-157.03	-1694.51	-526.38	15442.40	-87.63	598.07	42.49
88	284	297	138	100	222	180	-2.31	8.39	-157.36	-1718.98	-522.06	15429.88	-104.60	599.66	37.06
88	284	297	138	100	223	180	-2.28	8.48	-158.04	-1752.83	-508.36	15434.59	-119.12	588.33	33.56
87	284	297	138	100	222	181	-2.38	8.48	-158.25	-1777.79	-509.74	15424.06	-145.07	562.76	27.78
88	283	297	138	98	222	180	-2.39	8.56	-158.19	-1799.50	-520.45	15411.26	-132.76	563.38	25.84
88	284	297	138	100	222	180	-2.22	8.67	-158.97	-1822.12	-496.23	15415.89	-125.32	570.16	35.50
88	284	297	137	100	223	181	-2.36	8.68	-159.07	-1857.62	-505.42	15437.50	-147.71	539.70	45.38
88	284	296	138	101	223	181	-2.61	8.65	-158.09	-1866.94	-551.55	15437.22	-152.37	527.36	43.46
88	284	297	138	100	222	180	-2.60	8.75	-157.81	-1889.79	-573.57	15441.56	-125.55	535.65	37.68
88	285	297	138	100	223	180	-2.53	8.82	-158.41	-1917.10	-557.69	15452.88	-132.18	524.91	31.35
87	284	297	138	100	223	180	-2.59	8.80	-158.46	-1934.25	-562.41	15453.04	-148.67	505.37	31.53
88	285	297	138	101	223	180	-2.66	8.82	-158.26	-1952.13	-578.69	15457.59	-147.13	494.70	30.86
88	285	297	138	101	222	180	-2.61	8.89	-158.39	-1977.53	-582.55	15450.11	-133.38	485.27	29.11
87	284	297	137	100	223	181	-2.68	8.99	-158.05	-2000.05	-607.82	15435.80	-116.81	482.45	18.91
87	284	296	138	100	222	180	-2.49	9.02	-158.72	-2020.65	-583.23	15422.21	-102.57	469.03	7.86
88	284	297	138	100	223	180	-2.63	9.05	-159.13	-2047.82	-574.47	15401.70	-152.64	447.58	9.52
88	285	297	138	100	222	180	-2.93	9.08	-158.15	-2051.62	-623.75	15368.02	-155.61	454.00	9.59
88	285	297	138	101	222	180	-2.87	9.21	-158.00	-2063.04	-635.96	15339.42	-117.93	476.65	-4.99
88	284	297	138	101	223	180	-2.77	9.31	-158.37	-2081.09	-624.16	15331.85	-112.63	485.97	-18.34
87	284	297	137	100	223	179	-2.73	9.40	-158.32	-2104.64	-636.15	15321.45	-87.60	482.72	-22.22
88	285	296	138	100	222	180	-2.54	9.50	-158.18	-2119.80	-649.95	15296.98	-15.97	488.08	-14.26
87	285	297	138	101	222	181	-2.38	9.64	-158.71	-2141.01	-631.65	15264.53	9.63	494.08	-13.60
88	285	297	137	100	223	180	-2.40	9.74	-158.92	-2165.76	-630.27	15258.90	0.25	495.57	-25.67
87	285	297	138	101	223	181	-2.39	9.82	-159.24	-2180.28	-620.75	15253.36	-12.01	506.05	-28.03
87	285	297	138	101	222	180	-2.35	9.92	-159.68	-2201.06	-605.92	15245.09	-19.06	515.39	-25.88
88	285	296	138	100	223	181	-2.47	10.06	-159.39	-2223.01	-628.22	15250.04	-21.66	536.82	-18.29
88	285	297	138	101	222	180	-2.36	10.19	-159.15	-2240.86	-647.41	15263.93	25.62	560.53	-22.22
87	285	298	138	101	222	180	-2.13	10.30	-159.82	-2264.42	-621.84	15271.34	55.54	570.11	-32.11
88	285	298	137	100	222	181	-2.15	10.47	-160.30	-2281.59	-603.55	15268.37	33.31	595.25	-29.16
88	285	298	138	101	223	180	-2.19	10.65	-160.62	-2309.11	-596.17	15267.15	6.55	608.24	-25.70
87	285	297	138	101	223	181	-2.20	10.76	-160.87	-2339.26	-594.76	15257.79	3.42	604.03	-21.66
87	285	297	138	102	222	180	-2.23	10.93	-160.84	-2368.90	-605.42	15247.50	12.75	617.17	-25.08
88	285	297	139	101	222	180	-2.03	11.06	-161.26	-2399.25	-594.55	15262.53	54.26	631.62	-34.98
88	285	298	138	100	223	180	-1.82	11.20	-162.36	-2431.09	-546.02	15276.80	41.90	640.69	-35.88
88	285	298	137	101	222	181	-2.00	11.27	-162.98	-2461.53	-522.52	15267.96	-43.25	626.40	-31.48
87	285	298	138	100	223	181	-2.23	11.32	-162.63	-2479.06	-548.00	15252.96	-66.23	620.98	-27.66
88	285	298	139	101	221	181	-2.03	11.52	-163.22	-2511.10	-526.00	15258.52	-42.82	641.38	-16.88
88	285	297	139	101	223	181	-2.13	11.68	-163.81	-2551.55	-504.10	15261.39	-101.43	645.91	0.22
87	285	298	139	100	223	181	-2.46	11.77	-163.18	-2577.37	-547.89	15242.12	-126.01	639.52	7.86
87	285	297	139	100	223	180	-2.37	11.95	-163.19	-2605.90	-554.90	15217.01	-98.26	654.94	12.36
87	285	298	138	100	222	180	-2.42	12.12	-163.51	-2638.81	-547.55	15196.76	-122.70	661.64	10.15
87	285	298	139	101	222	181	-2.50	12.26	-163.52	-2672.47	-556.77	15207.72	-135.56	675.71	17.74
88	285	298	139	101	222	180	-2.54	12.31	-163.61	-2698.04	-558.14	15230.14	-151.58	673.38	24.75
88	285	298	139	100	223	180	-2.65	12.36	-163.52	-2731.34	-573.43	15251.63	-162.75	659.91	31.56
88	285	298	139	100	223	181	-2.73	12.46	-163.41	-2753.57	-586.56	15251.65	-160.47	658.76	46.04
88	285	298	139	101	222	180	-2.63	12.61	-163.86	-2789.70	-570.83	15258.87	-158.99	658.97	58.63
88	285	298	139	100	223	180	-2.78	12.63	-163.68	-2823.21	-591.49	15283.32	-174.09	643.88	67.10
88	285	298	139	100	223	181	-2.78	12.66	-163.57	-2848.85	-605.91	15295.96	-154.99	631.08	79.30
88	286	298	138	101	222	180	-2.94	12.68	-163.13	-2871.61	-639.02	15302.76	-149.99	616.33	81.63
88	285	298	139	101	222	180	-2.87	12.69	-162.97	-2897.63	-656.67	15336.02	-110.59	602.51	79.00
88	285	298	139	101	223	180	-2.77	12.63	-163.42	-2921.75	-636.83	15364.62	-114.96	568.59	85.75
88	286	298	138	101	223	180	-3.03	12.62	-162.97	-2951.66	-673.59	15375.99	-137.61	531.56	86.31
88	286	298	139	101	222	180	-2.98	12.63	-163.04	-2976.88	-676.51	15374.99	-122.83	506.18	81.80
88	286	298	139	101	222	180	-3.08	12.64	-163.11	-3007.23	-681.69	15373.04	-138.24	481.17	85.91
87	285	299	139	101	223	181	-3.12	12.65	-163.00	-3035.87	-697.60	15360.39	-130.53	448.96	86.41
88	285	298	138	101	223	181	-3.18	12.58	-163.11	-3050.48	-694.12	15355.37	-158.20	406.41	82.29
88	286	298	139	100	222	181	-3.42	12.54	-162.75	-3064.95	-722.02	15335.60	-185.39	380.74	82.18
88	286	298	139	101	222	180	-3.41	12.56	-162.52	-3083.91	-742.52	15330.42	-158.02	365.11	81.87
88	286	298	139	100	222	180	-3.35	12.60	-162.98	-3120.31	-724.39	15306.30	-165.52	328.95	79.62
88	286	298	138	101	223	180	-3.69	12.71	-162.68	-3142.49	-751.57	15267.38	-213.84	305.95	87.69
88	286	299	139	101	222	180	-3.92	12.76	-162.09	-3154.17	-794.39	15242.41	-219.55	303.50	87.56
88	286	299	139	100	222	180	-3.85	12.71	-161.87	-3148.46	-807.47	15254.09	-189.17	305.48	82.08
87	286	298	138	100	222	181	-3.77	12.63	-161.93	-3151.04	-804.30	15286.59	-175.02	298.86	82.93
88	286	299	139	101	222	180	-3.84	12.42	-161.54	-3140.69	-826.68	15316.26	-176.32	265.81	74.13
88	286	298	139	101	222	180	-3.81	12.24	-161.40	-3132.05	-833.35	15320.04	-163.75	233.32	59.47
87	285	298	138	101	222	180	-3.65	12.13	-161.60	-3131.25	-819.68	15317.44	-140.26	203.31	48.85
88	285	298	139	101	222	180	-3.40	12.07	-162.18	-3129.69	-780.50	15297.97	-127.65	173.59	47.81
88	286	298	139	102	222	180	-3.36	11.98	-162.26	-3130.60	-775.67	15289.07	-126.47	147.26	57.22
88	286	299	139	101	223	181	-3.43	11.94	-161.82	-3123.07	-802.49	15287.42	-101.64	139.60	66.96
88	286	299	139	101	222	181	-3.44	11.91	-161.65	-3143.32	-820.16	15300.45	-85.66	120.92	64.96
88	286	299	139	100	223	181	-3.39	11.82	-161.84	-3149.15	-809.96	15293.42	-88.43	85.82	62.21
87	286	299	139	101	223	182	-3.54	11.76	-161.51	-3150.89	-831.06	15278.55	-92.56	67.03	61.35
88	286	299	139	101	223	181	-3.51	11.73	-161.40	-3148.75	-838.71	15272.62	-76.13	56.53	60.13
88	286	299	139	101	223	181	-3.54	11.66	-161.36	-3153.71	-843.57	15271.79	-73.32	31.65	53.28
88	286	299	139	100	223	181	-3.52	11.53	-161.30	-3150.23	-846.79	15251.00	-62.46	0.12	41.16
88	286	299	139	100	223	181	-3.45	11.49	-161.15	-3145.71	-854.45	15243.45	-37.83	-6.79	35.40
87	286	299	139	102	223	182	-3.17	11.43	-161.60	-3141.43	-823.53	15268.48	-6.59	-13.55	36.98
88	286	299	139	100	223	181	-3.20	11.28	-161.84	-3136.76	-805.95	15280.86	-43.81	-51.57	35.68
87	286	300	139	101	222	181	-3.42	11.11	-161.30	-3121.12	-836.46	15279.01	-67.02	-84.54	33.70
87	286	299	138	101	222	181	-3.42	11.01	-161.07	-3111.86	-848.83	15286.86	-52.72	-101.01	27.97
88	286	299	138	101	222	181	-3.35	10.88	-161.16	-3100.07	-838.99	15298.52	-52.43	-128.96	23.92
88	286	299	139	101	223	181	-3.25	10.72	-161.20	-3081.47	-829.44	15290.59	-45.81	-161.11	21.57
88	286	300	139	100	223	180	-3.23	10.53	-160.94	-3058.39	-838.17	15301.86	-28.22	-184.81	20.14
87	287	300	139	101	222	181	-3.06	10.46	-161.16	-3053.67	-822.46	15301.37	-5.06	-202.97	28.74
88	286	299	139	101	222	182	-3.03	10.34	-160.89	-3047.79	-838.54	15305.10	17.54	-230.82	24.65
88	286	300	139	101	223	181	-2.77	10.26	-161.60	-3038.20	-788.61	15312.44	20.01	-255.78	11.72
88	286	300	139	100	222	181	-2.72	10.06	-162.68	-3016.89	-711.98	15298.82	-71.59	-296.34	17.88
88	287	300	139	101	222	181	-3.07	9.85	-161.96	-2979.65	-745.18	15268.68	-113.91	-315.67	45.14
88	286	300	139	101	223	181	-2.91	9.79	-161.57	-2954.66	-762.12	15252.85	-46.16	-319.04	65.28
88	286	299	139	101	223	182	-2.74	9.70	-161.84	-2929.53	-737.42	15243.80	-32.00	-319.19	87.37
87	287	300	139	101	223	181	-2.91	9.64	-161.52	-2923.05	-755.75	15237.81	-47.25	-325.83	115.10
88	287	299	139	101	223	181	-3.06	9.50	-160.79	-2895.30	-792.76	15241.52	-35.49	-325.44	131.84
88	287	300	139	101	222	181	-3.20	9.40	-160.03	-2867.94	-830.12	15235.25	-17.32	-322.11	140.65
88	286	300	139	101	222	181	-3.12	9.28	-159.87	-2840.14	-830.61	15221.08	9.45	-326.41	140.72
88	287	300	139	101	223	181	-3.17	9.20	-159.96	-2818.13	-816.88	15179.63	-9.72	-328.29	159.63
87	287	299	138	101	223	181	-3.51	9.19	-159.37	-2798.43	-846.64	15137.25	-51.64	-324.32	177.45
87	287	299	139	100	223	182	-3.70	9.13	-158.61	-2767.70	-881.31	15117.98	-52.70	-309.01	178.48
88	287	300	139	100	222	182	-3.71	9.11	-158.29	-2741.72	-891.84	15110.08	-43.97	-292.71	166.05
88	287	300	139	101	223	181	-3.59	9.06	-158.46	-2726.03	-874.25	15115.38	-38.97	-279.67	157.75
88	287	300	139	101	223	180	-3.51	9.02	-158.24	-2704.53	-879.94	15154.81	-15.87	-260.09	162.76
88	287	299	139	100	223	181	-3.49	8.96	-157.90	-2681.90	-891.34	15196.67	2.87	-246.38	162.18
87	287	300	139	101	222	182	-3.61	8.85	-157.43	-2664.61	-913.37	15223.63	-5.47	-253.36	138.42
87	287	300	139	101	223	181	-3.64	8.71	-156.81	-2634.98	-938.50	15244.85	16.70	-252.45	123.90
88	287	300	139	101	223	181	-3.67	8.69	-156.17	-2624.23	-973.98	15263.81	54.22	-248.07	112.40
88	287	300	139	101	223	181	-3.70	8.63	-155.52	-2617.62	-1010.08	15260.02	97.86	-265.87	82.43
87	287	300	139	101	223	182	-3.64	8.48	-155.11	-2585.14	-1021.38	15224.62	128.61	-273.38	25.36
88	287	300	139	101	222	181	-3.55	8.43	-155.87	-2569.88	-967.31	15219.19	77.83	-272.91	-19.76
88	287	300	139	101	223	181	-3.76	8.29	-155.82	-2547.39	-960.94	15221.03	4.04	-288.06	-47.87
88	287	301	139	101	224	181	-4.02	8.16	-154.47	-2519.82	-1029.50	15234.98	20.49	-286.16	-89.93
88	287	301	140	101	223	181	-3.60	8.17	-154.90	-2507.43	-997.42	15233.43	88.41	-277.80	-134.18
88	287	300	138	101	223	181	-3.40	8.09	-155.77	-2489.45	-937.15	15212.16	60.29	-284.06	-170.97
88	288	300	138	101	223	182	-3.57	8.01	-155.48	-2466.98	-944.89	15217.35	17.23	-280.51	-197.27
88	287	300	138	101	223	181	-3.59	7.97	-155.44	-2448.63	-938.05	15222.68	-0.63	-274.98	-225.56
87	287	300	137	102	223	181	-3.53	7.95	-155.38	-2434.20	-935.54	15219.15	9.25	-260.13	-250.13
88	287	300	137	100	223	181	-3.31	7.96	-155.78	-2420.69	-905.17	15204.79	31.14	-245.53	-265.97
88	287	300	137	101	222	182	-3.23	7.98	-156.13	-2410.26	-881.71	15209.55	19.43	-231.55	-276.28
88	287	301	138	101	224	181	-3.35	7.96	-155.72	-2385.94	-893.02	15200.87	8.21	-221.47	-292.66
87	288	301	138	102	223	181	-3.34	7.94	-155.49	-2364.45	-897.57	15199.63	17.15	-202.45	-313.73
87	287	300	138	101	223	181	-3.16	7.96	-155.65	-2353.82	-882.29	15204.65	42.74	-184.23	-331.04
88	288	300	138	101	223	180	-3.01	7.93	-156.27	-2333.73	-839.78	15198.61	25.00	-175.22	-341.44
87	287	300	137	101	223	182	-3.13	7.91	-156.17	-2314.85	-836.59	15189.88	-10.75	-164.66	-345.47
87	287	301	138	102	223	182	-3.24	7.93	-155.63	-2295.90	-857.36	15189.79	-8.66	-142.82	-351.95
88	286	300	137	100	223	181	-3.07	7.98	-155.79	-2292.31	-847.09	15205.70	26.07	-124.23	-360.70
88	288	301	137	100	223	182	-3.02	7.94	-155.98	-2273.89	-828.34	15207.41	20.87	-113.42	-369.51
88	287	301	138	101	224	181	-3.09	7.95	-155.73	-2259.00	-835.72	15207.24	16.43	-95.15	-369.54
88	288	301	137	101	223	182	-3.11	8.02	-155.33	-2253.05	-855.14	15216.68	38.15	-69.39	-372.76
88	288	301	138	101	223	182	-3.08	8.05	-155.08	-2244.20	-864.78	15246.85	55.20	-54.32	-386.47
88	288	301	137	102	222	181	-3.09	8.06	-155.30	-2237.39	-849.54	15257.30	34.94	-47.31	-400.80
88	287	301	137	101	223	182	-3.15	8.01	-155.21	-2223.12	-847.66	15262.84	13.04	-41.89	-414.56
87	288	301	137	101	222	181	-3.14	8.05	-155.15	-2216.96	-847.48	15264.70	14.24	-22.95	-419.58
87	288	301	137	102	223	181	-3.08	8.09	-155.08	-2222.31	-854.11	15292.06	38.83	-17.00	-426.35
87	287	301	137	101	223	181	-2.98	8.04	-155.36	-2215.60	-836.40	15298.86	45.59	-24.60	-440.63
88	288	300	137	101	223	181	-2.92	8.03	-155.77	-2207.62	-810.58	15294.71	23.51	-20.47	-449.05
88	288	300	138	101	222	181	-3.10	8.06	-155.67	-2202.64	-813.25	15285.78	-14.32	-10.80	-452.45
87	288	300	138	101	223	181	-3.18	8.05	-155.33	-2195.90	-828.99	15289.89	-13.85	-3.66	-464.28
88	287	300	138	102	224	182	-3.11	8.07	-155.63	-2196.11	-812.14	15291.79	-18.01	-8.22	-479.11
88	288	301	137	101	223	181	-3.16	8.03	-155.46	-2184.30	-816.33	15282.41	-27.66	-5.96	-477.11
88	287	301	138	101	223	182	-3.24	8.02	-155.17	-2173.89	-827.72	15264.88	-28.98	10.39	-475.25
88	288	301	137	101	223	181	-3.31	8.09	-154.77	-2172.19	-847.53	15266.24	-21.43	31.32	-483.54
88	288	301	137	101	224	181	-3.35	8.13	-154.80	-2180.78	-850.55	15256.53	-21.26	38.20	-507.56
87	288	301	138	101	222	181	-3.33	8.17	-154.81	-2174.14	-846.43	15242.70	-27.14	53.69	-523.38
88	288	301	137	100	223	181	-3.15	8.27	-155.31	-2177.64	-821.70	15234.77	-14.14	87.81	-521.12
87	288	300	136	101	223	181	-3.16	8.45	-155.49	-2181.16	-813.82	15235.03	-21.68	127.87	-509.76
87	288	301	137	102	223	181	-3.07	8.61	-155.46	-2184.10	-816.33	15259.88	2.35	160.12	-503.07
88	288	301	137	101	224	181	-2.90	8.64	-155.56	-2188.09	-812.51	15302.08	42.74	171.97	-495.77
88	288	301	137	101	223	181	-2.79	8.61	-155.89	-2192.89	-797.29	15329.18	52.65	163.12	-488.88
88	288	301	137	101	224	182	-2.90	8.59	-156.04	-2196.84	-791.42	15342.52	18.27	154.71	-480.64
88	288	301	137	101	223	181	-3.06	8.56	-155.63	-2196.40	-812.25	15352.19	4.35	149.23	-475.50
88	288	302	137	101	223	181	-3.05	8.51	-155.51	-2196.78	-819.04	15358.98	11.69	141.57	-475.63
88	288	301	137	101	223	181	-3.04	8.46	-155.48	-2197.34	-821.29	15371.03	9.10	137.24	-471.85
87	288	301	137	101	223	181	-3.08	8.42	-155.49	-2201.27	-822.62	15379.88	0.75	123.18	-472.15
88	288	301	136	101	223	181	-3.13	8.38	-155.54	-2202.01	-820.69	15387.29	-17.79	111.42	-466.80
88	288	301	137	101	223	181	-3.23	8.32	-155.41	-2201.91	-827.46	15382.52	-39.80	96.15	-463.46
88	289	301	137	101	224	181	-3.41	8.28	-154.90	-2203.02	-855.88	15368.20	-49.41	79.14	-463.13
88	288	301	137	101	223	181	-3.40	8.28	-154.85	-2193.66	-853.69	15332.99	-49.14	74.13	-463.23
88	288	302	137	102	223	181	-3.37	8.32	-154.83	-2193.78	-854.40	15333.74	-42.23	85.63	-458.67
88	289	301	137	101	223	182	-3.40	8.33	-154.77	-2199.69	-860.08	15336.05	-34.02	84.04	-458.38
87	288	301	137	101	223	181	-3.41	8.32	-154.67	-2206.91	-869.48	15323.65	-25.37	66.39	-468.31
88	288	302	137	102	224	181	-3.21	8.29	-155.01	-2200.16	-847.81	15310.07	0.30	62.52	-473.50
87	288	301	137	101	223	181	-2.93	8.32	-155.57	-2198.75	-817.42	15320.36	43.18	76.60	-459.07
88	289	301	136	101	223	181	-2.64	8.29	-156.02	-2203.42	-795.35	15331.94	91.07	76.27	-438.12
88	288	301	137	102	223	181	-2.69	8.23	-156.06	-2194.85	-789.58	15330.15	84.77	66.20	-415.06
88	289	302	137	100	223	180	-2.80	8.22	-155.62	-2191.30	-811.70	15337.44	86.68	69.04	-398.51
88	289	302	137	101	223	181	-2.81	8.16	-155.57	-2183.14	-810.91	15342.57	82.35	63.04	-381.38
88	289	301	137	101	223	181	-2.95	8.11	-155.25	-2180.18	-825.97	15342.64	62.78	52.44	-358.02
88	289	301	136	101	222	181	-3.22	8.04	-154.54	-2174.77	-860.07	15326.30	45.74	40.77	-344.96
88	288	302	136	100	223	181	-3.34	7.98	-153.89	-2164.23	-891.27	15328.59	52.40	38.93	-340.27
87	289	301	136	102	224	181	-3.31	7.96	-153.72	-2157.22	-897.10	15328.16	64.03	37.43	-339.25
88	288	301	136	101	223	181	-3.39	7.92	-153.84	-2155.96	-889.85	15310.75	29.78	22.46	-340.29
88	289	301	137	101	222	180	-3.49	7.90	-153.50	-2147.56	-904.56	15298.21	24.84	25.09	-337.83
88	289	301	136	101	223	180	-3.34	7.91	-154.04	-2144.18	-873.13	15287.10	21.30	28.18	-334.53
88	289	302	137	101	224	180	-3.33	7.90	-154.12	-2137.78	-865.07	15280.95	7.34	25.57	-329.91
88	289	302	137	101	223	180	-3.24	7.91	-154.25	-2128.69	-854.82	15270.10	9.17	28.85	-321.56
88	289	302	137	100	223	180	-3.15	7.99	-154.81	-2131.45	-826.28	15257.39	-14.84	36.50	-300.78
88	289	301	137	101	223	180	-3.27	8.01	-154.65	-2126.68	-832.96	15252.72	-39.20	45.43	-275.15
88	289	302	137	101	222	181	-3.33	8.02	-154.09	-2121.35	-859.11	15261.29	-17.64	61.51	-251.19
87	289	301	136	101	223	180	-3.27	8.08	-154.10	-2120.08	-858.56	15267.02	-4.71	75.23	-232.18
88	289	302	137	101	223	180	-3.29	8.08	-154.04	-2120.87	-861.03	15282.87	-8.47	79.62	-214.22
87	289	302	137	101	223	181	-3.36	8.10	-154.02	-2125.63	-865.78	15302.93	-29.10	85.49	-190.51
87	289	302	137	101	222	180	-3.67	8.14	-153.58	-2136.15	-894.09	15332.98	-76.84	85.76	-169.33
88	289	302	139	101	223	180	-3.99	8.07	-152.84	-2137.94	-934.59	15340.73	-110.90	64.83	-158.12
89	289	302	139	101	224	180	-4.23	7.94	-151.48	-2115.24	-997.66	15305.50	-87.20	63.88	-153.06
87	289	302	138	101	223	181	-4.10	7.96	-150.85	-2099.08	-1023.17	15319.82	-32.54	91.89	-168.46
88	289	301	137	101	223	180	-4.01	7.97	-151.36	-2110.53	-1001.62	15354.63	-44.77	82.80	-174.13
88	289	301	136	101	224	181	-4.21	7.89	-150.76	-2102.20	-1030.13	15360.90	-61.58	72.61	-178.28
88	289	302	137	101	223	181	-4.20	7.82	-150.15	-2086.69	-1055.43	15371.65	-33.60	72.88	-193.21
88	289	301	139	101	223	181	-4.01	7.78	-150.52	-2082.96	-1032.46	15377.47	-18.27	66.73	-205.60
88	289	301	136	101	224	181	-3.93	7.80	-150.99	-2090.01	-1011.03	15375.00	-21.41	51.80	-211.82
88	289	301	137	101	223	181	-3.86	7.76	-151.12	-2089.11	-1003.28	15361.45	-19.04	40.26	-212.33
88	289	302	137	101	223	181	-3.74	7.76	-151.41	-2091.65	-988.32	15357.17	-10.13	39.39	-211.57
88	288	302	136	101	224	181	-3.77	7.75	-151.40	-2088.67	-987.30	15342.31	-11.88	37.12	-213.99
88	289	302	136	102	223	181	-3.69	7.75	-151.76	-2090.04	-968.54	15332.20	-18.13	35.22	-213.04
88	289	301	136	101	223	180	-3.70	7.77	-151.86	-2079.74	-957.31	15319.19	-30.13	39.76	-200.04
88	289	301	136	101	223	181	-3.78	7.82	-151.72	-2082.35	-966.84	15303.23	-38.62	47.22	-188.93
88	290	302	136	101	224	180	-3.89	7.78	-151.48	-2074.63	-975.50	15291.07	-44.69	50.51	-186.94
88	290	301	136	102	223	180	-3.86	7.78	-151.25	-2066.70	-983.13	15291.11	-26.81	60.68	-185.84
88	289	302	137	101	224	180	-3.77	7.81	-151.76	-2073.36	-959.97	15294.16	-33.77	61.05	-186.30
88	289	302	137	101	224	181	-3.81	7.76	-152.23	-2069.70	-932.97	15290.25	-87.53	50.75	-182.08
88	289	302	139	101	223	181	-3.91	7.79	-152.21	-2066.81	-931.52	15295.74	-119.90	56.41	-164.73
88	289	301	138	101	224	181	-4.01	7.82	-151.95	-2063.67	-943.15	15304.35	-133.46	69.89	-146.54
88	290	302	137	102	223	180	-3.93	7.85	-151.65	-2065.89	-961.19	15320.33	-104.73	85.19	-128.87
88	290	302	137	101	223	180	-3.76	7.82	-151.96	-2067.19	-945.13	15353.11	-76.50	81.63	-112.47
88	290	302	137	100	223	181	-3.84	7.71	-151.78	-2058.03	-950.07	15372.86	-96.57	66.30	-90.15
87	290	302	136	101	223	181	-4.06	7.62	-150.99	-2049.33	-988.17	15370.62	-103.04	51.39	-72.34
87	290	302	139	101	223	180	-4.28	7.58	-150.06	-2040.86	-1034.36	15345.48	-100.04	50.87	-68.72
88	290	302	139	101	223	181	-4.34	7.59	-149.69	-2036.02	-1052.64	15336.21	-91.69	54.67	-73.74
88	289	303	139	101	224	181	-4.40	7.64	-149.60	-2041.02	-1060.21	15323.60	-95.20	55.94	-70.95
88	290	302	139	101	224	181	-4.62	7.62	-148.86	-2038.77	-1099.20	15311.22	-95.69	54.39	-79.05
88	290	302	139	102	224	181	-4.62	7.67	-148.67	-2042.83	-1113.84	15316.46	-86.01	57.12	-92.85
88	290	303	139	101	222	181	-4.59	7.65	-148.61	-2031.49	-1109.95	15305.43	-87.21	64.87	-98.46
88	290	302	140	102	223	181	-4.50	7.70	-148.56	-2027.52	-1110.65	15314.16	-62.10	74.97	-100.69
88	290	302	139	101	223	181	-4.43	7.69	-148.94	-2031.54	-1091.92	15325.66	-82.34	76.93	-102.20
88	290	303	140	101	223	181	-4.54	7.65	-148.66	-2026.36	-1104.12	15335.37	-98.73	75.83	-104.44
88	290	302	140	101	222	181	-4.50	7.64	-148.63	-2027.44	-1106.12	15337.00	-90.29	72.89	-100.32
88	290	303	140	101	223	181	-4.54	7.66	-148.56	-2027.07	-1110.61	15333.75	-90.58	80.94	-93.00
88	290	303	139	102	223	181	-4.66	7.66	-148.35	-2034.12	-1126.48	15335.07	-106.95	79.20	-97.80
88	290	302	139	101	223	181	-4.73	7.61	-148.14	-2030.21	-1136.16	15332.11	-115.30	71.19	-102.91
88	290	303	139	101	223	181	-4.72	7.65	-147.82	-2024.90	-1150.95	15308.91	-91.63	77.03	-101.97
88	289	302	140	100	223	181	-4.56	7.68	-148.00	-2031.66	-1144.00	15316.26	-63.70	87.13	-105.82
88	290	303	139	102	223	181	-4.42	7.68	-148.32	-2030.67	-1125.00	15326.05	-56.72	86.87	-105.93
88	290	303	139	101	224	181	-4.45	7.65	-148.53	-2028.14	-1112.15	15321.34	-82.48	76.33	-97.23
88	290	303	140	101	223	181	-4.65	7.67	-147.87	-2020.53	-1145.54	15304.08	-88.01	90.31	-86.37
88	290	302	138	101	223	180	-4.59	7.77	-147.79	-2026.51	-1153.47	15310.87	-60.96	110.29	-82.35
88	290	303	140	101	222	181	-4.58	7.74	-147.75	-2024.98	-1154.99	15324.73	-63.56	107.98	-79.53
88	290	302	139	101	224	181	-4.69	7.71	-147.34	-2021.33	-1176.44	15320.49	-62.73	103.28	-81.06
88	290	303	140	101	223	181	-4.57	7.70	-147.19	-2008.67	-1176.22	15319.47	-34.19	106.72	-89.60
88	290	303	140	101	223	181	-4.37	7.74	-147.81	-2011.83	-1143.61	15322.29	-26.99	111.48	-90.27
88	290	302	140	101	223	181	-4.35	7.72	-148.02	-2007.44	-1128.23	15320.18	-45.84	112.71	-79.41
88	290	302	140	101	223	182	-4.35	7.75	-147.80	-2013.27	-1144.02	15317.77	-27.24	116.47	-75.89
88	291	303	139	101	223	180	-4.16	7.73	-148.28	-2012.60	-1116.22	15317.68	-18.13	115.30	-72.60
88	290	303	139	101	223	181	-4.13	7.75	-148.59	-2013.57	-1099.01	15305.40	-34.58	118.43	-61.67
88	290	302	140	101	223	182	-4.19	7.80	-148.54	-2020.50	-1107.06	15296.93	-37.65	119.31	-52.23
88	290	303	139	102	224	182	-4.04	7.85	-148.27	-2016.47	-1119.70	15290.88	15.79	127.80	-40.17
88	291	303	140	102	224	181	-3.84	7.92	-148.72	-2025.05	-1099.32	15290.94	45.95	137.61	-32.91
88	290	302	139	101	223	181	-3.86	7.92	-148.70	-2024.40	-1100.75	15301.39	38.10	145.08	-23.17
88	291	303	140	101	223	181	-3.79	7.94	-149.14	-2027.58	-1077.51	15294.12	27.99	145.77	-9.16
88	291	303	139	101	222	181	-3.98	8.00	-149.05	-2036.40	-1088.44	15291.21	-3.86	149.53	8.95
88	291	302	139	101	223	181	-4.18	8.06	-148.42	-2040.78	-1126.42	15298.65	-5.21	163.21	19.80
88	290	302	140	101	223	181	-4.14	8.09	-148.43	-2046.54	-1129.50	15307.32	7.45	165.15	20.56
89	291	303	140	101	223	181	-4.10	8.05	-148.50	-2043.61	-1123.42	15319.95	11.03	160.79	22.98
88	291	302	139	102	223	181	-4.05	8.08	-148.71	-2048.83	-1114.85	15320.16	11.07	163.45	33.58
88	291	303	140	101	222	181	-4.12	8.09	-148.88	-2057.39	-1110.71	15322.55	-8.58	163.13	39.06
88	291	303	140	101	222	181	-4.18	8.07	-149.03	-2067.32	-1107.17	15323.62	-26.70	151.72	40.25
88	291	303	139	101	223	182	-4.18	8.06	-148.87	-2060.35	-1112.21	15325.04	-16.92	151.78	44.94
88	291	303	139	102	223	181	-4.19	8.09	-148.92	-2064.74	-1112.20	15332.19	-17.77	155.80	49.64
88	291	302	140	101	223	182	-4.23	8.07	-148.98	-2073.90	-1114.99	15327.78	-25.53	141.76	52.76
88	291	303	140	101	223	181	-4.28	8.06	-149.03	-2073.20	-1111.44	15320.19	-35.80	138.27	61.37
88	291	302	140	102	223	181	-4.26	8.09	-149.16	-2080.34	-1108.27	15316.78	-35.56	138.90	68.35
88	291	302	140	101	223	181	-4.29	8.13	-148.98	-2082.33	-1119.66	15320.94	-27.69	140.01	72.29
88	291	303	140	101	223	181	-4.19	8.12	-149.17	-2085.21	-1110.27	15330.29	-13.70	137.21	72.47
88	291	302	140	102	223	181	-4.18	8.11	-149.41	-2091.35	-1100.56	15331.78	-26.27	125.85	80.20
88	291	303	140	101	223	181	-4.27	8.09	-149.17	-2090.98	-1113.33	15323.99	-33.95	119.86	85.24
89	291	303	139	101	223	181	-4.24	8.12	-149.10	-2092.83	-1118.07	15314.99	-19.56	125.96	87.23
88	291	303	140	101	223	182	-4.10	8.14	-149.44	-2094.79	-1100.56	15313.44	-9.08	133.51	88.62
89	291	303	140	101	223	181	-4.14	8.16	-149.58	-2106.25	-1099.93	15326.17	-23.97	127.29	94.33
88	291	302	140	101	223	181	-4.31	8.13	-149.23	-2101.14	-1116.14	15313.06	-45.93	116.02	99.27
88	291	303	140	101	223	181	-4.32	8.15	-148.84	-2096.48	-1136.93	15307.21	-14.83	128.72	100.95
88	291	303	140	101	224	182	-4.07	8.20	-149.42	-2109.46	-1110.88	15326.45	10.36	136.04	100.66
88	291	303	140	102	223	182	-4.10	8.19	-149.72	-2115.58	-1096.74	15327.12	-18.21	127.09	109.77
88	291	303	140	101	223	180	-4.25	8.15	-149.37	-2108.21	-1112.10	15314.57	-32.65	130.08	116.14
88	291	303	139	102	223	181	-4.24	8.16	-149.29	-2117.80	-1122.50	15327.44	-15.96	138.68	115.13
88	292	303	139	101	224	181	-4.05	8.13	-149.64	-2119.91	-1103.17	15341.07	11.98	128.14	116.12
88	291	303	140	101	223	181	-3.92	8.11	-149.82	-2109.51	-1087.21	15338.81	26.59	131.79	124.02
88	291	302	140	101	223	181	-3.83	8.13	-150.06	-2113.43	-1076.45	15353.27	37.71	133.60	131.12
88	292	303	140	101	222	181	-3.92	8.10	-150.10	-2119.56	-1077.23	15341.21	14.17	123.42	138.41
88	291	303	140	101	223	181	-4.05	8.08	-150.13	-2118.58	-1074.57	15323.35	-23.34	113.85	140.39
89	291	302	140	101	223	181	-4.22	8.08	-149.91	-2114.06	-1085.64	15299.18	-51.42	113.55	146.47
88	292	303	140	101	223	181	-4.28	8.14	-149.67	-2117.75	-1100.16	15278.42	-44.25	118.63	151.00
88	291	303	140	101	223	182	-4.18	8.16	-149.82	-2119.07	-1093.75	15272.30	-26.14	121.24	156.25
88	291	303	140	101	223	181	-4.15	8.13	-149.97	-2117.31	-1083.06	15274.08	-27.33	117.58	159.28
88	291	303	140	101	224	182	-4.22	8.20	-149.80	-2112.85	-1090.91	15271.58	-40.61	133.75	164.57
88	291	303	139	102	223	182	-4.12	8.26	-149.89	-2116.20	-1087.76	15292.20	-11.43	152.47	171.09
87	291	303	139	101	223	182	-3.90	8.26	-150.54	-2121.79	-1053.78	15308.59	-1.81	146.79	180.14
88	291	303	140	101	223	181	-3.94	8.23	-150.87	-2122.90	-1035.29	15304.56	-32.82	138.05	200.48
88	292	304	140	101	222	181	-4.12	8.22	-150.72	-2126.96	-1046.32	15299.73	-66.03	127.70	222.91
89	291	303	140	101	221	182	-4.22	8.15	-150.73	-2123.81	-1044.21	15286.55	-102.93	115.22	235.11
87	292	303	140	101	223	181	-4.24	8.19	-150.49	-2121.02	-1056.80	15275.62	-88.78	122.55	253.11
88	291	303	140	101	224	181	-4.04	8.27	-150.77	-2126.17	-1043.16	15276.44	-59.94	141.68	277.60
89	292	304	140	101	223	182	-4.12	8.28	-150.78	-2131.86	-1045.20	15293.82	-82.30	139.89	291.32
88	291	304	140	101	223	182	-4.26	8.25	-150.36	-2128.67	-1067.74	15292.72	-89.28	138.20	300.20
88	291	303	140	102	223	181	-4.18	8.30	-150.57	-2133.03	-1058.35	15297.89	-81.52	142.44	306.29
88	291	303	139	101	223	181	-4.27	8.35	-150.74	-2144.18	-1055.63	15298.99	-108.69	136.37	309.38
88	291	303	140	100	223	182	-4.32	8.32	-150.55	-2136.37	-1061.85	15288.64	-118.21	137.25	315.76
88	292	303	139	102	223	181	-4.31	8.37	-150.68	-2139.15	-1055.36	15288.01	-118.90	147.34	326.97
88	292	303	139	102	223	181	-4.38	8.44	-150.57	-2150.40	-1067.79	15300.41	-121.50	154.12	335.92
88	292	303	140	101	223	182	-4.45	8.44	-150.46	-2153.88	-1076.40	15298.19	-129.38	143.71	339.73
88	292	304	140	101	223	181	-4.62	8.44	-149.79	-2150.38	-1112.98	15294.88	-128.11	142.38	340.74
88	292	303	139	102	223	181	-4.55	8.48	-149.73	-2150.66	-1116.33	15286.13	-107.30	156.36	340.50
88	292	304	140	101	223	181	-4.49	8.56	-150.04	-2169.33	-1109.32	15305.43	-104.24	161.69	341.68
88	292	303	140	101	223	182	-4.51	8.53	-150.09	-2177.06	-1111.45	15320.16	-117.28	146.61	341.04
89	292	303	140	102	224	182	-4.56	8.53	-149.72	-2176.41	-1132.28	15326.15	-102.71	152.68	350.39
88	292	303	140	101	223	181	-4.53	8.57	-149.61	-2182.59	-1142.46	15351.64	-83.18	161.14	356.27
88	292	304	140	102	223	182	-4.55	8.53	-149.33	-2185.86	-1160.34	15384.26	-68.37	150.33	352.56
88	292	304	140	101	223	181	-4.57	8.49	-149.22	-2192.77	-1171.72	15384.45	-57.85	130.77	352.08
88	292	303	140	101	223	182	-4.54	8.44	-149.35	-2200.73	-1168.94	15377.82	-56.91	112.08	345.58
88	292	304	140	100	223	181	-4.51	8.43	-149.70	-2207.49	-1151.69	15364.53	-72.56	97.73	346.40
88	292	304	140	101	223	182	-4.64	8.39	-149.51	-2203.12	-1160.71	15342.90	-98.53	96.39	348.58
88	292	304	140	102	223	181	-4.63	8.40	-149.61	-2208.76	-1157.67	15341.76	-95.06	88.37	343.00
88	292	304	140	102	223	181	-4.54	8.36	-149.42	-2196.12	-1162.79	15318.07	-64.60	82.45	344.50
89	292	303	140	101	224	181	-4.33	8.41	-149.50	-2193.92	-1155.65	15296.17	-7.22	96.53	353.07
88	292	304	140	101	223	182	-4.31	8.48	-149.76	-2201.02	-1144.07	15272.56	-17.61	102.80	362.77
88	292	304	140	101	223	182	-4.57	8.47	-148.81	-2194.37	-1197.26	15287.73	-19.83	111.26	368.93
88	292	304	139	101	223	181	-4.71	8.43	-148.51	-2194.65	-1216.00	15304.14	-31.89	111.25	357.89
88	292	304	139	101	223	182	-4.99	8.38	-148.21	-2195.12	-1234.40	15321.34	-88.60	100.39	347.04
88	292	303	139	101	223	181	-5.36	8.28	-147.58	-2186.96	-1267.68	15324.67	-153.97	88.87	335.14
88	292	304	139	102	223	181	-5.51	8.24	-146.77	-2176.82	-1311.50	15330.64	-143.92	90.32	313.98
88	292	303	140	102	223	181	-5.35	8.27	-146.82	-2182.37	-1312.72	15347.11	-107.27	92.26	284.63
89	292	304	140	101	223	182	-5.27	8.21	-147.33	-2187.26	-1283.08	15349.75	-134.66	67.34	257.80
88	292	303	140	101	224	182	-5.45	8.13	-146.89	-2181.49	-1306.13	15307.46	-147.67	50.18	236.16
89	292	304	140	101	223	182	-5.04	8.28	-146.88	-2178.82	-1305.62	15269.29	-42.79	73.12	204.60
89	292	304	139	101	223	181	-4.27	8.43	-148.71	-2201.08	-1207.34	15269.03	34.65	84.76	184.67
88	292	304	140	102	223	181	-4.03	8.38	-150.14	-2202.42	-1122.78	15269.97	-23.33	69.42	193.29
88	292	303	139	102	223	181	-4.25	8.31	-149.66	-2187.70	-1142.44	15252.48	-51.02	72.05	215.28
88	292	304	140	102	223	181	-4.04	8.39	-149.85	-2183.52	-1128.71	15245.85	-7.12	101.35	230.41
89	292	303	140	100	223	181	-3.83	8.49	-150.51	-2196.34	-1097.68	15264.56	18.19	121.38	251.99
89	292	303	140	101	222	181	-3.89	8.48	-150.62	-2200.12	-1093.60	15282.73	8.43	117.96	278.09
88	293	304	140	101	223	181	-4.17	8.41	-149.87	-2190.32	-1131.32	15272.79	-8.89	110.67	296.44
88	293	304	138	101	223	182	-4.39	8.46	-148.28	-2189.80	-1226.55	15281.15	58.80	134.98	293.76
89	293	304	134	101	223	182	-4.01	8.49	-147.90	-2189.31	-1249.82	15305.70	201.96	149.98	267.73
89	293	304	139	102	224	182	-3.55	8.49	-149.30	-2185.65	-1162.73	15306.21	215.76	144.13	250.59
89	293	304	138	101	223	182	-3.85	8.51	-148.80	-2183.16	-1191.39	15303.70	176.63	145.53	255.41
89	293	304	138	102	223	182	-3.82	8.60	-148.33	-2190.01	-1223.22	15314.31	235.10	165.85	240.14
89	292	304	140	102	223	182	-3.40	8.68	-149.25	-2206.51	-1178.06	15331.20	286.79	174.31	214.03
89	293	303	139	101	223	180	-3.17	8.65	-150.50	-2212.18	-1107.56	15332.44	256.75	155.14	202.78
89	293	304	140	102	224	182	-3.25	8.63	-150.86	-2204.77	-1081.58	15306.22	210.66	147.49	210.49
89	293	304	138	102	224	181	-3.27	8.69	-150.91	-2209.53	-1081.70	15298.11	206.58	159.11	214.87
89	292	304	139	102	223	181	-3.14	8.76	-151.59	-2222.06	-1049.82	15299.40	203.05	162.51	209.22
89	293	304	140	102	223	182	-3.07	8.82	-152.19	-2231.75	-1019.13	15295.03	180.10	160.38	204.16
88	293	305	140	102	224	182	-3.06	8.81	-152.62	-2232.37	-995.17	15287.68	153.49	157.41	207.70
89	293	303	136	101	223	181	-3.17	8.81	-152.92	-2241.75	-983.81	15296.89	109.07	153.79	212.57
89	293	304	135	101	223	182	-3.35	8.80	-152.72	-2246.26	-997.42	15290.45	81.82	146.10	216.39
89	293	304	140	102	222	182	-3.40	8.81	-152.69	-2245.55	-998.55	15282.93	74.47	149.05	219.67
89	293	304	139	102	223	182	-3.39	8.81	-152.73	-2242.27	-994.62	15281.98	73.35	157.84	222.29
89	293	304	140	102	223	182	-3.43	8.86	-152.72	-2246.36	-997.69	15285.68	72.13	162.55	217.52
89	293	304	140	101	224	181	-3.38	8.85	-152.98	-2244.24	-981.01	15291.20	60.23	164.27	214.05
89	293	304	139	101	223	182	-3.52	8.85	-152.94	-2249.43	-986.36	15293.04	35.52	163.01	217.60
89	293	304	137	100	223	181	-3.58	8.90	-152.78	-2261.95	-1001.84	15290.99	45.09	158.71	212.87
89	293	304	139	101	223	182	-3.48	8.95	-152.88	-2274.46	-1002.75	15283.64	73.79	155.17	201.32
89	293	304	140	102	224	181	-3.28	8.91	-153.68	-2271.73	-955.21	15280.25	61.65	150.22	185.76
89	293	304	139	102	224	182	-3.31	8.93	-153.99	-2272.15	-938.65	15273.44	30.36	155.41	192.07
89	293	304	138	102	222	182	-3.24	9.00	-154.15	-2275.54	-930.72	15275.37	44.90	164.58	201.56
90	293	304	139	101	224	182	-3.15	9.06	-154.50	-2282.36	-914.38	15276.80	52.95	176.56	214.29
89	293	303	140	102	223	182	-3.22	9.13	-154.48	-2285.24	-917.66	15283.96	44.30	195.38	227.67
89	293	304	140	101	224	182	-3.24	9.17	-154.68	-2299.18	-912.18	15299.56	30.29	193.31	232.64
89	293	304	140	101	224	181	-3.44	9.15	-154.53	-2303.82	-923.57	15304.18	-8.58	185.64	239.41
89	293	304	139	102	223	181	-3.54	9.14	-154.17	-2306.03	-944.39	15307.97	-5.40	188.56	237.89
89	293	304	140	101	224	182	-3.47	9.18	-154.36	-2310.73	-936.77	15313.18	-3.33	195.83	237.14
89	293	303	140	102	224	181	-3.49	9.16	-154.36	-2319.99	-940.13	15320.72	-3.41	189.19	236.98
89	293	303	140	101	224	181	-3.50	9.10	-154.42	-2315.99	-934.53	15301.88	-9.84	178.18	236.39
89	293	303	139	102	224	182	-3.53	9.17	-154.13	-2313.79	-950.00	15283.19	7.40	200.32	241.17
89	293	304	140	102	223	182	-3.46	9.24	-154.37	-2324.50	-942.50	15302.43	16.83	209.46	237.51
89	293	304	139	102	223	181	-3.57	9.26	-154.50	-2336.68	-940.58	15304.51	-9.41	197.58	230.58
89	293	304	140	102	223	182	-3.66	9.24	-154.50	-2337.85	-940.35	15295.88	-31.24	193.15	222.45
90	293	304	140	102	223	181	-3.57	9.30	-154.86	-2349.15	-926.33	15294.69	-28.48	191.95	217.88
89	293	304	140	101	223	182	-3.52	9.38	-155.11	-2357.69	-915.01	15297.35	-30.60	201.60	221.29
89	293	304	140	101	223	182	-3.57	9.39	-155.00	-2363.81	-924.86	15311.28	-26.37	201.32	216.17
89	293	304	140	101	223	182	-3.53	9.35	-155.29	-2364.62	-908.02	15312.72	-38.11	185.10	200.46
89	293	304	140	102	224	181	-3.50	9.36	-155.32	-2369.59	-908.42	15310.28	-41.00	183.70	198.24
89	293	304	140	101	223	181	-3.41	9.43	-155.61	-2383.11	-898.20	15320.17	-31.20	188.16	199.68
89	293	304	140	102	222	181	-3.39	9.44	-155.82	-2391.15	-890.09	15313.76	-27.79	186.31	200.64
89	293	304	140	101	223	181	-3.46	9.44	-155.93	-2396.60	-886.98	15312.67	-53.00	180.34	198.01
89	293	304	140	101	223	181	-3.57	9.43	-155.82	-2406.57	-897.63	15320.84	-75.50	171.27	193.51
89	293	304	140	101	223	182	-3.61	9.41	-155.88	-2414.04	-897.55	15328.40	-89.43	158.71	194.39
89	293	304	140	101	223	181	-3.59	9.41	-155.67	-2413.74	-908.27	15322.58	-70.15	158.92	201.27
90	293	304	140	102	223	181	-3.42	9.42	-155.98	-2413.45	-891.06	15324.45	-48.90	164.33	208.85
89	293	304	140	102	223	181	-3.36	9.47	-156.25	-2423.78	-879.31	15331.22	-43.05	163.16	224.76
89	293	304	140	101	224	182	-3.53	9.42	-155.93	-2425.99	-899.74	15344.46	-55.80	149.85	227.52
90	293	304	139	102	224	181	-3.55	9.37	-155.69	-2422.69	-911.36	15336.64	-44.36	141.86	225.45
89	293	304	140	100	223	181	-3.53	9.38	-155.94	-2420.75	-896.79	15324.41	-54.69	136.97	220.17
89	293	304	140	102	224	180	-3.69	9.39	-155.88	-2423.52	-901.15	15316.39	-94.56	134.32	215.87
89	294	304	140	102	224	181	-3.87	9.38	-155.37	-2430.74	-933.09	15316.17	-98.48	126.55	213.97
89	293	304	140	101	223	182	-3.85	9.38	-154.98	-2426.60	-955.44	15299.36	-59.15	131.73	204.97
89	294	304	140	101	222	181	-3.61	9.43	-155.49	-2441.27	-932.06	15298.99	-31.80	137.04	195.23
90	293	304	140	102	223	181	-3.56	9.41	-155.87	-2440.41	-909.46	15306.24	-43.51	133.54	194.01
89	294	304	137	102	223	182	-3.62	9.37	-155.76	-2441.59	-916.59	15317.13	-54.13	138.06	200.61
89	294	305	140	102	223	180	-3.68	9.37	-155.45	-2445.51	-936.16	15318.07	-41.33	137.06	197.38
89	293	304	140	102	223	181	-3.45	9.37	-155.65	-2440.63	-922.95	15316.57	-3.46	138.35	190.51
89	294	304	140	102	224	181	-3.37	9.32	-156.27	-2441.80	-886.80	15333.54	-26.09	128.84	193.54
89	293	305	140	101	223	182	-3.62	9.26	-155.83	-2441.71	-912.46	15330.06	-63.58	117.89	202.16
89	293	305	140	102	223	182	-3.74	9.24	-155.30	-2432.03	-939.64	15324.36	-63.15	112.55	198.55
89	293	305	140	102	224	181	-3.73	9.28	-155.17	-2434.62	-947.06	15310.14	-49.44	114.22	190.48
89	293	305	141	102	222	181	-3.77	9.27	-155.34	-2435.69	-938.30	15302.44	-66.82	104.81	173.10
89	294	304	140	102	223	181	-3.80	9.20	-155.22	-2425.91	-940.79	15285.31	-77.18	97.87	169.55
89	293	304	140	102	224	181	-3.89	9.23	-155.00	-2418.61	-950.35	15274.45	-86.17	107.13	164.92
90	294	304	140	102	224	181	-3.92	9.27	-154.75	-2421.48	-966.23	15290.53	-73.91	114.32	153.87
89	294	304	140	100	224	180	-3.88	9.29	-154.86	-2427.41	-962.32	15297.00	-72.92	106.96	142.03
89	293	304	140	102	223	181	-3.99	9.23	-154.60	-2419.64	-974.80	15283.15	-83.37	102.71	130.03
89	294	303	140	102	223	181	-3.88	9.28	-154.69	-2416.26	-967.86	15275.59	-66.40	111.27	126.53
89	294	305	140	102	223	181	-3.75	9.32	-155.23	-2414.24	-934.07	15262.21	-81.28	121.86	128.65
89	293	304	140	102	223	180	-3.97	9.34	-155.12	-2415.33	-942.57	15250.30	-124.17	121.72	131.12
89	293	304	140	102	224	181	-4.02	9.38	-154.77	-2412.77	-961.44	15251.99	-113.31	128.88	128.36
89	294	305	140	102	223	180	-3.99	9.37	-154.51	-2413.93	-976.77	15269.59	-85.55	129.44	121.54
90	293	304	140	101	223	180	-3.92	9.32	-154.45	-2407.83	-977.53	15274.11	-71.97	122.76	111.72
90	293	304	140	102	223	180	-3.82	9.36	-154.40	-2411.84	-981.85	15278.40	-41.42	134.33	106.63
89	293	305	140	101	224	180	-3.73	9.39	-154.56	-2417.65	-975.76	15294.48	-35.60	140.76	96.55
89	294	304	140	102	223	181	-3.75	9.37	-154.79	-2425.76	-965.57	15309.76	-53.92	123.72	78.67
89	293	305	140	101	222	180	-3.72	9.33	-154.85	-2423.08	-961.89	15309.87	-50.12	112.04	70.34
90	294	305	139	101	223	180	-3.58	9.36	-155.10	-2425.72	-947.20	15304.58	-31.27	114.98	70.97
89	293	305	140	102	223	181	-3.58	9.45	-155.33	-2439.44	-940.44	15305.75	-40.55	124.63	72.32
89	294	304	139	102	223	181	-3.56	9.43	-155.53	-2444.06	-931.62	15315.86	-48.43	115.65	68.21
90	294	304	140	102	223	180	-3.67	9.41	-155.54	-2445.06	-930.24	15296.67	-80.25	103.72	64.85
90	294	305	140	102	223	181	-3.74	9.44	-155.44	-2439.21	-933.12	15268.23	-86.04	109.43	62.30
89	294	304	140	102	223	181	-3.58	9.53	-155.79	-2444.45	-916.27	15258.62	-73.14	121.81	68.84
90	294	305	139	102	224	181	-3.68	9.59	-155.87	-2457.03	-917.05	15252.89	-98.68	122.97	73.80
89	294	305	140	102	223	181	-3.78	9.64	-155.51	-2459.97	-939.60	15243.25	-94.35	132.32	80.01
89	294	305	140	102	223	181	-3.74	9.65	-155.73	-2457.97	-925.22	15238.68	-100.33	136.11	82.21
90	294	305	140	102	223	181	-3.93	9.68	-155.39	-2462.68	-947.36	15239.35	-122.46	141.35	86.80
89	294	305	140	101	223	181	-3.93	9.72	-155.33	-2471.74	-955.39	15249.78	-109.44	145.93	87.56
89	294	305	141	102	224	181	-3.90	9.66	-155.25	-2463.36	-956.62	15253.89	-96.07	145.94	90.38
89	294	304	141	102	223	181	-3.84	9.66	-155.35	-2456.39	-947.59	15248.60	-94.22	155.69	95.46
90	294	305	140	101	223	181	-3.92	9.77	-155.17	-2467.77	-962.61	15244.97	-106.10	172.61	102.24
90	294	305	140	101	222	181	-4.07	9.82	-154.84	-2474.58	-985.48	15252.92	-118.00	180.18	104.02
90	294	305	140	102	223	181	-3.99	9.78	-154.62	-2478.05	-1000.61	15263.47	-83.90	175.27	97.22
90	294	305	140	101	223	181	-3.87	9.78	-154.90	-2472.35	-981.58	15264.10	-78.25	184.85	101.36
89	294	305	140	102	223	181	-3.92	9.86	-154.88	-2481.93	-986.30	15277.69	-84.29	192.11	108.14
89	294	303	140	102	222	181	-3.93	9.86	-155.16	-2490.83	-974.98	15282.81	-106.88	185.81	112.19
90	294	304	140	102	223	181	-4.14	9.80	-154.89	-2496.69	-993.03	15275.27	-137.18	172.07	114.48
89	294	304	140	102	223	180	-4.11	9.78	-154.76	-2493.86	-999.18	15267.70	-119.87	171.56	116.45
89	294	304	141	102	222	181	-4.03	9.81	-155.08	-2499.76	-983.02	15275.52	-121.63	173.68	121.43
89	294	305	140	102	223	180	-4.02	9.80	-155.22	-2507.18	-978.47	15267.74	-124.40	165.60	129.81
90	294	305	141	101	223	180	-4.06	9.80	-155.24	-2512.02	-979.15	15266.55	-129.63	164.22	142.77
89	294	305	140	102	223	180	-4.17	9.84	-155.04	-2518.42	-994.59	15261.03	-138.00	164.31	151.23
89	294	305	140	102	223	180	-4.21	9.87	-154.86	-2524.30	-1008.66	15265.57	-129.90	166.14	155.82
90	294	304	140	101	223	180	-4.15	9.88	-154.97	-2524.08	-1001.43	15268.09	-125.85	171.49	165.88
89	294	304	140	101	223	180	-4.21	9.88	-154.87	-2528.48	-1009.16	15264.29	-126.51	172.56	171.53
90	294	306	140	102	223	181	-4.20	9.91	-154.79	-2535.85	-1017.90	15263.07	-116.88	169.38	175.46
89	294	305	141	102	223	181	-4.29	9.91	-154.50	-2541.66	-1038.40	15268.72	-117.29	163.96	177.13
89	294	305	140	102	223	181	-4.19	9.94	-154.67	-2546.38	-1030.88	15268.28	-106.58	161.17	178.43
89	294	305	141	102	223	181	-4.24	9.97	-154.53	-2548.66	-1039.14	15250.67	-105.75	164.06	189.76
89	294	305	141	101	223	180	-4.16	10.01	-154.63	-2550.23	-1034.58	15254.74	-90.16	167.60	191.67
90	294	305	140	101	222	181	-4.16	10.02	-154.72	-2559.51	-1033.85	15273.80	-101.90	162.12	193.04
90	294	304	140	101	223	180	-4.28	9.98	-154.60	-2559.54	-1040.76	15268.11	-124.51	150.97	197.73
90	294	304	140	100	223	180	-4.35	9.94	-154.33	-2549.96	-1052.72	15249.50	-125.08	152.52	199.05
89	294	305	141	102	223	181	-4.22	9.99	-154.59	-2557.46	-1040.49	15256.23	-108.33	157.14	204.44
89	294	306	141	102	223	181	-4.18	10.01	-154.80	-2566.59	-1031.66	15263.21	-110.81	155.89	218.02
89	294	305	141	102	223	181	-4.24	9.93	-154.60	-2557.46	-1039.28	15261.25	-115.62	149.49	229.42
90	294	305	141	102	224	181	-4.26	9.91	-154.43	-2556.59	-1049.32	15263.99	-107.59	147.47	237.50
90	294	305	140	102	224	179	-4.25	9.94	-154.44	-2562.36	-1051.05	15253.59	-104.71	145.29	246.18
89	294	305	141	102	223	181	-4.29	10.01	-154.27	-2567.24	-1064.50	15245.31	-95.27	155.98	248.27
90	294	304	140	102	223	182	-4.16	10.08	-154.61	-2577.08	-1048.47	15248.45	-81.71	164.23	259.10
89	294	304	140	102	223	181	-4.35	10.06	-154.25	-2578.82	-1071.65	15247.02	-102.23	158.32	266.75
89	294	305	140	101	224	181	-4.35	10.02	-154.09	-2578.48	-1081.07	15245.67	-99.16	152.60	261.31
90	294	305	141	102	223	181	-4.37	10.06	-154.28	-2585.16	-1073.41	15234.99	-117.16	151.42	266.94
90	294	304	140	102	222	181	-4.47	10.09	-153.91	-2593.10	-1100.74	15236.84	-106.95	158.25	273.75
90	294	305	140	102	223	181	-4.37	10.09	-153.99	-2593.45	-1095.10	15238.20	-93.55	155.24	272.76
89	294	305	140	101	224	181	-4.45	10.10	-153.89	-2603.17	-1106.55	15247.29	-104.77	150.48	267.52
89	294	305	141	102	223	181	-4.42	10.08	-154.08	-2608.81	-1096.42	15242.92	-111.58	145.05	264.35
90	294	305	141	101	223	181	-4.38	10.05	-154.15	-2605.37	-1090.40	15235.17	-108.81	139.95	275.13
90	294	305	140	101	223	180	-4.42	10.12	-153.88	-2608.11	-1109.88	15226.62	-95.01	152.05	279.62
90	294	304	140	102	224	181	-4.33	10.18	-154.00	-2620.30	-1107.79	15245.49	-78.16	156.40	275.09
90	295	305	140	102	223	181	-4.39	10.15	-154.12	-2632.09	-1105.80	15244.01	-89.36	143.33	273.69
89	295	305	140	102	222	181	-4.40	10.18	-154.05	-2632.88	-1110.71	15228.81	-92.39	142.11	273.30
89	294	306	140	102	223	181	-4.32	10.26	-154.39	-2646.44	-1095.97	15220.57	-92.02	145.51	276.84
90	294	306	141	102	224	181	-4.23	10.25	-154.65	-2650.31	-1080.97	15221.54	-87.12	137.58	277.50
90	294	305	140	102	223	181	-4.09	10.28	-155.06	-2660.40	-1059.12	15224.26	-81.51	131.90	291.82
89	294	305	141	102	223	181	-4.16	10.28	-155.00	-2660.78	-1063.37	15211.85	-91.49	131.01	305.33
90	294	305	140	102	224	181	-4.28	10.33	-154.79	-2665.74	-1078.60	15201.06	-100.31	135.21	313.21
89	294	305	140	102	223	181	-4.41	10.40	-154.64	-2672.65	-1091.67	15192.20	-114.60	144.60	317.30
90	295	305	141	102	223	181	-4.48	10.39	-154.56	-2667.42	-1094.89	15185.19	-123.42	147.02	317.84
89	294	305	141	102	223	181	-4.54	10.41	-154.37	-2670.85	-1108.14	15189.33	-122.35	157.47	322.75
89	295	305	140	102	223	182	-4.56	10.46	-154.20	-2678.51	-1122.74	15205.47	-108.08	166.44	326.31
90	294	305	140	102	223	181	-4.64	10.47	-154.26	-2685.78	-1122.20	15207.99	-125.57	165.32	326.39
88	295	306	140	102	223	181	-4.77	10.47	-153.96	-2687.89	-1143.89	15203.00	-127.50	171.96	325.22
90	294	305	142	102	222	181	-4.82	10.55	-154.04	-2701.50	-1144.69	15216.44	-142.52	176.41	319.96
90	295	305	140	102	223	181	-5.09	10.49	-153.89	-2703.02	-1155.66	15233.02	-207.29	160.89	306.31
89	295	305	140	102	223	181	-5.26	10.43	-153.50	-2701.47	-1179.68	15243.17	-225.23	151.24	296.45
90	295	305	140	102	223	181	-5.31	10.41	-153.31	-2705.00	-1194.29	15241.41	-225.52	146.43	290.38
90	294	305	140	102	224	182	-5.33	10.43	-153.07	-2708.95	-1212.98	15221.34	-210.04	142.26	286.76
90	295	305	141	102	223	181	-5.28	10.57	-152.85	-2719.70	-1232.33	15219.07	-180.29	159.20	281.72
91	295	305	140	101	223	181	-5.19	10.59	-153.19	-2730.72	-1215.11	15230.92	-184.03	155.19	273.48
90	295	305	140	101	223	181	-5.27	10.46	-153.10	-2724.38	-1218.16	15219.37	-199.47	135.03	265.51
90	294	305	140	102	224	181	-5.21	10.55	-152.95	-2730.36	-1231.05	15210.61	-166.55	148.43	261.73
89	295	305	141	102	223	181	-5.09	10.65	-153.12	-2738.84	-1223.90	15212.67	-143.07	164.80	260.45
90	295	305	140	101	223	182	-5.04	10.65	-153.13	-2742.10	-1225.70	15215.84	-129.07	162.81	257.32
89	295	305	140	101	223	181	-5.02	10.69	-153.19	-2746.39	-1223.02	15205.85	-127.87	165.17	258.96
90	294	305	141	102	223	182	-4.97	10.76	-153.44	-2753.47	-1210.87	15207.56	-126.87	174.01	263.66
90	295	305	141	102	224	181	-5.02	10.79	-153.54	-2764.80	-1208.72	15209.98	-146.88	171.16	269.98
89	294	305	140	102	223	181	-5.14	10.81	-153.19	-2768.56	-1234.09	15209.88	-145.24	174.41	271.68
90	295	306	140	101	222	181	-5.14	10.82	-153.10	-2773.93	-1242.18	15208.18	-137.72	172.34	268.99
89	294	305	140	103	223	180	-5.15	10.84	-152.91	-2770.24	-1254.07	15203.98	-125.24	173.32	266.29
90	295	305	141	102	224	181	-5.11	10.91	-152.92	-2782.72	-1260.37	15209.78	-107.18	184.40	262.08
90	295	305	140	101	223	181	-5.06	10.92	-152.96	-2788.59	-1260.95	15228.89	-96.82	188.53	255.38
90	295	305	140	101	223	181	-5.15	10.84	-152.78	-2795.56	-1276.10	15244.04	-101.78	170.61	240.46
90	294	305	141	102	223	181	-5.06	10.81	-152.89	-2798.38	-1270.30	15247.84	-86.04	159.18	229.43
90	295	304	141	102	224	181	-5.10	10.86	-152.74	-2800.26	-1281.78	15238.45	-81.74	170.22	234.86
89	295	306	141	102	223	181	-5.14	10.92	-152.76	-2809.85	-1284.29	15230.92	-88.90	172.26	237.72
90	295	306	141	102	223	181	-5.34	10.90	-152.39	-2811.96	-1312.68	15223.18	-104.75	163.64	229.28
89	295	306	140	102	223	181	-5.38	10.88	-152.32	-2813.16	-1318.05	15215.42	-108.62	149.91	209.37
90	295	306	141	102	224	181	-5.51	10.93	-152.15	-2816.90	-1331.94	15203.65	-123.79	157.02	194.65
90	295	305	140	102	223	181	-5.37	10.96	-152.21	-2816.46	-1327.75	15201.87	-94.05	161.31	182.62
89	295	305	141	101	222	181	-5.30	10.94	-152.33	-2821.43	-1321.76	15200.57	-86.79	154.75	173.39
90	294	306	141	101	223	181	-5.33	10.91	-152.24	-2826.16	-1330.07	15196.34	-85.60	144.81	157.67
90	295	305	141	102	224	181	-5.30	10.88	-152.14	-2826.05	-1337.17	15202.73	-78.32	144.57	143.53