80	276	514	238	193	230	166	1.38	-77.10	-1.15	15945.98	19.51	3759.88	-102.07	-191.92	-236.14 9
80	276	514	237	192	231	165	1.55	-77.13	-1.12	15936.28	28.93	3732.88	-90.21	-168.02	-225.78 9
80	277	514	237	192	230	166	1.32	-76.90	-1.15	15919.46	21.29	3750.64	-70.10	-131.52	-207.55 9
80	277	514	238	193	230	165	0.96	-76.65	-1.22	15900.29	2.62	3787.91	-59.65	-115.00	-187.47 9
80	277	514	238	192	230	166	0.46	-76.56	-1.29	15902.68	-18.91	3821.71	-56.11	-116.55	-166.29 9
80	277	514	237	193	229	166	0.20	-76.57	-1.33	15901.54	-29.16	3829.83	-49.66	-126.67	-150.28 9
80	277	514	237	193	228	166	0.45	-76.62	-1.30	15905.87	-19.11	3823.54	-45.63	-128.89	-132.02 9
80	277	514	238	193	229	165	0.56	-76.68	-1.27	15899.77	-12.95	3808.56	-33.94	-131.44	-123.07 9
81	277	514	237	192	230	166	0.79	-76.70	-1.23	15893.38	-0.90	3799.33	-25.70	-122.57	-112.16 9
80	277	514	238	192	231	166	0.40	-76.63	-1.29	15895.91	-16.46	3803.76	-30.01	-104.34	-93.65 9
80	277	514	237	192	229	166	-0.06	-76.58	-1.36	15895.12	-35.64	3802.58	-31.86	-87.02	-84.27 9
81	277	514	237	192	230	166	-0.11	-76.56	-1.38	15904.16	-43.25	3798.05	-37.87	-69.82	-77.81 9
80	277	514	237	192	231	166	-0.51	-76.55	-1.40	15908.95	-48.69	3787.14	-47.88	-45.73	-71.32 9
81	277	514	237	192	231	166	-0.54	-76.49	-1.39	15920.71	-46.06	3776.99	-51.58	-2.89	-67.55 9
81	277	514	237	193	230	166	-0.28	-76.33	-1.34	15912.27	-32.95	3784.94	-65.90	37.10	-65.47 9
81	278	514	237	192	229	166	-0.36	-76.15	-1.35	15910.26	-34.71	3806.89	-74.61	63.95	-57.00 9
81	278	514	238	193	229	165	-0.36	-75.98	-1.35	15905.14	-33.97	3835.75	-76.48	80.05	-52.15 9
81	278	514	237	192	230	165	-0.41	-75.90	-1.34	15897.49	-31.27	3854.36	-88.90	86.70	-41.74 9
81	277	514	237	193	231	166	-0.58	-75.83	-1.37	15898.01	-38.31	3877.84	-94.26	79.81	-35.16 9
80	278	514	237	193	230	165	-0.73	-75.79	-1.38	15898.91	-41.99	3893.55	-85.70	71.52	-28.80 9
81	278	514	238	193	230	166	-0.68	-75.83	-1.38	15896.97	-42.29	3901.87	-83.91	56.79	-23.36 9
81	278	514	237	192	229	166	-0.87	-75.90	-1.41	15903.32	-50.78	3901.78	-86.86	42.40	-15.74 9
81	278	514	237	193	231	166	-1.19	-75.96	-1.47	15902.15	-66.24	3901.29	-88.27	29.18	-14.35 9
81	277	514	237	192	230	166	-1.49	-76.05	-1.51	15896.64	-78.73	3885.82	-96.61	24.33	-17.79 9
81	278	513	237	192	231	166	-1.44	-76.16	-1.51	15900.61	-76.39	3866.33	-98.03	24.16	-23.85 9
80	278	514	238	193	230	165	-1.17	-76.20	-1.46	15898.18	-64.57	3851.82	-98.83	35.30	-21.45 9
81	278	514	237	193	230	166	-1.11	-76.16	-1.45	15892.67	-60.14	3854.63	-114.68	39.04	-11.48 9
81	278	514	237	193	230	165	-1.56	-76.13	-1.51	15891.64	-78.54	3851.69	-132.00	42.78	-0.41 9
81	278	514	238	192	231	166	-1.78	-76.08	-1.56	15896.26	-90.41	3861.11	-131.40	50.49	6.86 9
80	278	513	237	192	232	165	-1.96	-76.08	-1.57	15894.44	-92.69	3873.85	-145.98	49.47	16.57 9
81	279	513	237	192	229	165	-2.24	-76.05	-1.61	15901.12	-104.25	3879.36	-165.08	54.05	31.24 9
81	278	514	237	193	229	166	-2.27	-76.04	-1.62	15899.86	-107.44	3879.39	-161.58	57.54	44.03 9
81	279	514	237	192	229	165	-2.23	-76.05	-1.60	15920.07	-102.87	3878.82	-181.40	64.07	63.98 9
80	279	513	238	192	231	166	-2.80	-76.04	-1.68	15943.07	-126.73	3881.48	-209.53	78.81	80.38 9
81	279	514	237	193	230	166	-3.16	-75.97	-1.77	15956.91	-151.39	3888.81	-208.15	96.32	83.31 9
81	279	514	237	192	230	165	-3.22	-75.88	-1.80	15966.07	-158.02	3902.37	-204.79	103.71	74.44 9
81	279	513	237	192	230	166	-2.99	-75.81	-1.76	15965.16	-148.32	3917.85	-204.30	104.67	63.22 9
81	279	514	238	193	230	165	-2.73	-75.81	-1.72	15965.71	-137.70	3922.76	-197.34	101.29	54.11 9
81	278	514	238	192	230	166	-2.71	-75.76	-1.75	15955.42	-145.82	3935.22	-180.82	96.47	44.71 9
81	280	513	237	192	230	166	-2.85	-75.76	-1.79	15947.45	-154.13	3945.46	-161.33	79.20	29.72 9
81	279	513	237	192	231	166	-2.94	-75.79	-1.84	15942.68	-168.02	3953.39	-142.41	56.34	20.13 9
81	279	513	237	193	230	166	-3.07	-75.88	-1.87	15926.54	-175.22	3947.92	-139.59	33.67	17.03 9
81	280	514	237	192	230	165	-3.35	-75.99	-1.93	15918.41	-191.46	3942.12	-125.71	9.19	14.88 9
80	279	513	237	193	230	166	-3.32	-76.00	-1.94	15914.29	-195.89	3931.61	-104.28	8.98	14.98 9
81	279	513	237	192	230	166	-3.23	-75.98	-1.96	15908.98	-200.69	3928.83	-99.66	14.03	19.28 9
80	279	513	237	192	229	166	-3.70	-75.96	-2.05	15912.93	-223.06	3922.99	-102.28	25.93	30.72 9
80	279	513	237	193	230	166	-4.08	-75.83	-2.13	15904.28	-246.50	3929.24	-83.67	52.08	29.73 9
80	278	513	237	193	230	166	-4.06	-75.71	-2.16	15887.87	-254.18	3933.78	-55.83	79.63	24.10 9
80	278	513	237	193	230	166	-3.90	-75.65	-2.13	15876.48	-244.47	3946.89	-51.84	89.15	28.09 9
80	278	513	237	192	230	165	-4.23	-75.53	-2.19	15878.65	-262.65	3968.95	-66.05	93.74	37.64 9
80	278	513	237	192	231	166	-4.57	-75.40	-2.27	15875.12	-283.71	3986.30	-58.45	105.05	43.61 9
81	279	513	237	193	229	165	-4.32	-75.33	-2.25	15871.16	-278.53	4008.98	-34.03	102.30	37.23 9
80	278	513	237	193	229	165	-3.76	-75.40	-2.16	15878.20	-253.40	4009.73	-24.97	85.04	40.46 9
80	279	513	237	193	229	166	-3.12	-75.52	-2.07	15888.29	-230.33	3999.25	-3.98	71.13	49.54 9
80	279	513	237	193	231	165	-2.52	-75.64	-1.97	15900.48	-201.42	3982.49	15.22	60.08	65.71 9
81	279	513	237	192	231	166	-2.73	-75.68	-2.00	15915.05	-211.94	3974.16	27.96	65.12	86.23 9
80	279	513	237	192	229	165	-3.30	-75.68	-2.11	15928.70	-241.95	3975.25	46.06	60.67	90.77 9
81	279	513	238	193	230	166	-3.73	-75.70	-2.20	15938.47	-266.45	3976.29	64.86	53.08	81.08 9
81	279	513	238	193	229	165	-3.93	-75.84	-2.21	15939.74	-270.33	3971.08	60.87	24.53	60.57 9
80	279	513	237	193	230	166	-3.93	-75.96	-2.21	15944.95	-270.01	3966.72	54.47	0.70	39.20 9
80	279	513	237	193	230	166	-3.69	-76.12	-2.16	15950.31	-257.51	3937.39	54.10	-9.03	20.59 9
81	279	513	237	193	230	166	-3.09	-76.22	-2.07	15950.99	-231.84	3910.72	61.50	1.67	14.46 9
81	279	513	237	192	230	165	-2.85	-76.19	-2.04	15946.84	-222.04	3912.58	64.12	11.14	14.83 9
81	280	513	238	193	230	166	-3.07	-76.12	-2.08	15942.10	-234.14	3926.35	52.71	12.03	8.74 9
81	280	513	237	193	230	166	-3.44	-76.08	-2.15	15937.79	-253.23	3929.43	60.18	13.18	-0.10 9
81	280	513	237	193	229	166	-3.05	-76.18	-2.07	15929.50	-230.57	3918.76	65.02	6.07	-10.54 9
81	280	513	237	193	229	166	-2.82	-76.33	-1.99	15935.83	-210.44	3886.62	50.77	2.52	-10.21 9
81	280	513	237	193	230	166	-2.58	-76.33	-1.95	15932.44	-198.92	3862.29	65.53	22.64	-5.90 9
81	280	513	237	193	230	165	-2.25	-76.32	-1.90	15935.21	-184.18	3849.78	67.10	40.66	0.04 9
81	280	513	238	193	230	166	-2.55	-76.23	-1.93	15934.25	-192.17	3850.69	65.70	64.07	6.54 9
81	280	513	238	193	230	166	-2.67	-76.07	-1.97	15936.54	-204.96	3868.55	86.71	84.32	6.51 9
80	280	513	237	193	230	165	-2.59	-76.00	-1.96	15935.51	-202.51	3875.33	96.63	96.70	7.54 9
81	280	513	237	192	231	166	-2.25	-76.03	-1.92	15928.54	-189.18	3874.96	91.15	94.62	3.91 9
81	280	513	237	193	230	166	-2.15	-76.09	-1.90	15927.11	-184.13	3859.61	90.44	97.14	3.42 9
82	280	513	237	192	231	166	-2.14	-76.05	-1.92	15930.36	-190.32	3852.03	117.47	122.73	7.94 9
81	280	513	237	192	230	166	-1.95	-75.91	-1.90	15918.04	-185.40	3866.23	150.14	139.45	10.05 9
81	281	513	237	193	230	166	-1.65	-75.80	-1.86	15909.94	-173.93	3881.72	176.44	151.12	11.54 9
80	281	513	237	192	229	166	-1.41	-75.75	-1.83	15905.04	-164.04	3890.23	198.17	153.17	18.12 9
80	280	513	237	192	230	166	-1.42	-75.75	-1.82	15903.79	-162.83	3892.32	198.91	152.01	33.06 9
81	280	513	237	193	231	166	-1.55	-75.81	-1.88	15903.60	-178.69	3887.70	222.61	147.36	36.21 9
81	281	513	238	193	230	166	-1.41	-75.87	-1.87	15901.22	-175.76	3886.32	265.38	139.69	30.95 9
81	281	513	237	192	230	166	-1.15	-75.90	-1.82	15903.16	-161.37	3885.40	300.11	131.56	29.00 9
81	281	513	237	192	229	166	-1.37	-75.92	-1.85	15905.00	-171.90	3884.33	325.01	123.38	30.70 9
81	280	512	237	192	231	166	-1.46	-75.96	-1.87	15910.35	-176.91	3894.12	347.91	108.46	31.32 9
81	280	512	237	193	231	166	-1.64	-75.97	-1.90	15925.23	-185.46	3908.41	340.16	89.99	31.25 9
81	281	512	237	193	230	165	-1.64	-76.02	-1.90	15935.57	-185.99	3912.39	328.70	76.69	18.44 9
81	280	511	237	192	229	166	-1.39	-76.08	-1.87	15928.59	-175.49	3914.97	332.42	58.95	-2.53 9
81	281	511	237	193	229	166	-1.04	-76.14	-1.80	15926.76	-158.71	3913.22	339.50	39.35	-13.76 9
81	281	511	237	192	230	166	-0.52	-76.19	-1.71	15926.62	-132.58	3904.76	341.27	23.69	-3.92 9
81	281	511	237	192	230	166	-0.51	-76.26	-1.70	15917.89	-128.95	3905.52	334.71	-1.20	0.28 9
81	281	511	237	193	230	166	-0.33	-76.35	-1.66	15906.80	-118.10	3908.25	359.77	-34.29	-3.19 9
81	281	511	237	192	230	165	0.00	-76.52	-1.60	15906.66	-101.80	3908.43	356.93	-78.57	-4.98 9
81	281	511	237	193	230	166	0.17	-76.71	-1.56	15919.12	-92.31	3898.41	361.09	-120.59	2.52 9
81	281	511	237	192	230	165	0.43	-76.88	-1.51	15923.77	-79.69	3883.09	370.98	-149.86	14.49 9
81	281	511	237	192	230	165	0.25	-77.04	-1.52	15919.58	-80.11	3875.14	376.58	-184.17	19.42 9
81	280	511	237	193	231	166	-0.07	-77.25	-1.56	15933.00	-92.30	3857.98	377.30	-225.11	16.10 9
82	280	510	237	192	230	165	-0.50	-77.42	-1.58	15942.15	-96.29	3831.88	361.04	-255.46	7.39 9
82	280	511	237	192	230	166	-0.32	-77.62	-1.56	15953.24	-92.67	3809.89	356.09	-284.18	-6.68 9
82	281	510	237	192	230	166	-0.34	-77.80	-1.55	15958.38	-90.24	3785.19	346.58	-312.78	-34.59 9
81	281	511	237	192	230	166	0.15	-78.01	-1.44	15977.26	-60.53	3761.73	319.05	-344.64	-57.76 9
82	281	511	237	192	230	166	0.02	-78.25	-1.42	15989.00	-54.50	3731.25	284.90	-386.30	-78.07 9
81	280	511	237	192	229	166	0.06	-78.52	-1.39	16000.55	-48.98	3701.08	260.71	-422.74	-97.22 9
81	280	510	237	192	230	166	-0.25	-78.67	-1.41	16008.32	-52.73	3675.23	235.67	-444.05	-118.51 9
81	281	511	237	192	230	165	-0.13	-78.91	-1.39	16011.90	-47.09	3645.07	207.49	-469.95	-141.33 9
82	281	510	237	191	230	166	0.11	-79.16	-1.34	16017.91	-34.14	3598.62	169.36	-490.75	-162.82 9
82	281	510	237	192	230	165	0.84	-79.42	-1.25	16020.61	-10.03	3536.08	131.34	-494.51	-179.68 9
82	282	511	237	191	230	166	1.57	-79.65	-1.17	16027.58	12.67	3476.48	93.78	-480.79	-189.24 9
82	281	510	237	192	230	165	1.95	-79.73	-1.11	16035.60	29.04	3421.66	69.14	-446.35	-191.53 9
83	282	511	237	191	230	166	2.56	-79.72	-1.01	16031.02	55.79	3385.37	41.68	-410.98	-189.60 9
82	281	510	237	192	230	166	2.36	-79.64	-1.00	16037.67	58.80	3364.50	0.55	-371.83	-184.62 9
82	282	510	237	192	231	166	1.70	-79.53	-1.07	16038.79	40.66	3350.28	-31.28	-332.19	-184.94 9
82	282	511	238	191	230	166	1.41	-79.45	-1.08	16049.05	36.82	3341.37	-65.87	-302.08	-190.60 9
83	281	510	237	191	231	167	1.44	-79.39	-1.05	16053.20	45.98	3328.10	-107.72	-276.08	-195.42 9
83	282	510	237	191	230	165	1.49	-79.34	-1.03	16056.33	49.48	3321.09	-140.79	-255.87	-200.44 9
83	282	510	237	191	228	166	1.52	-79.22	-1.01	16061.32	56.41	3315.44	-166.95	-232.78	-202.82 9
82	282	510	237	191	230	166	1.59	-79.19	-0.96	16061.85	68.79	3310.67	-198.50	-223.19	-199.43 9
82	282	510	237	191	231	165	1.43	-79.19	-0.96	16060.96	68.15	3308.13	-223.02	-222.78	-196.86 9
83	282	510	237	191	231	165	1.45	-79.17	-0.95	16078.11	72.54	3306.73	-231.07	-216.64	-198.07 9
83	283	510	237	192	230	166	1.63	-79.14	-0.91	16072.80	82.52	3304.19	-237.07	-211.96	-206.56 9
82	283	510	237	191	230	165	1.58	-79.18	-0.91	16082.16	84.39	3302.18	-258.02	-219.41	-216.44 9
82	283	510	238	191	231	165	1.45	-79.20	-0.92	16092.66	79.57	3299.67	-263.27	-224.94	-228.61 9
83	283	510	237	191	230	166	1.86	-79.23	-0.87	16104.22	93.79	3289.29	-266.35	-226.99	-239.33 9
83	283	510	236	192	231	165	2.20	-79.32	-0.81	16115.01	109.30	3270.22	-275.73	-230.69	-240.62 9
82	284	510	237	191	231	165	2.32	-79.44	-0.80	16118.06	112.04	3245.11	-278.00	-230.46	-243.99 9
82	284	510	237	190	230	166	2.46	-79.59	-0.78	16129.96	117.84	3211.66	-289.15	-231.19	-247.24 9
82	284	510	237	191	231	165	2.17	-79.69	-0.80	16137.26	113.94	3180.87	-304.24	-214.58	-249.22 9
82	283	510	237	191	230	165	2.16	-79.69	-0.81	16136.40	109.65	3161.83	-301.98	-189.15	-258.31 9
83	284	510	237	191	230	166	2.68	-79.70	-0.75	16131.37	127.36	3134.54	-298.58	-165.39	-263.80 9
83	284	510	237	191	229	165	2.84	-79.63	-0.72	16125.41	135.60	3127.01	-320.55	-145.22	-266.61 9
83	284	510	237	191	231	166	2.59	-79.59	-0.73	16123.93	131.02	3120.46	-335.17	-130.41	-269.03 9
83	284	510	237	192	230	165	2.74	-79.55	-0.69	16126.34	142.87	3115.04	-339.36	-112.24	-274.18 9
83	285	510	237	192	231	165	3.01	-79.41	-0.64	16129.02	156.52	3120.29	-336.30	-85.33	-275.77 9
83	284	510	237	191	230	165	3.39	-79.25	-0.57	16121.17	177.90	3142.87	-337.18	-77.71	-282.53 9
83	284	510	237	191	231	165	3.65	-79.17	-0.48	16126.71	200.20	3155.33	-344.82	-72.88	-285.35 9
82	284	510	237	191	231	165	3.60	-79.04	-0.50	16130.77	195.59	3181.96	-331.58	-70.63	-286.43 9
83	284	510	237	191	231	165	4.00	-79.03	-0.44	16137.83	212.41	3191.46	-315.80	-81.45	-291.46 9
83	284	510	238	191	230	165	4.34	-79.07	-0.38	16135.74	228.19	3188.49	-314.56	-93.03	-287.89 9
83	284	510	237	191	230	166	4.57	-79.18	-0.35	16126.55	237.18	3170.67	-310.68	-105.98	-288.35 9
82	284	510	237	191	231	165	4.77	-79.25	-0.30	16119.63	250.92	3151.93	-300.55	-110.78	-291.78 9
82	284	510	238	191	231	165	5.22	-79.26	-0.24	16116.25	268.18	3143.74	-286.57	-109.49	-296.09 9
83	284	510	237	191	231	164	5.43	-79.27	-0.19	16113.43	282.37	3136.95	-283.19	-102.36	-295.38 9
83	284	510	237	191	230	165	5.59	-79.27	-0.16	16115.16	289.85	3129.10	-278.63	-95.40	-296.52 9
83	284	510	237	190	231	165	6.02	-79.22	-0.10	16121.20	307.76	3129.25	-263.95	-83.58	-300.99 9
83	285	510	237	190	230	165	6.83	-79.19	0.02	16122.54	341.17	3123.38	-251.55	-72.20	-296.84 9
83	284	509	237	188	230	165	7.47	-79.16	0.11	16116.22	364.11	3114.01	-242.28	-63.29	-289.40 9
83	285	510	237	186	231	165	7.98	-79.18	0.18	16117.00	384.70	3106.91	-226.86	-63.92	-284.73 9
82	285	510	237	186	231	164	8.36	-79.17	0.23	16113.75	398.27	3097.77	-200.07	-54.53	-278.19 9
82	285	510	237	184	229	165	8.97	-79.17	0.32	16105.87	422.96	3087.48	-191.77	-49.35	-267.93 9
83	285	509	237	184	231	164	9.16	-79.21	0.36	16110.77	433.01	3079.51	-189.68	-51.63	-258.94 9
83	285	510	237	184	231	165	9.65	-79.24	0.42	16115.23	450.96	3066.13	-166.09	-50.55	-253.39 9
82	285	510	237	183	230	164	10.61	-79.25	0.57	16112.27	490.41	3050.62	-148.39	-47.97	-238.52 9
83	285	510	237	184	230	164	11.03	-79.29	0.63	16114.86	508.49	3041.49	-139.77	-51.13	-218.79 9
82	285	510	237	183	230	164	11.26	-79.32	0.65	16115.91	514.86	3041.02	-114.18	-58.22	-205.00 9
83	285	510	237	184	231	164	11.53	-79.41	0.71	16118.32	530.12	3031.97	-104.32	-70.61	-195.25 9
83	284	510	237	184	231	164	11.57	-79.54	0.72	16120.80	532.82	3011.57	-102.31	-81.43	-182.49 9
83	284	509	237	184	230	164	11.67	-79.67	0.72	16123.16	532.37	2987.19	-89.04	-89.66	-174.77 9
83	285	510	237	183	231	165	12.16	-79.76	0.76	16124.41	544.96	2964.63	-71.19	-91.77	-164.13 9
83	285	510	237	183	230	165	12.57	-79.82	0.82	16123.19	559.51	2942.40	-70.43	-88.63	-150.52 9
83	284	509	237	183	231	165	12.56	-79.84	0.82	16127.83	560.33	2930.08	-60.86	-77.00	-138.05 9
83	285	509	237	183	231	165	12.55	-79.84	0.85	16125.83	568.92	2923.18	-54.07	-70.05	-127.89 9
83	284	510	237	183	232	165	12.40	-79.86	0.84	16134.14	566.87	2918.82	-61.81	-69.20	-119.85 9
83	285	509	237	181	230	165	12.01	-79.88	0.79	16150.44	553.93	2906.28	-55.07	-59.79	-114.66 9
83	285	510	237	183	230	165	12.00	-79.84	0.78	16156.51	550.83	2904.96	-40.37	-43.50	-114.37 9
83	285	509	237	182	232	165	12.26	-79.79	0.80	16163.09	554.69	2902.51	-31.65	-33.53	-118.15 9
83	285	509	237	182	231	165	12.25	-79.75	0.81	16163.13	557.75	2901.79	-27.97	-22.65	-122.45 9
83	285	509	237	182	231	164	12.33	-79.75	0.83	16174.18	563.87	2903.30	-21.72	-24.22	-131.57 9
83	284	509	237	182	231	164	12.35	-79.77	0.84	16191.47	566.87	2901.73	-11.93	-24.81	-133.05 9
83	286	509	237	182	230	165	12.57	-79.82	0.87	16191.49	576.13	2893.45	-8.14	-32.72	-137.94 9
83	285	509	237	182	230	165	12.86	-79.88	0.92	16189.32	588.92	2890.38	-6.33	-44.23	-146.75 9
84	286	509	237	182	231	165	12.90	-79.89	0.94	16195.85	595.48	2893.66	-5.26	-57.52	-160.01 9
83	285	509	236	182	230	164	12.98	-79.94	0.96	16194.66	600.90	2889.17	-6.80	-68.74	-169.06 9
84	285	509	237	182	230	164	13.49	-79.99	1.03	16183.93	618.66	2876.31	-4.61	-77.46	-178.91 9
83	286	509	237	182	231	164	14.10	-80.05	1.10	16176.13	639.92	2856.50	-14.93	-84.33	-183.51 9
84	285	510	237	182	231	164	14.59	-80.08	1.15	16159.12	651.53	2840.07	-23.93	-79.87	-183.68 9
84	286	510	237	182	230	164	15.14	-80.14	1.21	16148.77	669.75	2820.47	-23.94	-81.42	-181.70 9
84	286	509	237	182	231	165	15.10	-80.11	1.24	16145.33	675.26	2821.05	-40.44	-79.05	-178.22 9
84	286	509	237	182	231	164	14.86	-80.15	1.22	16153.86	671.10	2816.79	-47.72	-84.75	-173.75 9
84	286	509	237	182	231	164	14.95	-80.18	1.25	16161.97	679.15	2812.35	-61.78	-89.81	-168.47 9
84	286	509	237	182	230	164	15.35	-80.37	1.28	16159.47	686.19	2786.94	-105.09	-117.32	-167.14 9
84	286	509	237	181	231	164	14.65	-80.57	1.23	16178.90	673.48	2754.99	-143.09	-132.30	-167.84 9
84	286	509	237	182	231	164	14.73	-80.64	1.24	16180.35	678.21	2737.44	-150.53	-137.19	-179.84 9
83	286	509	237	182	230	164	15.06	-80.64	1.30	16178.53	695.70	2741.97	-155.31	-140.03	-190.70 9
83	286	509	237	182	229	163	15.41	-80.57	1.38	16179.81	717.31	2748.87	-149.39	-151.03	-203.12 9
84	285	509	237	182	230	163	16.08	-80.61	1.49	16177.62	745.24	2744.23	-156.62	-175.18	-211.91 9
84	286	509	237	182	231	163	17.14	-80.69	1.59	16190.74	775.58	2727.21	-161.99	-192.57	-217.12 9
84	286	510	237	182	231	163	18.09	-80.69	1.72	16186.00	810.80	2714.85	-157.14	-200.54	-213.81 9
83	286	509	237	182	230	163	18.99	-80.71	1.82	16188.90	838.46	2693.91	-140.38	-210.26	-204.62 9
83	286	509	237	182	229	163	19.72	-80.80	1.89	16193.65	858.94	2673.42	-119.81	-220.25	-188.14 9
84	286	509	237	181	231	164	19.86	-80.83	1.92	16195.57	867.19	2665.34	-115.22	-225.44	-163.58 9
84	286	509	237	181	231	163	19.36	-80.95	1.85	16199.39	847.03	2652.48	-102.86	-234.37	-148.15 9
83	286	509	237	181	231	163	19.38	-81.00	1.85	16208.02	848.88	2652.25	-78.47	-243.15	-141.84 9
84	286	509	236	182	230	163	19.76	-81.09	1.90	16215.02	861.04	2641.44	-69.00	-258.34	-136.00 9
84	286	509	236	182	230	163	19.78	-81.23	1.89	16215.67	859.39	2626.37	-56.50	-270.62	-129.70 9
84	286	509	237	181	231	162	19.87	-81.35	1.87	16223.49	852.42	2615.25	-30.17	-287.24	-129.97 9
84	286	509	237	182	231	163	19.61	-81.48	1.83	16230.51	843.20	2601.49	-24.21	-304.33	-132.62 9
84	286	509	237	181	231	162	19.44	-81.62	1.80	16237.39	833.84	2591.01	-18.15	-328.16	-145.29 9
84	286	508	237	181	230	162	20.15	-81.82	1.83	16242.52	841.34	2554.66	-9.04	-356.10	-164.77 9
83	287	509	236	181	230	161	21.60	-81.93	1.96	16245.39	879.08	2507.33	-7.29	-374.70	-170.59 9
84	286	509	237	181	231	162	23.29	-82.12	2.07	16238.92	908.72	2460.36	0.37	-391.91	-168.96 9
84	286	509	237	182	231	162	24.77	-82.26	2.15	16241.78	932.49	2410.14	19.70	-397.87	-165.71 9
84	287	509	236	182	231	162	26.26	-82.34	2.23	16250.69	954.86	2358.84	40.82	-381.93	-155.22 9
84	286	509	237	181	231	162	26.50	-82.33	2.27	16246.55	963.52	2335.70	59.63	-365.28	-144.56 9
83	287	509	236	181	230	162	26.63	-82.34	2.28	16249.42	966.14	2324.91	77.55	-358.02	-136.93 9
84	286	509	237	182	231	162	26.62	-82.29	2.29	16254.15	970.44	2319.66	98.07	-342.81	-132.59 9
84	286	509	237	182	231	162	27.24	-82.24	2.37	16261.04	993.71	2304.68	112.97	-331.47	-123.41 9
83	287	509	237	180	231	163	28.07	-82.03	2.55	16254.59	1044.63	2310.25	96.37	-320.40	-95.09 9
84	286	509	236	181	230	162	28.97	-81.89	2.79	16241.06	1109.20	2316.34	0.40	-332.38	-42.13 9
83	287	509	236	180	230	163	28.51	-81.96	2.84	16238.01	1123.54	2316.12	-155.17	-364.86	37.67 9
83	287	509	236	181	230	163	26.61	-82.22	2.69	16227.31	1081.56	2303.71	-265.91	-402.62	103.84 9
83	287	509	236	182	231	164	23.58	-82.51	2.41	16240.74	1004.88	2262.93	-248.12	-419.39	130.05 9
83	288	508	236	180	231	163	23.30	-82.68	2.29	16264.11	971.44	2220.18	-152.66	-399.67	124.60 9
84	287	509	236	182	231	164	24.59	-82.71	2.34	16272.10	985.07	2191.17	-86.03	-376.98	128.82 9
83	287	508	236	181	230	163	25.92	-82.83	2.38	16284.70	997.01	2136.61	-67.28	-375.19	152.83 9
84	287	509	237	181	230	163	25.14	-83.02	2.26	16293.46	964.96	2100.78	-37.36	-380.83	179.08 9
83	287	509	236	181	231	164	25.34	-83.21	2.19	16307.99	945.91	2064.34	39.56	-385.18	188.63 9
83	287	508	236	181	230	164	27.15	-83.36	2.24	16316.59	958.62	2015.53	108.43	-387.13	203.00 9
84	287	508	236	180	231	164	28.32	-83.59	2.22	16326.16	954.29	1963.15	142.06	-389.17	228.45 9
84	288	508	236	181	230	164	28.49	-83.83	2.15	16335.05	934.17	1914.99	174.50	-391.01	247.38 9
84	287	508	236	181	232	164	28.62	-84.04	2.06	16340.90	909.46	1860.24	207.98	-374.16	257.86 9
83	288	508	236	180	231	164	29.50	-84.16	2.01	16341.45	896.19	1816.43	248.23	-345.45	260.51 9
84	288	508	237	180	231	165	31.09	-84.10	2.07	16343.98	913.78	1773.21	285.62	-305.68	272.84 9
84	288	508	236	181	231	165	31.90	-84.08	2.09	16343.18	919.29	1747.55	301.29	-271.50	296.90 9
84	288	508	236	181	230	165	31.25	-84.07	2.02	16338.62	899.93	1724.77	308.47	-240.77	325.30 9
83	288	508	236	181	230	164	29.09	-84.05	1.88	16342.09	860.33	1718.33	327.10	-209.18	356.84 9
84	288	508	236	181	231	166	26.55	-83.96	1.69	16342.98	807.72	1722.62	335.34	-182.67	371.84 9
84	288	508	236	181	232	166	24.60	-83.96	1.52	16357.24	760.13	1721.08	357.58	-167.14	376.20 9
84	288	508	236	181	230	165	23.94	-83.97	1.46	16364.77	743.72	1717.23	374.20	-158.43	370.54 9
84	288	508	236	178	230	166	24.27	-84.01	1.47	16365.73	746.94	1697.77	386.44	-153.01	371.82 9
84	288	508	236	181	231	166	24.22	-84.03	1.45	16376.45	739.39	1688.28	393.52	-143.11	379.02 9
83	289	508	236	180	231	166	22.99	-84.05	1.34	16373.42	708.02	1689.07	408.94	-138.80	383.17 9
85	288	508	236	181	231	166	21.79	-84.09	1.23	16385.95	678.42	1688.21	428.89	-141.16	378.81 9
84	289	508	236	180	231	166	21.20	-84.17	1.17	16394.46	661.30	1686.80	445.60	-153.86	374.42 9
84	289	508	236	181	231	167	21.05	-84.31	1.12	16403.93	648.83	1664.26	436.92	-162.26	376.55 9
84	290	508	236	181	231	166	20.15	-84.46	1.03	16400.74	624.19	1645.85	442.52	-173.85	373.78 9
84	289	508	237	181	230	167	18.93	-84.56	0.93	16411.30	594.78	1622.76	465.55	-163.51	364.99 9
84	289	508	236	180	232	166	17.89	-84.61	0.85	16407.73	571.24	1613.22	470.37	-150.13	353.69 9
84	289	508	236	181	231	166	16.90	-84.66	0.75	16405.75	543.28	1600.36	456.55	-157.98	335.30 9
84	289	508	236	180	231	166	15.80	-84.83	0.65	16429.06	517.12	1580.14	438.12	-170.18	309.59 9
85	289	508	236	180	232	166	16.22	-84.92	0.64	16444.60	513.06	1566.93	432.57	-173.22	278.71 9
84	289	508	236	180	232	167	17.18	-85.02	0.66	16453.17	520.01	1548.39	420.99	-179.91	255.12 9
84	290	508	236	181	230	167	17.92	-85.05	0.68	16455.32	526.21	1544.17	414.09	-193.61	227.92 9
84	289	508	236	181	230	166	19.56	-85.08	0.77	16447.35	551.70	1535.96	416.38	-213.73	211.77 9
84	289	508	236	181	230	166	21.64	-85.21	0.86	16452.18	576.11	1506.76	396.52	-229.44	213.73 9
84	289	507	237	181	230	166	23.60	-85.28	0.95	16435.97	600.71	1473.82	376.94	-233.02	227.30 9
85	290	508	236	180	231	166	25.55	-85.40	0.95	16431.37	601.07	1424.53	360.59	-217.57	244.68 9
84	289	508	236	180	231	167	23.66	-85.39	0.83	16431.00	568.62	1407.10	367.21	-184.99	260.15 9
84	290	508	236	180	230	167	22.15	-85.34	0.74	16430.45	541.19	1399.75	372.10	-156.54	266.34 9
84	290	508	236	181	231	167	20.71	-85.29	0.65	16431.33	516.13	1392.16	348.40	-126.97	271.22 9
85	290	508	236	181	231	167	18.28	-85.21	0.49	16430.96	471.92	1390.55	347.13	-104.07	271.06 9
84	289	508	236	181	230	167	17.05	-85.07	0.38	16444.82	442.33	1405.43	361.77	-78.26	262.21 9
85	289	508	236	181	231	167	16.82	-85.06	0.37	16441.17	438.61	1412.96	351.78	-74.40	252.85 9
84	290	508	236	180	231	167	17.51	-85.13	0.40	16451.32	447.88	1402.31	318.49	-84.23	253.91 9
84	289	508	236	181	231	167	18.70	-85.22	0.43	16453.75	454.88	1376.39	298.82	-81.17	262.81 9
84	290	508	236	180	231	167	18.64	-85.26	0.41	16465.06	448.94	1359.97	285.88	-64.56	272.57 9
84	290	508	236	180	230	166	17.74	-85.28	0.35	16458.01	431.09	1344.97	288.43	-48.03	277.04 9
84	290	508	236	181	231	168	16.95	-85.22	0.29	16473.91	416.34	1343.32	292.76	-23.38	284.59 9
85	290	508	236	181	230	168	15.11	-85.12	0.17	16473.41	381.92	1347.36	294.37	-0.31	282.81 9
85	291	508	236	181	232	167	14.15	-85.05	0.10	16475.14	363.43	1359.39	297.71	9.30	273.97 9
85	290	508	236	180	230	167	13.48	-85.04	0.06	16490.99	350.85	1362.82	286.42	11.44	262.87 9
85	290	508	237	181	231	167	13.13	-85.07	0.02	16496.24	339.51	1353.08	274.65	16.32	254.58 9
84	290	508	236	180	232	167	12.28	-85.09	-0.02	16498.02	328.74	1346.63	277.17	27.80	240.00 9
85	290	508	236	181	230	168	12.83	-85.06	-0.00	16494.12	333.90	1346.29	284.86	35.66	219.10 9
84	290	508	236	181	231	167	13.62	-85.02	0.05	16492.82	347.00	1346.58	279.87	47.63	208.39 9
84	290	508	236	181	230	167	13.43	-85.01	0.04	16492.17	344.85	1351.85	273.12	51.65	197.32 9
84	290	508	236	180	231	167	12.96	-85.02	-0.00	16482.16	333.61	1348.86	286.82	56.31	189.16 9
85	291	508	237	181	230	168	13.15	-84.98	-0.01	16480.46	331.33	1350.02	300.63	62.95	185.10 9
85	291	507	237	181	230	167	13.55	-84.95	0.02	16468.43	339.36	1346.91	306.44	63.20	183.29 9
85	291	507	236	181	231	167	13.21	-84.95	-0.02	16464.41	327.40	1344.57	312.62	66.94	192.33 9
85	291	508	236	180	231	168	12.57	-84.95	-0.06	16453.19	316.03	1338.74	330.89	69.79	195.06 9
84	291	507	236	180	231	169	13.48	-84.95	-0.02	16446.93	327.82	1334.40	352.30	72.15	204.76 9
85	291	508	236	180	231	168	13.32	-84.98	-0.02	16445.78	329.63	1327.88	352.88	81.60	225.07 9
84	291	508	236	180	230	168	11.44	-84.95	-0.12	16439.90	300.75	1317.89	344.19	99.87	240.77 9
85	291	508	236	181	231	168	9.53	-84.76	-0.27	16438.50	258.31	1336.99	369.43	126.77	241.93 9
85	291	507	236	181	230	168	9.17	-84.61	-0.31	16437.58	247.40	1358.14	402.96	141.38	228.08 9
84	291	508	237	181	231	168	10.15	-84.56	-0.24	16440.90	265.43	1368.64	398.06	138.77	227.98 9
85	292	507	237	180	231	168	9.95	-84.66	-0.25	16453.05	263.76	1362.01	374.36	126.68	238.38 9
85	291	507	236	181	231	168	8.82	-84.74	-0.32	16461.60	243.17	1354.51	370.74	120.49	244.66 9
85	292	507	236	180	231	168	8.60	-84.75	-0.34	16463.52	237.81	1353.18	374.15	115.87	244.68 9
85	292	508	237	180	231	168	8.48	-84.84	-0.37	16458.34	228.12	1353.52	356.79	99.52	243.04 9
85	291	507	236	181	231	168	8.58	-84.98	-0.38	16462.02	227.51	1338.85	323.60	80.90	238.59 9
86	292	507	236	181	231	169	8.15	-85.13	-0.42	16460.32	214.94	1318.10	306.02	74.65	237.76 9
85	291	507	236	181	231	168	8.05	-85.17	-0.44	16453.51	208.39	1307.20	304.07	76.02	233.92 9
85	292	507	236	181	231	168	7.91	-85.17	-0.46	16447.03	204.57	1306.64	292.62	76.72	229.38 9
84	291	508	236	180	230	168	7.27	-85.08	-0.51	16450.08	189.54	1323.31	285.44	85.03	228.91 9
85	292	507	236	180	231	168	6.72	-85.03	-0.55	16445.58	178.87	1333.94	278.52	86.38	236.01 9
85	292	508	236	181	231	169	5.59	-85.03	-0.62	16443.90	159.72	1342.44	270.64	80.16	243.31 9
86	292	508	236	181	231	168	5.59	-85.09	-0.65	16441.10	151.94	1341.12	266.61	69.46	240.35 9
85	291	508	237	181	231	169	6.06	-85.19	-0.63	16446.04	156.14	1326.47	245.38	60.93	245.43 9
85	291	507	237	181	231	168	7.02	-85.27	-0.61	16444.54	163.93	1302.14	211.96	60.74	256.16 9
85	292	508	236	180	232	169	6.63	-85.29	-0.63	16445.91	157.34	1290.84	197.21	73.55	272.20 9
85	292	507	236	180	231	168	6.06	-85.22	-0.65	16437.82	150.07	1290.89	204.20	89.62	287.79 9
85	292	507	236	181	231	168	5.53	-85.23	-0.66	16441.33	147.37	1286.15	187.34	92.04	302.95 9
85	292	508	237	180	231	169	3.82	-85.18	-0.75	16450.66	123.00	1286.44	152.82	97.34	326.15 9
85	292	507	236	181	230	169	2.06	-85.16	-0.86	16453.13	90.05	1287.12	125.88	101.77	346.75 9
85	292	507	236	180	231	169	-0.21	-85.12	-1.01	16457.07	50.55	1284.56	103.04	105.08	360.56 9
85	292	507	236	181	230	169	-1.20	-85.16	-1.07	16451.22	32.42	1273.74	82.39	111.53	364.53 9
85	292	507	236	181	231	170	-2.27	-85.10	-1.14	16461.06	12.40	1275.05	63.62	127.30	370.60 9
85	292	507	236	181	232	168	-3.06	-85.01	-1.21	16458.00	-7.42	1285.10	62.84	146.69	371.97 9
86	292	507	236	181	230	169	-3.33	-84.91	-1.24	16454.50	-17.45	1301.84	66.39	155.05	370.53 9
85	292	507	236	181	231	169	-3.76	-84.85	-1.29	16457.78	-29.58	1310.15	56.92	164.85	369.50 9
86	293	507	236	181	229	168	-5.09	-84.75	-1.38	16460.69	-56.70	1320.64	58.93	178.61	369.67 9
85	292	507	236	180	230	169	-5.67	-84.65	-1.44	16457.46	-73.06	1332.01	67.18	192.98	367.49 9
85	293	506	236	180	231	169	-6.16	-84.62	-1.48	16455.38	-83.61	1347.01	75.92	191.58	367.17 9
86	292	506	236	181	230	169	-6.38	-84.58	-1.53	16450.61	-96.03	1353.06	74.78	187.70	369.96 9
85	293	506	236	180	231	169	-6.20	-84.61	-1.52	16448.88	-95.23	1349.61	66.64	188.81	375.26 9
86	292	506	236	180	230	169	-6.50	-84.61	-1.54	16447.64	-99.67	1351.73	66.46	198.47	389.85 9
85	292	506	236	180	231	170	-7.75	-84.55	-1.65	16440.66	-130.28	1356.74	74.38	200.60	399.10 9
85	293	506	236	181	231	169	-9.24	-84.41	-1.78	16445.22	-168.17	1369.50	79.61	211.92	402.95 9
86	292	506	236	181	230	169	-10.43	-84.30	-1.89	16440.96	-200.16	1382.43	79.93	220.52	403.25 9
86	293	506	236	180	230	169	-11.63	-84.17	-2.02	16444.91	-235.95	1393.91	74.34	222.15	399.69 9
85	293	506	236	180	230	169	-12.33	-84.11	-2.09	16446.27	-256.16	1406.21	74.27	219.64	393.30 9
86	293	506	236	180	231	170	-12.80	-84.10	-2.14	16452.95	-268.15	1410.90	69.41	216.71	390.74 9
86	293	506	236	180	231	170	-13.07	-84.10	-2.17	16452.91	-277.94	1419.15	58.94	208.82	386.95 9
86	294	506	236	181	232	170	-13.00	-84.19	-2.17	16454.46	-277.44	1411.60	54.64	200.88	387.05 9
85	293	506	236	181	230	169	-13.14	-84.24	-2.17	16454.34	-278.17	1402.22	41.16	197.49	398.70 9
85	293	506	236	180	231	170	-14.43	-84.12	-2.28	16451.22	-308.06	1406.51	34.85	205.16	410.17 9
85	293	506	236	180	230	170	-15.55	-84.03	-2.41	16452.06	-344.66	1417.18	44.41	211.06	410.66 9
86	294	505	236	180	232	170	-16.58	-83.90	-2.53	16463.06	-380.03	1434.52	63.09	218.25	407.28 9
86	293	505	236	180	232	169	-17.06	-83.88	-2.59	16454.50	-396.23	1442.40	68.73	212.69	401.71 9
86	294	505	236	180	231	170	-16.76	-83.93	-2.58	16448.18	-394.41	1435.08	65.95	218.56	402.98 9
86	293	505	236	180	230	169	-17.06	-83.95	-2.61	16440.77	-400.69	1441.12	61.40	216.38	408.08 9
86	293	504	236	180	231	171	-17.65	-83.92	-2.66	16440.33	-416.26	1446.87	65.13	215.91	417.92 9
86	294	505	236	180	231	170	-18.82	-83.79	-2.78	16441.71	-449.05	1447.92	78.47	233.56	431.53 9
86	293	504	236	180	231	170	-20.19	-83.46	-2.99	16446.83	-508.99	1476.33	92.95	263.39	444.40 9
86	294	505	236	180	230	171	-21.42	-83.12	-3.23	16443.88	-577.34	1518.51	124.00	278.77	438.13 9
86	294	505	236	180	231	171	-22.21	-83.10	-3.35	16443.89	-611.28	1539.78	131.00	255.43	412.02 9
86	294	504	236	180	231	170	-21.88	-83.26	-3.32	16453.30	-603.91	1537.20	120.20	226.11	386.72 9
86	294	505	236	180	230	170	-22.28	-83.38	-3.31	16463.43	-601.92	1517.14	114.54	220.05	376.34 9
86	294	505	236	181	230	169	-22.45	-83.41	-3.34	16456.86	-607.82	1515.88	129.16	216.15	363.97 9
86	294	505	236	181	231	171	-21.76	-83.47	-3.32	16454.22	-601.03	1517.09	141.36	212.84	351.27 9
86	294	504	236	180	231	171	-21.54	-83.49	-3.31	16449.31	-599.58	1523.83	143.54	203.30	346.36 9
86	294	504	236	180	231	171	-21.07	-83.63	-3.26	16441.84	-583.20	1515.84	133.76	187.03	350.64 9
87	294	505	236	181	232	171	-21.41	-83.67	-3.26	16445.35	-584.04	1508.45	117.22	184.63	363.61 9
87	294	504	236	180	231	171	-22.68	-83.52	-3.39	16431.48	-621.64	1520.82	124.66	188.35	378.68 9
86	294	504	236	180	231	171	-23.45	-83.42	-3.51	16436.11	-653.56	1529.98	137.08	188.18	388.89 9
87	294	504	236	180	230	171	-24.70	-83.23	-3.69	16423.90	-706.68	1549.48	141.27	185.22	395.30 9
86	294	505	236	180	231	171	-25.87	-83.12	-3.86	16425.31	-753.94	1566.81	129.31	167.61	386.38 9
86	294	505	236	180	231	171	-27.39	-82.98	-4.08	16432.44	-816.25	1581.67	111.60	149.88	372.71 9
86	294	504	236	180	231	171	-28.79	-82.84	-4.30	16434.02	-877.43	1584.79	98.07	136.59	344.38 9
87	294	504	236	180	231	171	-29.85	-82.77	-4.45	16439.52	-920.36	1595.55	103.01	122.66	302.06 9
87	294	505	236	180	231	170	-30.24	-82.78	-4.52	16444.74	-941.54	1608.37	108.31	102.18	255.86 9
86	294	504	236	180	231	172	-30.58	-82.86	-4.56	16445.50	-952.07	1611.95	92.65	70.47	213.61 9
86	294	504	236	181	230	171	-30.94	-82.93	-4.60	16441.63	-964.26	1615.75	78.11	42.19	172.33 9
87	294	505	236	180	230	170	-30.95	-83.05	-4.62	16437.95	-969.85	1629.77	74.76	3.78	129.72 9
86	294	504	236	180	231	170	-31.42	-83.21	-4.67	16451.05	-984.56	1631.88	57.72	-47.51	87.38 9
87	294	504	236	180	231	170	-32.68	-83.37	-4.76	16465.70	-1009.53	1614.28	49.93	-90.98	36.76 9
86	295	504	236	180	231	170	-34.25	-83.47	-4.89	16484.61	-1049.65	1595.17	64.39	-124.23	-35.58 9
86	294	504	236	180	232	168	-35.29	-83.66	-4.91	16496.78	-1057.37	1565.41	85.17	-148.62	-127.85 9
87	294	504	236	180	230	168	-35.17	-83.95	-4.84	16504.34	-1035.70	1534.74	74.86	-173.94	-223.10 9
86	295	504	236	180	230	168	-34.59	-84.14	-4.76	16511.13	-1014.72	1522.60	41.02	-195.29	-310.25 9
86	294	504	236	180	231	168	-33.81	-84.35	-4.68	16508.37	-990.78	1510.27	3.07	-221.03	-390.34 9
86	294	504	236	181	231	166	-32.55	-84.54	-4.56	16501.15	-956.24	1509.16	-28.39	-246.43	-470.27 9
86	295	504	236	180	230	166	-29.31	-84.82	-4.34	16499.89	-893.03	1488.90	-46.12	-277.10	-540.46 9
87	295	504	236	180	231	166	-24.70	-85.12	-4.06	16496.10	-815.58	1454.66	-98.21	-313.10	-592.33 9
86	294	504	236	180	231	166	-18.91	-85.44	-3.78	16489.69	-734.00	1399.52	-172.15	-352.39	-630.87 9
86	295	504	236	180	230	165	-12.00	-85.69	-3.55	16485.41	-669.50	1339.55	-219.94	-365.62	-651.82 9
87	295	504	236	180	230	165	-5.53	-85.82	-3.29	16470.54	-593.22	1282.77	-263.05	-356.94	-662.03 9
86	295	504	236	180	231	165	-2.68	-85.93	-3.10	16461.81	-540.76	1241.63	-293.94	-333.60	-667.03 9
86	295	504	236	180	231	165	-1.59	-85.90	-2.97	16451.92	-502.13	1217.95	-303.70	-291.92	-670.63 9
86	294	504	236	180	230	165	-0.21	-85.91	-2.85	16438.72	-469.82	1205.05	-309.31	-263.02	-672.80 9
86	295	504	236	180	230	165	1.19	-85.92	-2.72	16442.59	-432.33	1191.00	-340.45	-239.57	-663.41 9
86	295	504	236	180	230	165	0.56	-85.94	-2.66	16443.66	-415.71	1175.45	-381.27	-209.59	-649.99 9
86	295	504	236	180	231	165	0.07	-85.94	-2.60	16446.27	-398.73	1164.88	-400.51	-183.86	-651.44 9
87	295	504	236	180	231	165	1.54	-85.91	-2.46	16449.36	-360.99	1151.83	-421.29	-160.77	-654.17 9
87	294	504	236	179	230	165	3.47	-85.90	-2.32	16453.69	-321.54	1137.64	-445.17	-139.38	-655.81 9
86	295	504	236	180	231	165	5.07	-85.86	-2.17	16459.21	-279.46	1128.36	-469.36	-112.26	-651.37 9
86	295	504	236	180	230	164	5.89	-85.82	-2.06	16467.65	-247.29	1120.94	-483.89	-86.05	-644.65 9
87	295	504	236	180	230	165	5.73	-85.66	-1.98	16463.66	-225.93	1144.09	-473.75	-56.65	-641.22 9
85	295	504	236	180	231	165	6.62	-85.55	-1.87	16469.48	-193.03	1162.29	-460.11	-41.36	-632.76 9
86	295	504	236	180	230	164	7.40	-85.52	-1.77	16462.81	-165.18	1182.57	-464.01	-45.90	-619.77 9
87	295	504	235	180	231	165	8.82	-85.60	-1.63	16468.87	-126.92	1179.05	-474.61	-55.50	-609.38 9
87	295	504	236	180	231	164	9.85	-85.67	-1.52	16478.02	-96.37	1172.09	-481.08	-62.58	-602.86 9
86	295	504	236	180	231	164	11.45	-85.70	-1.39	16480.72	-59.35	1158.49	-488.77	-63.05	-597.82 9
87	295	504	236	180	231	164	13.39	-85.79	-1.27	16483.49	-25.79	1136.36	-501.88	-63.79	-595.68 9
86	295	504	236	180	231	163	15.31	-85.92	-1.20	16490.51	-5.50	1109.75	-531.54	-63.55	-591.64 9
86	295	504	236	180	230	164	16.69	-86.00	-1.12	16485.18	17.38	1079.46	-554.86	-49.98	-593.31 9
86	295	504	236	180	230	164	18.50	-85.97	-1.00	16484.52	51.91	1063.09	-565.22	-31.78	-595.00 9
86	295	504	236	180	231	164	19.48	-85.86	-0.87	16482.50	87.31	1058.73	-574.21	-7.64	-593.55 9
87	295	504	236	180	230	164	20.58	-85.73	-0.74	16468.97	125.55	1061.60	-577.95	10.19	-583.77 9
87	295	504	236	180	228	164	20.92	-85.67	-0.64	16471.32	152.07	1071.72	-590.65	12.93	-573.33 9
87	295	504	236	180	231	164	21.58	-85.63	-0.54	16476.16	180.67	1075.13	-602.17	18.19	-565.16 9
87	295	504	236	180	232	164	22.24	-85.56	-0.45	16471.55	205.63	1086.17	-606.26	20.28	-560.06 9
86	295	504	236	179	230	164	23.43	-85.50	-0.31	16477.17	246.55	1087.26	-605.45	18.26	-552.00 9
87	295	504	236	180	230	164	24.72	-85.43	-0.19	16481.71	281.42	1083.10	-605.57	26.85	-539.10 9
87	295	504	236	181	230	164	24.70	-85.41	-0.13	16482.83	298.15	1079.35	-611.05	34.46	-527.50 9
88	295	504	236	180	231	163	24.50	-85.39	-0.09	16482.48	309.45	1086.58	-608.69	36.98	-525.37 9
87	296	504	235	180	231	164	24.65	-85.37	-0.02	16484.16	327.37	1089.85	-602.76	45.99	-527.85 9
87	296	504	236	180	230	163	25.63	-85.29	0.11	16481.75	365.60	1089.76	-595.07	51.09	-529.01 9
87	296	504	236	180	230	163	26.89	-85.23	0.23	16474.46	398.52	1099.27	-591.12	55.98	-522.46 9
87	295	504	236	180	230	163	27.70	-85.19	0.32	16463.14	425.80	1102.71	-582.21	57.68	-514.14 9
87	296	504	236	180	231	163	29.08	-85.14	0.44	16458.18	457.71	1094.77	-575.50	60.60	-503.53 9
87	295	504	236	179	230	163	29.76	-85.09	0.52	16447.87	479.82	1094.63	-561.63	67.52	-486.60 9
87	296	504	236	180	230	163	30.43	-85.02	0.61	16445.28	505.03	1097.90	-551.44	77.39	-469.87 9
87	296	504	236	180	230	164	31.09	-84.96	0.69	16434.22	528.38	1100.61	-529.67	83.77	-455.83 9
87	296	504	236	180	229	163	31.98	-84.83	0.82	16439.10	565.56	1112.38	-500.39	91.88	-436.09 9
87	295	504	236	179	230	163	32.85	-84.72	0.94	16432.75	598.48	1130.76	-473.97	96.39	-407.93 9
87	296	504	236	180	231	163	33.34	-84.69	1.03	16426.71	624.56	1144.62	-442.37	83.37	-377.14 9
88	295	504	236	180	230	163	33.64	-84.77	1.09	16435.58	640.33	1139.39	-434.05	60.75	-351.43 9
87	295	504	236	180	230	163	34.25	-84.92	1.10	16441.60	643.51	1121.82	-426.35	39.16	-328.66 9
87	296	504	236	179	229	163	35.17	-85.11	1.09	16445.72	641.74	1102.53	-432.48	29.66	-311.08 9
87	296	504	236	180	231	163	35.04	-85.27	1.09	16447.83	640.05	1078.40	-441.86	18.92	-306.57 9
86	296	504	236	180	231	164	35.92	-85.34	1.11	16451.04	645.05	1052.28	-465.52	25.53	-307.29 9
87	296	504	236	180	230	163	35.96	-85.33	1.08	16451.69	639.80	1040.07	-487.44	46.15	-315.78 9
86	296	504	236	179	230	163	36.26	-85.21	1.13	16440.70	652.21	1039.66	-495.42	71.29	-330.54 9
87	296	504	236	180	230	163	36.87	-84.99	1.26	16436.67	688.20	1052.48	-488.75	95.43	-343.36 9
87	296	504	236	179	229	163	37.63	-84.82	1.41	16428.03	731.19	1073.26	-485.61	104.31	-337.09 9
87	296	504	236	179	231	163	37.92	-84.76	1.50	16439.03	756.63	1081.39	-512.23	100.39	-316.29 9
87	295	504	236	180	230	164	37.31	-84.75	1.48	16443.48	749.60	1086.92	-512.62	106.27	-298.28 9
87	296	504	236	180	230	164	36.66	-84.72	1.48	16443.90	750.52	1093.18	-493.29	111.11	-290.41 9
87	296	504	236	180	229	163	36.92	-84.67	1.54	16439.11	766.19	1099.92	-480.27	111.35	-287.04 9
87	296	504	236	180	230	164	37.81	-84.66	1.62	16441.75	788.88	1094.72	-479.96	106.99	-281.24 9
87	296	504	236	180	230	163	38.16	-84.67	1.65	16450.26	798.04	1083.19	-488.31	116.79	-276.98 9
87	296	504	236	179	230	164	38.17	-84.67	1.66	16451.15	800.53	1076.23	-464.44	122.70	-281.13 9
86	296	504	234	180	229	163	38.48	-84.58	1.69	16461.39	811.31	1082.82	-432.57	136.56	-287.27 9
87	296	504	235	179	230	163	38.62	-84.39	1.78	16457.52	835.94	1105.28	-408.54	153.68	-290.71 9
86	296	504	235	179	229	163	38.71	-84.33	1.82	16459.45	847.95	1116.21	-372.62	157.80	-293.67 9
87	296	504	235	179	229	163	39.28	-84.19	1.94	16468.07	880.55	1135.00	-335.39	157.56	-288.89 9
88	296	503	235	179	231	162	39.44	-84.18	1.99	16472.87	894.32	1139.85	-320.52	156.43	-280.59 9
87	296	504	235	179	229	163	39.37	-84.13	2.03	16470.22	906.20	1149.46	-301.59	156.51	-275.06 9
86	296	504	235	179	229	162	39.92	-84.13	2.10	16463.91	926.09	1150.79	-279.51	143.23	-272.66 9
87	296	504	234	179	230	163	41.54	-84.19	2.20	16468.72	954.59	1130.05	-282.94	121.77	-263.78 9
87	296	504	234	177	229	163	41.54	-84.27	2.18	16476.88	949.06	1118.54	-287.54	113.73	-249.84 9
87	295	503	234	177	230	164	41.84	-84.39	2.15	16467.24	940.21	1102.42	-297.86	108.75	-248.80 9
87	296	503	234	177	229	163	42.95	-84.44	2.18	16466.67	949.80	1077.10	-312.37	107.91	-258.36 9
87	296	503	233	176	229	163	43.24	-84.45	2.18	16460.54	949.51	1064.24	-344.75	118.81	-269.79 9
87	296	503	233	176	230	163	43.16	-84.38	2.19	16457.91	951.83	1062.43	-367.01	145.77	-287.25 9
87	296	503	233	176	229	163	43.38	-84.13	2.25	16450.02	967.24	1076.71	-367.01	185.69	-304.59 9
87	295	502	233	176	229	163	43.43	-83.83	2.38	16442.32	1003.08	1103.87	-371.16	217.00	-315.01 9
87	296	503	233	176	230	164	43.53	-83.60	2.52	16445.20	1042.52	1131.28	-366.95	228.90	-311.06 9
87	296	503	234	175	230	163	43.18	-83.41	2.62	16443.34	1071.60	1160.91	-382.11	233.06	-295.41 9
87	296	503	233	176	229	163	42.85	-83.40	2.67	16436.17	1084.02	1187.87	-374.40	215.85	-276.63 9
87	296	503	233	176	231	164	42.82	-83.36	2.73	16436.76	1102.42	1206.88	-369.63	200.86	-262.25 9
87	296	502	233	176	229	163	43.14	-83.38	2.81	16435.73	1125.10	1209.73	-363.20	178.92	-244.29 9
87	296	503	233	176	229	163	43.17	-83.52	2.79	16433.74	1118.84	1199.04	-375.54	165.12	-224.63 9
87	297	502	233	176	229	162	43.42	-83.61	2.78	16433.65	1115.30	1187.89	-371.11	162.42	-221.24 9
87	296	502	233	176	229	163	44.11	-83.65	2.81	16436.77	1124.33	1175.10	-372.41	159.49	-220.48 9
87	296	502	233	176	228	163	44.33	-83.70	2.81	16430.93	1125.72	1158.94	-414.64	156.87	-206.56 9
87	296	502	233	176	229	163	43.39	-83.89	2.71	16438.38	1095.43	1139.00	-463.60	156.38	-193.48 9
87	296	502	233	174	230	163	42.40	-83.96	2.62	16439.07	1070.46	1129.65	-488.02	172.61	-194.56 9
87	296	502	233	176	229	163	42.55	-83.87	2.66	16433.71	1081.34	1139.16	-513.37	186.88	-202.53 9
87	296	502	233	176	230	163	42.72	-83.72	2.73	16431.63	1102.07	1151.21	-554.95	199.13	-209.40 9
87	297	502	233	176	230	163	42.41	-83.55	2.78	16428.84	1115.37	1168.84	-586.36	217.93	-217.38 9
87	297	502	233	175	227	162	42.23	-83.37	2.83	16423.80	1131.00	1192.40	-580.14	237.18	-227.06 9
88	296	502	233	176	230	163	42.61	-83.07	2.96	16420.41	1166.85	1224.38	-569.93	256.47	-233.41 9
87	296	502	233	176	231	162	42.69	-82.81	3.08	16420.39	1199.91	1257.56	-548.19	277.10	-228.29 9
87	296	502	234	176	229	162	42.55	-82.55	3.19	16410.37	1229.71	1307.09	-528.38	289.14	-217.87 9
87	296	502	233	176	229	162	41.94	-82.44	3.21	16402.85	1236.63	1344.93	-496.31	281.39	-205.63 9
88	296	502	233	176	229	163	41.14	-82.45	3.19	16408.51	1230.39	1367.48	-461.04	272.92	-198.70 9
88	296	502	233	176	230	163	40.89	-82.45	3.17	16422.89	1225.87	1376.91	-416.89	268.67	-201.51 9
87	297	502	233	176	230	163	40.79	-82.43	3.20	16417.14	1233.98	1395.06	-378.75	260.44	-213.39 9
87	297	502	233	176	229	162	41.60	-82.42	3.30	16419.08	1260.28	1396.91	-354.86	251.42	-223.37 9
87	297	502	233	176	229	162	41.96	-82.40	3.33	16409.53	1269.27	1398.07	-351.22	250.99	-225.00 9
87	297	502	233	176	230	163	42.01	-82.44	3.34	16399.85	1270.20	1399.76	-307.60	245.99	-237.70 9
87	297	502	233	176	231	162	42.80	-82.36	3.41	16394.86	1292.09	1398.17	-251.32	253.90	-244.72 9
88	296	502	234	176	230	162	43.48	-82.26	3.50	16390.72	1316.29	1387.27	-216.41	267.40	-243.78 9
87	296	502	233	176	230	162	43.55	-82.12	3.56	16376.18	1333.07	1403.70	-195.79	280.98	-237.04 9
87	296	502	233	176	230	162	43.62	-82.11	3.62	16362.17	1349.42	1415.92	-202.75	270.48	-220.94 9
86	297	502	233	175	230	163	43.53	-82.17	3.62	16357.26	1348.75	1412.32	-245.06	265.81	-192.84 9
87	296	502	233	176	229	163	42.72	-82.37	3.52	16347.60	1319.31	1394.31	-291.81	267.22	-168.05 9
88	296	502	233	176	229	163	42.27	-82.50	3.41	16348.82	1288.95	1366.59	-327.62	289.11	-152.45 9
87	296	502	233	176	229	161	41.23	-82.47	3.31	16346.78	1260.90	1361.26	-360.44	327.50	-159.98 9
87	297	502	233	176	230	162	40.42	-82.29	3.28	16347.24	1250.85	1377.40	-380.61	375.93	-183.98 9
87	297	502	233	175	230	162	40.46	-81.95	3.39	16340.68	1282.71	1411.33	-379.18	415.98	-220.53 9
88	296	502	233	176	229	162	41.02	-81.53	3.62	16336.84	1347.38	1443.16	-399.87	448.98	-236.95 9
88	297	502	233	176	229	162	40.89	-81.24	3.76	16328.20	1384.01	1485.40	-444.33	463.03	-230.95 9
87	296	502	234	176	227	162	39.87	-81.06	3.73	16343.39	1377.21	1543.93	-441.46	467.63	-234.46 9
87	297	502	233	176	230	162	39.49	-80.81	3.77	16346.62	1389.75	1596.54	-370.19	481.75	-244.38 9
87	297	502	233	176	230	161	39.58	-80.58	3.90	16350.29	1427.66	1653.31	-315.98	475.41	-250.81 9
87	297	502	233	176	229	161	39.55	-80.45	4.03	16346.17	1461.88	1700.44	-312.68	454.44	-242.12 9
88	296	502	233	176	229	162	39.17	-80.53	4.03	16346.87	1462.58	1731.22	-300.55	408.32	-231.42 9
87	297	502	233	176	229	161	39.33	-80.64	4.04	16355.32	1465.45	1743.86	-251.82	379.70	-225.80 9
87	297	502	233	176	229	162	39.81	-80.68	4.10	16349.56	1482.38	1746.07	-211.78	360.12	-225.86 9
88	296	502	233	176	229	161	40.27	-80.77	4.15	16355.08	1496.66	1744.76	-183.99	329.96	-222.71 9
87	297	502	233	176	229	162	40.24	-80.80	4.16	16360.12	1498.83	1751.13	-167.59	321.21	-215.88 9
88	296	502	233	176	229	162	39.84	-80.87	4.14	16347.52	1492.09	1763.17	-151.01	298.25	-219.58 9
87	296	502	233	176	229	162	40.00	-80.95	4.15	16350.74	1496.28	1762.41	-141.31	280.64	-228.60 9
87	297	502	233	176	230	162	40.16	-80.99	4.15	16346.20	1496.87	1766.09	-122.30	273.91	-232.02 9
87	297	502	233	175	229	162	40.47	-81.00	4.20	16332.89	1510.43	1766.59	-120.33	262.86	-236.32 9
87	297	502	233	176	229	162	40.79	-81.07	4.19	16334.85	1507.90	1755.46	-126.96	259.82	-240.91 9
87	297	502	233	175	229	162	40.73	-81.03	4.20	16342.31	1509.51	1748.88	-112.72	279.03	-253.36 9
87	297	502	233	176	230	161	40.86	-80.80	4.27	16343.39	1528.23	1760.44	-80.88	312.88	-266.99 9
88	296	502	233	176	230	162	41.06	-80.53	4.38	16339.02	1560.02	1789.82	-71.24	333.68	-278.74 9
87	297	502	234	176	229	161	41.09	-80.38	4.46	16323.67	1580.02	1813.73	-90.12	335.70	-288.36 9
88	297	502	234	176	228	161	40.94	-80.33	4.50	16319.29	1591.42	1831.64	-90.32	333.71	-304.69 9
88	297	502	233	175	229	161	40.89	-80.27	4.51	16315.32	1596.45	1842.26	-72.20	342.93	-322.75 9
87	297	502	233	176	229	161	41.34	-80.18	4.61	16295.75	1622.83	1845.95	-61.69	343.23	-346.17 9
87	297	502	233	176	229	161	41.87	-80.15	4.72	16286.77	1651.68	1851.85	-68.01	331.07	-357.56 9
88	297	502	234	176	228	161	42.20	-80.13	4.82	16275.23	1678.90	1850.26	-86.41	318.97	-356.38 9
88	297	502	233	176	228	161	42.56	-80.06	4.90	16259.87	1700.56	1862.94	-96.89	311.07	-348.16 9
87	297	502	233	176	229	161	42.83	-79.95	5.02	16250.07	1731.53	1879.40	-96.84	301.62	-340.35 9
88	297	502	233	176	229	161	42.87	-79.90	5.08	16252.77	1748.75	1895.43	-102.00	291.43	-334.09 9
87	298	502	233	176	229	161	42.97	-79.87	5.15	16241.13	1767.91	1912.85	-111.70	275.31	-326.28 9
87	297	502	233	176	228	160	43.05	-79.89	5.19	16241.87	1779.92	1917.21	-124.67	260.25	-315.12 9
87	297	502	234	175	228	161	43.08	-79.88	5.21	16236.58	1784.12	1919.55	-132.38	257.43	-307.11 9
88	297	502	233	176	229	161	43.15	-79.81	5.27	16232.95	1799.12	1928.77	-137.46	258.86	-305.46 9
87	297	502	234	176	229	161	43.16	-79.71	5.34	16222.90	1820.96	1948.73	-147.44	254.57	-302.23 9
87	297	502	233	176	228	161	42.99	-79.72	5.37	16216.16	1826.91	1956.10	-180.02	243.39	-294.07 9
87	297	502	233	176	229	160	42.82	-79.74	5.37	16217.55	1827.77	1964.09	-192.77	242.67	-288.57 9
88	297	502	234	176	228	160	42.58	-79.58	5.41	16216.07	1839.58	1978.29	-206.03	264.49	-289.94 9
87	298	501	233	175	227	161	42.48	-79.42	5.45	16212.87	1849.20	1995.37	-219.93	290.86	-303.04 9
87	297	502	234	176	227	160	42.43	-79.25	5.52	16200.03	1868.14	2018.01	-234.63	296.47	-312.59 9
87	298	502	234	175	228	160	42.39	-79.20	5.57	16204.82	1881.53	2030.31	-251.45	293.70	-307.56 9
88	298	502	233	175	228	159	42.21	-79.20	5.57	16201.58	1881.06	2043.19	-255.23	284.41	-307.43 9
88	298	502	234	176	226	160	42.46	-79.18	5.63	16202.90	1899.40	2048.83	-251.82	272.59	-308.86 9
87	298	502	234	175	227	160	42.45	-79.19	5.67	16207.76	1910.43	2053.79	-247.72	264.96	-306.72 9
88	298	502	233	176	227	159	42.81	-79.12	5.76	16206.97	1935.91	2057.10	-258.89	264.11	-305.38 9
88	298	502	233	176	227	159	43.11	-79.06	5.88	16191.22	1966.12	2053.84	-318.14	258.11	-289.41 9
88	298	502	234	175	228	161	42.83	-79.04	5.93	16182.66	1980.21	2058.75	-407.69	243.85	-271.59 9
87	298	502	233	175	228	160	42.11	-79.04	5.91	16179.13	1973.60	2076.21	-484.95	238.56	-254.51 9
88	298	502	233	176	227	160	41.50	-79.02	5.91	16169.37	1973.12	2105.20	-541.00	217.98	-235.09 9
87	298	502	233	176	227	160	41.22	-79.10	5.92	16164.30	1974.46	2118.54	-574.20	190.33	-224.83 9
88	298	501	233	175	228	160	41.27	-79.12	5.96	16173.89	1988.54	2126.62	-596.49	172.42	-215.79 9
87	298	502	233	176	228	161	41.45	-79.16	6.00	16177.79	2000.91	2121.89	-644.92	158.70	-201.40 9
88	298	502	233	175	228	159	41.22	-79.21	5.97	16183.70	1992.67	2116.39	-677.97	151.66	-195.23 9
87	298	502	233	175	228	160	41.16	-79.21	5.97	16187.92	1993.03	2119.77	-688.08	155.48	-192.92 9
88	298	502	233	176	228	160	40.65	-79.20	5.94	16186.92	1983.78	2133.98	-713.87	153.80	-197.87 9
87	297	502	234	176	227	160	40.31	-79.23	5.91	16191.98	1975.39	2138.68	-746.08	153.56	-208.58 9
87	298	502	233	175	228	160	40.39	-79.20	5.93	16182.58	1979.22	2131.35	-810.17	159.39	-219.60 9
88	298	502	233	175	227	160	40.14	-79.24	5.92	16161.45	1974.66	2118.38	-934.27	157.07	-223.57 9
87	298	502	233	175	228	157	38.69	-79.33	5.75	16155.58	1928.53	2116.26	-1040.20	169.06	-245.54 9
88	298	502	234	175	227	155	38.80	-79.10	5.79	16153.40	1939.30	2126.05	-1041.24	218.66	-284.97 9
88	298	502	234	176	229	155	39.12	-78.59	6.03	16141.53	2004.14	2177.75	-1053.08	263.28	-313.37 9
87	298	502	233	175	228	154	39.04	-78.23	6.20	16129.65	2050.53	2234.06	-1063.78	271.01	-305.50 9
88	298	502	234	176	228	153	38.97	-78.05	6.30	16130.37	2078.40	2276.36	-1054.74	263.36	-288.22 9
88	298	502	233	176	228	153	39.09	-78.01	6.37	16146.05	2098.48	2310.74	-1016.45	243.04	-265.81 9
88	298	502	234	175	227	153	38.77	-78.07	6.33	16155.35	2089.36	2325.40	-970.13	223.34	-248.37 9
88	298	501	233	175	228	154	38.43	-78.17	6.26	16158.98	2071.29	2341.13	-909.12	201.47	-247.15 9
88	298	502	234	175	228	155	38.42	-78.21	6.25	16159.23	2068.13	2351.28	-860.82	177.60	-259.65 9
88	298	502	233	175	228	154	38.48	-78.27	6.24	16166.67	2065.32	2360.71	-799.62	163.07	-276.36 9
88	298	501	233	175	227	154	38.82	-78.14	6.33	16180.13	2093.85	2377.28	-730.19	155.77	-297.60 9
88	298	502	234	175	228	156	39.67	-78.01	6.50	16167.73	2137.56	2383.81	-665.08	148.78	-309.77 9
87	298	502	233	175	228	155	40.39	-77.87	6.69	16146.74	2188.88	2400.82	-628.23	131.34	-307.33 9
88	299	502	233	174	227	155	40.86	-77.82	6.79	16142.60	2217.44	2408.58	-591.07	115.37	-288.16 9
88	298	502	233	175	227	155	41.41	-77.77	6.87	16138.87	2239.37	2416.55	-506.56	106.40	-266.95 9
88	298	501	233	176	227	156	42.18	-77.65	7.01	16130.73	2277.00	2420.72	-428.94	103.93	-246.31 9
87	298	502	233	175	228	156	43.30	-77.51	7.22	16123.79	2333.75	2416.69	-356.84	95.29	-209.59 9
88	298	502	233	175	228	156	44.53	-77.38	7.44	16115.00	2396.06	2407.05	-316.15	74.52	-153.56 9
88	298	502	233	175	227	157	45.88	-77.38	7.59	16105.85	2436.06	2380.50	-236.89	64.60	-84.48 9
87	298	502	233	175	228	157	47.40	-77.31	7.76	16091.56	2480.46	2349.67	-130.30	65.62	-9.81 9
88	299	502	233	175	229	158	48.51	-77.10	7.97	16080.98	2538.83	2335.39	-64.58	81.19	83.98 9
88	299	502	233	176	228	156	48.06	-77.16	7.94	16061.33	2527.29	2332.22	-41.20	83.58	195.73 9
88	299	501	233	175	229	155	45.33	-77.30	7.50	16079.07	2406.93	2350.41	95.41	109.55	285.80 9
88	299	502	233	175	229	154	43.92	-77.24	7.20	16079.91	2323.38	2378.89	289.04	153.47	328.81 9
88	299	502	233	175	228	154	43.70	-77.17	7.17	16064.32	2313.01	2412.75	397.34	155.85	373.17 9
87	298	502	233	175	227	154	42.82	-77.42	7.04	16064.90	2278.76	2426.91	399.52	113.90	432.36 9
88	299	502	233	176	228	154	41.33	-77.91	6.76	16086.06	2202.42	2401.16	401.74	77.81	481.79 9
88	299	502	233	176	228	153	40.58	-78.26	6.52	16093.15	2135.90	2363.30	463.91	77.97	507.85 9
88	299	502	233	176	229	154	40.88	-78.42	6.42	16104.30	2108.11	2336.94	525.81	96.62	516.51 9
88	299	502	233	175	229	154	41.20	-78.46	6.37	16099.28	2094.50	2316.09	541.07	113.89	523.73 9
88	299	501	233	175	227	154	41.70	-78.53	6.36	16098.32	2092.38	2296.49	544.22	123.65	537.05 9
89	299	502	233	175	229	155	43.29	-78.57	6.45	16092.20	2114.16	2253.26	543.96	133.96	559.44 9
88	299	502	233	175	229	154	44.30	-78.58	6.41	16101.39	2106.45	2215.80	535.86	175.61	602.72 9
88	299	502	233	176	227	154	42.36	-78.50	6.13	16102.92	2027.53	2221.61	552.87	244.48	640.39 9
88	299	502	233	175	229	154	40.71	-78.40	5.92	16103.37	1970.35	2253.53	589.32	288.31	651.82 9
88	299	502	234	176	228	155	39.76	-78.34	5.82	16112.41	1942.03	2286.05	589.81	315.64	666.08 9
88	299	502	234	175	229	154	38.15	-78.36	5.61	16125.99	1885.53	2306.35	562.07	335.31	680.57 9
87	299	502	234	175	228	153	36.37	-78.37	5.38	16126.29	1822.85	2330.03	531.76	347.15	685.49 9
88	300	502	233	176	228	153	34.86	-78.42	5.19	16148.77	1769.11	2352.93	500.77	353.59	672.87 9
89	299	501	234	175	227	153	34.29	-78.44	5.10	16154.13	1746.46	2365.28	472.44	359.31	655.27 9
88	299	502	234	176	228	153	34.01	-78.46	5.07	16161.02	1738.33	2373.22	443.41	360.99	644.86 9
89	299	502	233	176	228	154	33.41	-78.53	4.97	16165.17	1711.62	2375.16	420.89	362.79	636.47 9
88	299	502	233	175	229	153	33.18	-78.56	4.92	16177.71	1698.04	2373.00	398.80	370.85	624.09 9
88	299	502	234	175	229	153	32.21	-78.61	4.78	16180.03	1660.33	2378.35	370.31	383.61	613.29 9
88	299	502	233	176	227	153	31.86	-78.65	4.72	16182.83	1642.92	2376.03	347.14	391.98	595.28 9
89	299	502	233	176	228	153	31.41	-78.64	4.64	16191.28	1620.17	2364.83	315.59	425.43	580.36 9
88	300	502	233	175	227	153	30.28	-78.38	4.50	16182.32	1580.96	2406.59	312.86	469.36	566.14 9
88	299	502	233	176	229	154	29.39	-78.16	4.40	16172.60	1553.91	2457.06	314.66	496.74	546.84 9
88	299	502	233	175	229	153	28.43	-77.96	4.31	16170.37	1527.82	2509.01	293.93	508.01	534.19 9
88	300	502	233	176	229	153	27.12	-77.91	4.15	16175.06	1484.03	2561.96	258.38	490.56	517.23 9
88	299	502	233	176	228	153	26.01	-77.96	3.99	16196.10	1441.83	2593.66	246.51	471.33	496.77 9
88	300	502	234	176	229	152	25.71	-78.05	3.93	16196.70	1424.93	2604.18	239.19	452.56	467.68 9
89	300	502	234	176	228	153	26.17	-78.14	3.97	16186.86	1435.49	2600.57	213.63	427.68	441.20 9
88	299	502	234	176	229	153	26.53	-78.21	4.01	16191.12	1444.11	2600.34	192.50	413.55	424.89 9
89	300	502	233	176	229	153	26.54	-78.22	3.96	16184.76	1430.11	2602.72	193.87	420.97	412.55 9
89	299	502	233	175	228	154	26.54	-78.21	3.93	16181.92	1423.80	2611.99	202.98	433.32	406.27 9
88	299	502	233	176	228	153	25.95	-78.11	3.85	16172.23	1401.01	2634.59	206.53	447.66	405.70 9
88	300	502	233	175	227	153	25.23	-78.10	3.75	16166.62	1373.96	2651.86	209.80	448.72	401.12 9
88	300	502	233	176	229	153	25.34	-78.16	3.75	16156.89	1371.06	2641.66	184.96	447.39	404.01 9
89	300	502	233	175	228	154	25.62	-78.31	3.75	16139.04	1369.31	2611.18	128.57	450.97	411.56 9
89	299	502	233	176	228	153	25.32	-78.38	3.67	16132.49	1346.65	2583.62	125.89	478.27	412.78 9
88	300	502	234	176	227	154	24.79	-78.08	3.57	16133.66	1319.91	2603.64	168.24	550.51	420.20 9
88	299	502	234	175	227	154	23.65	-77.60	3.44	16122.18	1283.12	2666.66	186.93	611.18	425.94 9
88	300	502	234	176	228	154	22.40	-77.29	3.28	16121.47	1238.56	2733.13	180.98	640.02	427.94 9
88	300	501	233	176	228	154	21.28	-77.15	3.11	16124.60	1192.83	2786.07	162.34	646.32	423.19 9
89	300	502	233	176	228	154	20.22	-77.05	2.97	16131.37	1154.39	2828.97	142.82	646.35	416.38 9
88	300	502	233	176	227	153	19.57	-76.97	2.89	16133.80	1132.87	2861.32	117.73	648.14	401.06 9
89	300	502	234	176	228	154	19.03	-76.90	2.84	16126.31	1117.03	2895.45	89.74	640.33	386.36 9
89	300	502	233	176	228	154	18.70	-76.89	2.80	16127.19	1106.38	2921.88	68.90	628.26	369.19 9
89	300	502	233	176	229	153	18.68	-76.81	2.80	16120.43	1107.06	2951.98	56.91	627.20	356.88 9
88	300	502	234	175	227	154	18.39	-76.61	2.79	16116.61	1102.70	3002.19	56.31	630.74	342.49 9
88	300	502	233	176	228	154	17.86	-76.42	2.74	16111.18	1089.77	3063.08	54.25	623.20	325.66 9
88	300	502	234	176	227	154	16.95	-76.25	2.61	16114.42	1053.88	3140.12	50.34	598.94	304.68 9
89	300	502	233	176	228	153	16.42	-76.17	2.54	16122.30	1034.79	3204.32	63.87	557.85	283.35 9
88	300	502	234	176	229	154	15.82	-76.13	2.47	16133.18	1016.25	3267.10	65.33	512.30	258.78 9
89	301	502	234	176	228	153	15.31	-76.13	2.41	16137.73	998.64	3332.15	74.76	440.94	228.29 9
89	300	502	234	176	228	154	15.21	-76.23	2.43	16133.64	1004.70	3380.94	69.27	351.69	195.73 9
88	300	502	233	176	228	154	15.32	-76.48	2.47	16136.76	1015.27	3411.29	50.76	247.76	164.09 9
89	300	502	234	176	228	153	15.23	-76.80	2.46	16138.92	1012.30	3420.53	31.92	150.82	142.39 9
89	300	502	234	175	228	153	14.69	-77.14	2.35	16128.77	982.29	3422.10	60.92	61.13	112.72 9
89	300	502	234	176	229	154	14.75	-77.36	2.30	16119.13	968.38	3430.00	151.98	-8.33	68.98 9
88	300	502	234	176	228	154	15.71	-77.56	2.42	16108.58	1000.36	3434.10	226.93	-90.26	33.33 9
88	301	502	234	176	228	153	16.78	-77.90	2.59	16109.35	1046.14	3422.19	220.83	-185.30	24.11 9
89	301	502	233	176	228	153	17.50	-78.42	2.67	16110.08	1070.03	3372.08	183.99	-279.48	31.31 9
89	300	501	234	176	228	153	18.00	-78.96	2.66	16102.78	1067.13	3307.08	198.04	-353.16	32.49 9
88	300	502	234	176	228	153	19.31	-79.31	2.70	16096.64	1078.17	3248.12	271.54	-405.70	18.57 9
88	301	501	233	175	229	153	20.86	-79.55	2.83	16102.81	1114.66	3200.32	327.16	-440.57	21.59 9
88	301	502	233	175	228	153	21.61	-79.75	2.93	16102.27	1141.73	3159.70	312.15	-474.74	49.16 9
88	301	502	234	176	229	153	21.16	-80.06	2.86	16104.55	1121.05	3114.72	304.80	-511.60	77.35 9
89	300	502	234	176	228	152	21.01	-80.39	2.76	16117.33	1094.59	3070.38	361.76	-542.17	84.79 9
89	300	502	234	176	228	153	21.66	-80.57	2.76	16132.66	1095.06	3030.46	435.62	-551.01	90.55 9
89	300	501	233	176	228	153	22.25	-80.77	2.76	16141.83	1096.91	2994.54	494.74	-571.56	93.57 9
88	301	501	233	176	227	152	23.47	-81.01	2.83	16153.33	1117.06	2944.81	529.20	-603.08	103.34 9
89	300	502	233	176	228	153	23.86	-81.39	2.80	16164.87	1108.21	2876.77	529.39	-637.48	121.02 9
88	301	501	234	176	228	152	23.16	-81.72	2.68	16180.62	1075.40	2816.13	564.72	-648.21	125.42 9
88	301	501	234	176	229	153	23.36	-81.92	2.61	16173.79	1057.43	2762.72	618.39	-648.05	104.90 9
89	301	502	234	176	229	153	24.69	-82.05	2.68	16167.10	1075.56	2719.79	635.62	-653.19	85.76 9
89	301	502	233	176	229	153	25.77	-82.19	2.73	16162.15	1090.58	2664.40	621.54	-659.33	81.32 9
89	301	501	234	176	228	153	26.75	-82.37	2.75	16165.44	1094.85	2612.18	620.46	-659.07	84.95 9
88	301	501	234	176	228	153	27.50	-82.45	2.79	16168.37	1105.91	2569.37	649.04	-654.76	91.00 9
89	301	502	234	176	229	153	28.69	-82.50	2.87	16171.75	1128.61	2529.30	657.88	-654.28	101.55 9
89	300	501	233	176	229	153	29.74	-82.59	2.95	16175.76	1151.18	2490.04	647.49	-661.51	128.13 9
89	301	502	234	176	228	153	30.18	-82.79	2.95	16180.77	1150.42	2445.13	624.26	-675.84	158.52 9
88	301	501	234	176	228	151	30.90	-82.95	2.96	16191.93	1153.90	2399.88	636.55	-680.79	184.64 9
89	301	501	234	176	228	153	32.45	-83.08	3.01	16199.54	1168.81	2341.08	653.07	-678.55	212.96 9
89	301	501	234	175	228	153	33.98	-83.22	3.09	16209.16	1191.37	2279.83	619.62	-684.13	252.51 9
89	301	501	234	176	228	154	34.04	-83.48	3.04	16214.10	1178.80	2226.04	562.14	-696.62	301.54 9
88	301	501	233	176	229	154	33.77	-83.83	2.96	16233.00	1157.26	2170.14	513.18	-715.44	346.41 9
89	301	501	234	176	229	154	33.04	-84.14	2.85	16238.75	1125.80	2118.43	454.57	-731.87	381.84 9
88	301	502	234	175	228	154	30.67	-84.45	2.61	16258.21	1060.31	2075.31	431.04	-751.97	396.00 9
88	301	502	233	176	229	154	29.00	-84.72	2.44	16273.10	1014.29	2029.34	405.29	-765.83	396.15 9
88	301	501	233	175	229	155	29.62	-84.98	2.40	16287.64	1004.58	1976.08	375.53	-786.08	390.49 9
89	301	501	234	175	229	154	30.59	-85.18	2.39	16301.46	1001.35	1921.07	320.50	-798.38	394.67 9
89	301	501	234	175	229	153	30.85	-85.46	2.31	16304.79	977.28	1863.02	301.03	-807.26	399.23 9
89	301	501	233	176	229	155	32.13	-85.66	2.23	16323.15	957.82	1796.07	305.52	-790.35	399.02 9
88	301	501	233	176	229	154	32.70	-85.78	2.17	16329.99	941.13	1753.06	315.50	-770.93	402.97 9
89	301	501	233	175	228	155	32.64	-85.92	2.12	16338.89	927.87	1707.61	309.37	-759.73	408.32 9
88	301	501	234	176	228	154	32.66	-86.14	2.02	16352.35	899.88	1651.03	294.11	-754.80	411.71 9
89	301	501	234	176	228	155	31.37	-86.33	1.88	16366.33	859.48	1600.88	280.00	-737.66	416.97 9
88	301	501	234	176	228	156	29.52	-86.54	1.76	16365.41	827.91	1558.03	275.00	-727.07	407.17 9
89	301	501	233	176	229	156	32.67	-86.65	1.76	16369.34	828.11	1505.53	266.05	-713.82	395.61 9
88	301	501	234	175	229	157	36.40	-86.63	1.85	16374.28	853.31	1440.86	245.20	-698.28	389.68 9
89	301	501	233	175	228	157	39.41	-86.53	1.93	16370.36	875.24	1382.61	212.34	-660.82	408.60 9
88	301	501	234	176	228	158	40.24	-86.53	1.90	16369.64	867.28	1341.28	197.37	-621.62	434.67 9
88	301	501	234	176	228	157	39.11	-86.53	1.80	16380.56	839.92	1314.42	209.55	-577.49	463.64 9
88	301	501	234	175	228	158	37.23	-86.50	1.68	16385.13	806.72	1293.50	222.12	-534.77	490.20 9
89	301	501	234	176	230	158	35.42	-86.52	1.58	16392.88	776.38	1277.02	206.27	-509.73	510.54 9
89	301	501	233	176	229	158	32.12	-86.51	1.40	16396.63	727.36	1263.17	190.75	-484.49	535.12 9
88	301	501	233	176	228	158	30.89	-86.64	1.30	16406.40	698.20	1227.21	175.62	-464.47	543.76 9
89	301	501	233	176	228	159	32.23	-86.75	1.23	16418.68	680.09	1179.25	139.09	-435.05	559.02 9
88	301	501	233	176	228	159	29.02	-86.74	1.06	16428.14	633.88	1153.69	102.18	-401.49	568.87 9
89	301	501	233	176	228	159	25.17	-86.65	0.85	16441.34	574.59	1143.41	108.57	-370.92	574.08 9
88	301	501	233	176	228	158	22.38	-86.67	0.74	16446.07	543.06	1129.43	119.74	-345.87	570.62 9
89	301	501	234	176	229	158	21.87	-86.70	0.68	16455.97	526.71	1107.16	119.01	-319.03	569.24 9
89	301	501	233	176	228	159	21.56	-86.70	0.62	16454.57	510.97	1093.20	111.26	-294.68	572.78 9
88	301	501	233	176	229	159	20.45	-86.70	0.55	16458.04	490.62	1088.14	117.29	-282.74	579.54 9
88	301	501	233	175	228	158	20.79	-86.75	0.52	16464.74	481.49	1073.54	125.78	-270.11	584.16 9
89	301	501	234	176	229	158	21.10	-86.80	0.49	16468.90	471.42	1048.46	130.94	-256.80	601.11 9
89	301	501	234	176	228	158	18.05	-86.86	0.36	16475.65	436.25	1031.84	125.59	-240.46	627.45 9
88	301	501	233	175	228	159	12.84	-86.74	0.10	16487.27	363.03	1010.85	143.86	-217.54	647.58 9
89	301	501	233	175	228	159	8.38	-86.46	-0.20	16498.31	277.68	1010.10	189.77	-175.71	651.05 9
89	301	501	234	176	229	159	5.74	-86.36	-0.36	16500.39	231.00	1011.60	242.23	-152.13	629.70 9
88	301	500	234	176	228	159	8.47	-86.47	-0.33	16505.77	241.05	984.02	260.27	-145.17	614.06 9
88	301	500	233	176	228	160	6.90	-86.55	-0.37	16513.28	227.80	964.22	264.51	-128.06	622.51 9
89	301	500	233	175	228	158	4.13	-86.49	-0.52	16506.22	187.01	961.01	298.08	-109.06	624.53 9
89	300	500	233	176	228	159	2.73	-86.43	-0.62	16503.31	159.26	968.56	333.38	-95.80	616.31 9
88	301	499	233	175	229	160	1.01	-86.49	-0.70	16501.54	136.09	963.53	341.81	-99.51	608.94 9
89	301	500	233	175	229	160	-1.64	-86.61	-0.80	16507.86	107.29	942.35	330.82	-111.19	606.74 9
89	301	500	233	176	228	160	-5.72	-86.51	-1.01	16532.67	46.92	932.63	328.93	-100.03	609.36 9
88	301	500	233	176	227	160	-9.32	-86.30	-1.29	16534.64	-31.22	933.80	332.58	-87.38	590.84 9
88	301	499	233	175	227	160	-11.78	-86.30	-1.42	16541.71	-69.46	926.51	334.00	-85.41	543.25 9
88	300	499	233	176	229	160	-9.83	-86.48	-1.39	16543.62	-61.79	895.19	324.60	-82.19	506.48 9
89	301	500	233	175	229	160	-4.62	-86.57	-1.29	16539.64	-32.90	865.23	303.17	-74.48	486.71 9
89	301	500	233	175	228	160	-5.59	-86.64	-1.30	16538.25	-36.65	839.17	289.31	-49.56	488.73 9
89	301	499	233	175	228	160	-8.49	-86.53	-1.44	16534.34	-74.82	833.41	291.35	-21.43	490.44 9
88	301	499	233	176	227	160	-10.22	-86.45	-1.56	16534.22	-108.08	843.94	309.53	1.79	481.92 9
89	301	499	233	176	228	160	-10.00	-86.47	-1.57	16533.71	-110.28	848.34	319.00	16.35	473.97 9
89	301	499	233	175	229	161	-8.96	-86.56	-1.54	16529.03	-102.96	837.92	294.25	19.84	484.12 9
89	301	499	233	175	229	160	-10.44	-86.64	-1.58	16525.58	-113.61	824.63	255.74	20.44	496.77 9
88	301	499	233	175	228	161	-12.83	-86.55	-1.70	16522.10	-146.93	822.80	246.25	36.32	507.83 9
88	301	500	233	175	227	160	-14.96	-86.47	-1.82	16513.99	-182.99	829.46	246.89	48.11	511.79 9
89	301	500	233	176	229	161	-17.32	-86.38	-1.92	16517.09	-208.04	826.38	229.00	69.55	518.75 9
89	302	499	233	175	229	161	-19.01	-86.26	-2.01	16514.04	-234.44	828.46	225.25	94.77	522.51 9
89	301	500	233	176	230	160	-20.46	-86.10	-2.10	16520.53	-260.51	836.84	233.93	115.08	526.88 9
89	302	500	233	175	229	160	-21.62	-85.87	-2.24	16524.91	-300.29	858.60	254.54	136.33	527.54 9
89	302	500	233	175	228	160	-22.82	-85.80	-2.34	16533.26	-328.67	868.27	256.01	139.66	528.41 9
89	301	500	233	176	228	160	-24.20	-85.74	-2.45	16536.80	-359.64	878.46	246.96	132.93	525.69 9
89	302	500	233	176	229	160	-25.14	-85.73	-2.56	16541.16	-391.26	891.93	244.91	119.33	520.76 9
88	301	500	233	176	229	161	-26.68	-85.70	-2.67	16552.30	-423.30	887.94	250.07	104.62	514.82 9
88	302	500	234	176	228	161	-28.49	-85.67	-2.81	16562.08	-463.13	885.14	248.61	92.39	498.93 9
89	301	500	233	175	228	160	-30.29	-85.68	-2.93	16565.18	-497.57	886.88	235.98	78.27	478.83 9
88	301	500	233	175	229	160	-32.10	-85.69	-3.04	16566.32	-529.70	880.94	217.78	64.35	450.79 9
89	301	500	233	176	227	160	-33.70	-85.69	-3.15	16576.41	-562.81	873.69	209.99	53.64	421.05 9
88	302	500	233	175	229	160	-34.74	-85.67	-3.25	16582.58	-589.87	873.41	212.79	47.90	384.35 9
89	302	500	233	175	229	161	-34.99	-85.73	-3.27	16584.66	-596.78	866.74	203.40	44.81	349.08 9
89	301	500	233	175	228	160	-35.31	-85.79	-3.26	16588.82	-593.34	859.60	193.08	41.82	318.63 9
88	302	500	233	175	227	160	-35.37	-85.83	-3.28	16578.78	-599.07	865.22	188.73	39.48	296.65 9
89	301	500	233	175	229	160	-35.61	-85.89	-3.28	16565.44	-597.92	857.96	183.84	34.70	275.91 9
89	301	500	234	176	230	161	-35.43	-85.93	-3.28	16553.77	-596.02	857.86	180.20	33.42	260.57 9
89	301	500	234	176	228	160	-35.16	-86.00	-3.26	16546.28	-590.22	853.17	180.94	29.55	252.04 9
88	301	500	233	175	228	160	-35.61	-86.01	-3.27	16537.37	-592.71	846.31	177.94	38.42	257.09 9
88	300	500	233	176	229	161	-36.51	-85.98	-3.32	16532.10	-607.67	843.39	169.75	43.50	269.83 9
88	301	500	233	176	228	160	-38.28	-85.78	-3.49	16528.29	-653.89	842.62	151.06	47.02	277.54 9
88	301	500	233	176	229	160	-40.26	-85.51	-3.70	16538.28	-716.20	844.69	156.01	61.87	266.41 9
88	301	501	233	176	228	161	-41.00	-85.35	-3.82	16538.36	-750.79	851.66	166.36	75.53	246.29 9
88	300	500	233	176	228	160	-42.34	-85.33	-3.88	16540.65	-766.45	843.68	157.74	81.65	218.03 9
88	300	500	234	175	228	160	-42.97	-85.31	-3.94	16535.81	-782.52	844.49	145.80	82.77	190.23 9
87	300	500	234	176	229	160	-43.46	-85.35	-3.96	16542.22	-791.00	850.87	136.21	72.18	162.62 9
88	300	500	233	176	229	160	-44.18	-85.31	-4.04	16552.91	-812.65	852.12	131.80	73.37	135.99 9
87	300	500	233	176	230	160	-44.44	-85.27	-4.08	16559.47	-824.42	855.52	134.61	79.20	101.84 9
87	300	500	233	176	228	160	-44.23	-85.37	-4.08	16561.09	-825.99	853.14	141.03	63.64	61.54 9
87	300	500	233	176	229	160	-44.84	-85.46	-4.08	16566.04	-826.50	842.08	132.63	54.06	26.27 9
87	300	500	233	176	229	160	-45.29	-85.55	-4.10	16570.54	-830.57	835.18	114.90	41.01	-15.35 9
86	299	500	233	176	229	159	-45.70	-85.54	-4.14	16576.21	-841.24	840.42	111.65	37.41	-66.28 9
87	299	500	233	176	229	160	-45.45	-85.53	-4.12	16576.40	-838.98	842.20	134.32	43.79	-124.61 9
86	299	500	233	176	229	159	-43.36	-85.71	-4.02	16563.38	-807.83	838.49	138.40	31.75	-178.83 9
87	299	500	233	176	228	160	-42.65	-85.94	-3.93	16562.61	-781.84	820.17	94.88	9.66	-219.59 9
86	299	500	233	176	228	160	-43.60	-85.98	-3.92	16569.88	-780.95	803.36	46.39	14.48	-261.16 9
86	299	500	233	176	229	159	-44.09	-85.96	-3.93	16563.98	-783.30	794.19	53.47	29.65	-318.85 9
86	299	500	233	175	229	159	-39.92	-86.02	-3.78	16556.58	-739.33	786.88	94.10	45.97	-384.61 9
86	299	500	233	175	228	159	-33.21	-86.01	-3.50	16548.56	-659.77	774.14	102.34	53.17	-418.08 9
86	299	499	233	176	228	159	-26.81	-86.10	-3.24	16542.13	-583.98	753.03	33.67	53.06	-416.88 9
86	299	499	233	176	228	158	-30.30	-86.16	-3.23	16533.42	-580.58	727.38	-64.86	62.56	-410.18 9
86	299	499	234	176	229	159	-32.90	-86.02	-3.33	16535.75	-608.75	714.81	-96.02	85.88	-437.87 9
86	299	499	234	176	230	158	-33.54	-85.91	-3.34	16535.56	-613.11	714.07	-74.47	129.69	-481.48 9
86	300	499	234	176	229	158	-31.91	-85.81	-3.26	16531.39	-591.06	730.36	-52.49	163.40	-518.61 9
86	299	499	234	176	228	158	-30.82	-85.75	-3.23	16540.22	-581.91	754.45	-69.92	173.28	-552.93 9
87	299	499	233	176	227	158	-31.36	-85.60	-3.28	16550.60	-596.61	777.52	-90.02	184.27	-601.38 9
87	300	499	233	176	229	158	-30.38	-85.55	-3.24	16557.87	-585.58	799.85	-59.42	192.51	-668.66 9
87	299	499	233	176	228	157	-24.96	-85.56	-2.99	16559.58	-514.10	799.46	-54.05	190.08	-731.93 9
86	300	499	233	176	228	157	-19.96	-85.60	-2.74	16556.80	-444.80	794.08	-121.85	177.28	-775.73 9
87	299	499	233	176	227	157	-16.38	-85.64	-2.54	16555.96	-385.16	791.18	-217.45	171.36	-818.99 9
86	300	499	233	176	228	157	-12.30	-85.61	-2.33	16547.76	-326.70	792.02	-251.93	177.35	-861.60 9
87	299	499	234	176	228	156	-7.46	-85.47	-2.04	16535.18	-245.96	795.82	-260.24	183.68	-895.97 9
86	299	499	234	176	228	156	-2.93	-85.39	-1.79	16530.62	-172.87	799.23	-296.47	191.04	-908.92 9
87	299	499	234	176	227	156	0.43	-85.32	-1.57	16516.69	-110.22	807.07	-349.10	187.24	-918.32 9
86	299	499	234	176	227	156	3.38	-85.23	-1.37	16515.65	-53.91	818.11	-372.44	198.63	-924.86 9
87	299	499	234	176	228	156	6.85	-85.03	-1.12	16502.47	16.78	832.21	-369.77	209.05	-924.41 9
86	299	499	234	177	230	156	10.28	-84.85	-0.81	16496.34	103.95	850.00	-414.48	209.05	-908.54 9
87	299	499	233	176	228	156	11.71	-84.80	-0.67	16491.33	143.35	876.90	-448.26	207.44	-886.36 9
86	299	499	233	176	228	156	12.66	-84.77	-0.60	16496.76	165.58	899.85	-436.10	209.27	-872.60 9
86	299	499	233	176	228	156	14.92	-84.70	-0.44	16508.32	209.30	906.66	-418.34	223.01	-864.62 9
85	299	499	234	176	228	156	16.93	-84.51	-0.27	16500.31	258.44	926.33	-404.02	248.31	-859.79 9
85	299	499	234	176	229	156	18.91	-84.31	-0.05	16492.29	320.31	956.01	-376.87	256.79	-863.90 9
86	299	499	234	176	227	156	21.01	-84.08	0.21	16494.88	394.30	993.81	-340.48	254.85	-857.90 9
85	299	500	234	176	228	156	22.83	-83.98	0.41	16485.73	450.58	1020.92	-318.96	241.76	-837.81 9
85	298	500	234	176	227	156	24.31	-83.98	0.55	16480.64	489.05	1043.07	-308.56	225.92	-823.22 9
85	298	499	234	176	228	156	25.56	-83.92	0.67	16485.61	524.60	1060.32	-281.43	221.38	-807.76 9
84	298	500	234	176	227	156	27.07	-84.05	0.76	16483.93	549.37	1056.30	-248.46	196.51	-789.47 9
84	298	499	234	176	229	156	29.56	-84.23	0.86	16478.53	575.50	1035.69	-218.59	159.68	-777.84 9
85	298	499	234	176	228	156	31.62	-84.36	0.96	16475.41	605.53	1016.10	-211.11	129.00	-772.90 9
84	298	499	234	177	228	156	34.34	-84.41	1.10	16479.04	645.85	985.10	-207.00	116.15	-762.91 9
85	298	499	234	176	228	156	36.70	-84.34	1.28	16452.68	694.96	964.84	-201.00	113.09	-746.06 9
85	298	500	234	177	227	156	39.04	-84.38	1.42	16447.05	732.41	941.80	-218.85	99.34	-720.16 9
84	298	499	234	176	227	156	41.02	-84.48	1.46	16451.90	743.79	913.71	-230.86	108.17	-700.50 9
84	298	499	234	176	227	156	43.06	-84.45	1.54	16458.10	768.60	889.43	-236.77	133.06	-691.73 9
85	298	499	234	177	228	156	44.48	-84.33	1.67	16453.20	805.97	879.55	-267.18	154.86	-686.74 9
84	299	499	234	176	228	156	45.06	-84.22	1.77	16456.94	831.87	880.58	-318.17	182.61	-684.50 9
84	298	500	234	176	229	156	45.05	-84.03	1.85	16456.49	855.48	898.95	-327.86	220.13	-688.88 9
84	297	499	234	176	228	156	45.43	-83.77	2.00	16451.47	896.90	929.80	-325.92	250.08	-699.53 9
84	298	500	234	176	227	156	46.27	-83.52	2.22	16452.89	959.06	948.91	-370.47	266.17	-698.76 9
84	297	499	234	177	227	155	46.81	-83.35	2.41	16453.05	1013.51	956.26	-475.30	269.86	-688.62 9
83	297	500	234	177	228	156	46.48	-83.25	2.46	16447.59	1026.23	962.85	-548.58	300.82	-688.34 9
82	297	500	234	176	229	155	47.01	-82.94	2.61	16438.01	1068.52	983.11	-517.30	348.48	-700.72 9
82	296	500	234	177	228	156	47.24	-82.50	2.81	16427.71	1125.89	1025.95	-490.94	399.06	-706.18 9
81	296	501	234	177	228	156	47.27	-82.16	3.02	16410.93	1183.20	1072.46	-510.19	412.15	-692.43 9
83	295	500	234	177	228	156	47.27	-82.07	3.17	16400.18	1223.64	1103.23	-534.58	392.35	-673.90 9
83	295	500	234	177	228	156	47.66	-82.05	3.29	16404.77	1257.26	1117.27	-528.25	377.48	-650.41 9
84	294	500	235	176	227	155	48.42	-81.98	3.40	16405.13	1288.39	1118.61	-505.69	384.50	-618.39 9
84	294	501	234	177	228	156	48.43	-81.87	3.49	16390.28	1314.77	1143.68	-495.61	387.93	-587.17 9
85	293	500	234	177	228	157	48.23	-81.77	3.60	16395.16	1343.44	1172.69	-510.53	382.23	-564.66 9
85	293	500	234	177	228	156	48.21	-81.64	3.68	16400.80	1368.26	1196.06	-517.75	394.47	-543.23 9
86	293	500	234	177	229	156	48.49	-81.44	3.82	16392.96	1405.05	1214.46	-492.46	407.00	-526.97 9
86	293	500	235	177	227	156	49.25	-81.08	4.04	16371.51	1466.80	1233.13	-488.19	404.30	-506.97 9
