98	351	330	157	109	206	159	-8.43	-58.59	-6.70	13796.12	-1248.52	8326.96	-38.22	47.73	-154.72 20
98	351	331	157	109	205	160	-8.56	-58.57	-6.73	13799.92	-1255.89	8326.01	-41.86	45.05	-146.19 20
98	352	331	157	110	207	159	-8.69	-58.53	-6.81	13798.52	-1276.50	8326.91	-31.06	40.94	-141.23 20
97	352	331	157	108	206	159	-8.79	-58.52	-6.87	13795.60	-1288.47	8327.77	-25.81	38.45	-144.87 20
97	352	330	157	110	207	160	-8.91	-58.50	-6.91	13788.22	-1297.65	8333.78	-29.97	29.97	-152.72 20
97	352	331	157	109	206	160	-8.97	-58.58	-6.94	13793.60	-1304.37	8325.09	-23.37	20.18	-153.29 20
97	353	331	157	109	206	159	-8.96	-58.65	-6.96	13798.32	-1309.95	8314.83	-16.25	22.27	-154.17 20
97	352	331	158	110	206	158	-8.88	-58.65	-6.93	13797.21	-1303.85	8308.29	-8.64	29.50	-155.86 20
97	352	331	157	110	206	159	-8.74	-58.57	-6.89	13793.15	-1293.06	8312.88	3.64	43.03	-151.67 20
97	353	331	157	110	206	159	-8.46	-58.47	-6.80	13790.69	-1271.60	8322.23	24.61	62.98	-141.14 20
98	353	331	157	109	204	159	-8.18	-58.35	-6.70	13779.95	-1246.62	8338.12	34.43	72.93	-126.63 20
98	353	330	157	109	205	159	-8.21	-58.33	-6.72	13775.16	-1250.09	8345.01	40.56	72.18	-107.85 20
97	353	331	157	110	206	159	-8.23	-58.35	-6.78	13772.40	-1264.39	8337.16	61.78	66.17	-89.16 20
97	353	331	156	109	206	160	-8.35	-58.42	-6.78	13769.78	-1265.97	8326.91	61.69	60.66	-80.00 20
98	353	331	157	110	206	159	-8.62	-58.49	-6.85	13769.69	-1281.67	8313.16	43.71	51.23	-78.95 20
97	354	331	157	110	205	159	-8.75	-58.60	-6.89	13778.81	-1292.59	8296.70	38.22	42.42	-79.65 20
98	354	331	157	109	206	159	-8.80	-58.65	-6.88	13781.46	-1290.16	8281.67	19.21	42.00	-88.22 20
97	354	331	157	110	206	159	-8.78	-58.64	-6.84	13784.39	-1280.65	8274.58	-4.75	50.20	-99.26 20
97	354	331	157	110	207	159	-8.71	-58.64	-6.78	13788.37	-1266.22	8269.45	-21.06	59.94	-99.39 20
98	354	331	157	110	205	160	-8.66	-58.63	-6.72	13796.35	-1253.71	8275.18	-37.66	71.94	-96.03 20
97	354	331	157	110	206	159	-8.70	-58.54	-6.73	13801.94	-1256.02	8288.82	-53.28	84.89	-88.82 20
98	354	332	157	110	205	159	-8.83	-58.43	-6.79	13796.84	-1270.22	8302.18	-57.56	89.90	-87.63 20
97	354	332	157	110	206	159	-8.91	-58.39	-6.82	13797.80	-1278.91	8314.67	-62.03	84.65	-89.40 20
98	354	331	157	109	207	160	-8.96	-58.41	-6.84	13798.11	-1283.36	8317.94	-66.93	75.27	-91.18 20
97	354	332	157	110	205	159	-9.06	-58.40	-6.90	13810.00	-1298.20	8314.04	-70.89	78.86	-96.47 20
97	354	332	157	109	205	160	-9.15	-58.35	-6.94	13819.10	-1308.29	8311.54	-74.99	95.12	-102.40 20
97	354	332	156	110	206	160	-9.17	-58.30	-6.95	13817.75	-1312.07	8315.96	-74.39	104.71	-114.23 20
98	353	331	157	109	206	160	-9.09	-58.29	-6.94	13814.46	-1307.27	8317.56	-70.92	103.02	-124.92 20
97	353	331	156	109	205	159	-8.93	-58.29	-6.89	13816.34	-1297.30	8319.08	-59.73	99.92	-126.72 20
97	353	332	156	110	205	159	-8.77	-58.28	-6.83	13812.72	-1282.64	8313.53	-42.64	102.18	-123.64 20
98	354	331	156	109	205	159	-8.62	-58.28	-6.79	13814.88	-1272.11	8305.25	-39.86	106.57	-126.70 20
97	354	331	156	109	205	159	-8.71	-58.27	-6.80	13818.54	-1275.10	8310.39	-53.27	112.44	-133.67 20
97	353	331	157	110	205	159	-8.77	-58.26	-6.82	13820.81	-1280.35	8302.87	-47.85	126.37	-140.13 20
98	353	331	156	109	205	159	-8.74	-58.23	-6.83	13818.77	-1281.13	8293.53	-34.61	141.90	-142.03 20
98	354	332	157	109	205	159	-8.63	-58.23	-6.80	13820.63	-1275.07	8294.25	-27.38	147.30	-151.38 20
98	354	331	156	110	206	160	-8.65	-58.25	-6.78	13823.80	-1271.92	8293.74	-38.16	148.19	-159.06 20
97	355	331	156	109	206	159	-8.76	-58.21	-6.81	13824.61	-1278.92	8295.25	-41.65	151.83	-166.85 20
98	354	331	157	109	205	160	-8.64	-58.22	-6.76	13820.78	-1265.98	8293.29	-49.27	152.34	-178.96 20
97	354	331	157	108	205	159	-8.64	-58.23	-6.73	13826.94	-1258.88	8291.22	-61.01	162.17	-184.91 20
98	354	331	157	110	205	159	-8.56	-58.20	-6.68	13826.59	-1246.93	8292.46	-67.81	172.66	-188.52 20
98	354	332	157	109	205	159	-8.59	-58.11	-6.67	13813.66	-1243.59	8303.64	-77.02	182.53	-193.29 20
97	354	332	157	110	205	159	-8.57	-58.01	-6.64	13805.98	-1234.61	8315.66	-87.81	192.90	-198.93 20
97	354	331	157	110	205	160	-8.69	-57.93	-6.68	13805.28	-1245.28	8328.87	-97.77	199.86	-205.38 20
98	354	331	157	110	205	160	-8.69	-57.85	-6.69	13804.02	-1248.01	8334.23	-99.44	206.71	-212.86 20
98	354	332	157	110	205	159	-8.67	-57.78	-6.72	13795.41	-1252.21	8343.32	-96.51	204.93	-219.72 20
98	354	331	156	109	205	160	-8.57	-57.73	-6.72	13787.84	-1253.00	8362.15	-82.24	205.08	-227.33 20
98	354	331	157	110	205	160	-8.38	-57.74	-6.64	13786.65	-1234.35	8370.04	-76.98	199.88	-234.22 20
98	354	332	157	110	205	160	-8.32	-57.74	-6.61	13788.72	-1225.83	8370.14	-83.78	201.13	-244.71 20
98	354	332	156	110	206	159	-8.29	-57.80	-6.61	13795.28	-1228.54	8364.63	-85.14	205.43	-257.47 20
98	354	331	156	109	205	159	-8.16	-57.78	-6.56	13798.52	-1214.92	8369.60	-81.18	212.71	-263.70 20
98	355	331	157	109	205	159	-8.07	-57.76	-6.52	13794.59	-1205.17	8371.12	-66.87	215.67	-267.01 20
98	354	331	156	110	206	160	-7.96	-57.72	-6.49	13790.06	-1198.31	8381.17	-59.58	218.19	-279.31 20
98	355	331	157	110	205	159	-7.93	-57.72	-6.44	13782.76	-1184.20	8384.11	-69.50	215.18	-295.30 20
98	355	332	157	110	206	160	-7.83	-57.71	-6.39	13779.82	-1173.79	8385.10	-63.12	219.17	-306.98 20
98	355	331	156	109	204	160	-7.58	-57.68	-6.29	13764.03	-1147.70	8387.25	-58.67	217.86	-318.68 20
97	355	332	157	110	204	160	-7.28	-57.72	-6.15	13758.43	-1113.71	8384.68	-56.79	202.92	-323.95 20
98	354	331	157	110	206	160	-7.08	-57.74	-6.06	13753.91	-1092.63	8379.85	-46.50	206.57	-310.50 20
98	355	332	157	110	206	160	-6.87	-57.73	-5.96	13740.41	-1067.99	8379.26	-33.57	205.54	-297.28 20
98	355	331	157	108	205	159	-6.74	-57.71	-5.89	13720.79	-1047.79	8379.69	-34.59	197.82	-289.41 20
98	355	331	157	110	204	159	-6.71	-57.72	-5.84	13717.75	-1037.41	8392.11	-48.01	182.43	-284.39 20
98	355	332	158	110	205	159	-6.67	-57.83	-5.81	13727.06	-1030.13	8395.10	-47.36	161.50	-284.67 20
97	354	331	158	109	205	159	-6.63	-57.92	-5.74	13743.11	-1014.63	8387.15	-61.94	158.68	-307.99 20
98	354	330	157	109	203	158	-6.69	-57.91	-5.73	13754.36	-1014.90	8390.79	-67.95	170.09	-339.94 20
98	354	329	157	109	204	159	-6.50	-57.88	-5.67	13761.24	-1000.95	8394.45	-46.20	182.59	-349.94 20
98	353	328	157	108	204	158	-6.29	-57.83	-5.55	13763.38	-973.50	8406.33	-45.54	187.76	-350.19 20
99	353	329	157	108	205	158	-6.16	-57.84	-5.47	13762.01	-952.23	8417.61	-53.31	173.57	-347.58 20
98	352	329	157	108	205	159	-6.08	-57.85	-5.43	13762.31	-943.62	8429.13	-56.15	165.94	-350.31 20
99	352	328	158	107	205	158	-6.04	-57.79	-5.43	13748.59	-942.44	8449.27	-44.54	149.35	-344.79 20
99	352	328	158	108	205	159	-5.96	-57.77	-5.43	13742.36	-942.51	8464.41	-28.91	139.08	-335.85 20
99	352	328	157	108	205	158	-5.87	-57.82	-5.37	13722.04	-925.99	8471.99	-40.67	102.98	-345.51 20
99	352	328	158	108	206	159	-5.87	-58.02	-5.30	13720.34	-908.09	8462.19	-73.98	69.08	-359.88 20
99	352	328	157	107	205	159	-5.99	-58.14	-5.30	13728.32	-909.49	8448.28	-85.93	59.07	-363.54 20
99	352	328	157	108	205	159	-5.92	-58.14	-5.28	13727.51	-905.41	8435.27	-69.54	69.07	-351.96 20
99	353	328	157	108	205	159	-5.70	-58.18	-5.18	13717.33	-880.74	8430.30	-65.51	57.57	-346.51 20
99	352	328	157	107	205	160	-5.60	-58.24	-5.08	13718.06	-856.90	8419.39	-89.24	53.04	-331.54 20
100	352	328	158	108	205	160	-5.60	-58.20	-5.05	13713.16	-848.86	8417.42	-100.82	66.19	-311.76 20
99	353	328	157	107	205	160	-5.54	-58.16	-5.01	13715.10	-839.62	8410.35	-98.73	86.63	-308.67 20
99	352	327	157	109	204	160	-5.49	-58.10	-4.98	13712.95	-834.83	8416.23	-98.90	94.85	-297.39 20
99	353	329	157	107	205	160	-5.33	-58.11	-4.90	13716.70	-815.49	8422.42	-92.00	85.60	-288.72 20
99	354	328	157	109	206	160	-5.13	-58.15	-4.80	13722.66	-792.92	8425.30	-89.20	75.47	-274.28 20
99	353	329	158	108	205	161	-4.98	-58.21	-4.72	13724.93	-772.47	8424.83	-93.84	62.85	-253.07 20
99	354	329	157	109	205	160	-4.98	-58.30	-4.70	13723.68	-767.45	8413.99	-94.80	48.56	-235.32 20
99	353	329	158	109	205	161	-4.90	-58.39	-4.65	13724.70	-755.28	8403.49	-86.01	43.98	-223.45 20
99	353	328	157	109	205	160	-4.81	-58.39	-4.60	13723.26	-744.71	8389.12	-85.31	52.13	-213.58 20
100	354	329	158	108	205	160	-4.70	-58.41	-4.53	13720.10	-726.48	8389.26	-94.89	52.32	-207.80 20
99	354	330	158	108	204	160	-4.69	-58.47	-4.45	13732.30	-710.35	8374.00	-122.25	61.96	-200.81 20
99	354	329	158	108	205	161	-4.75	-58.47	-4.43	13739.88	-706.24	8370.10	-141.84	77.96	-186.22 20
99	354	329	157	108	205	161	-4.67	-58.40	-4.39	13745.69	-696.52	8383.59	-138.24	84.26	-169.86 20
100	354	330	157	108	206	161	-4.69	-58.36	-4.35	13757.00	-689.30	8384.01	-140.73	99.15	-149.46 20
98	355	330	158	108	204	160	-4.83	-58.26	-4.41	13759.35	-702.23	8396.21	-144.15	112.29	-134.39 20
99	354	330	158	108	205	161	-5.06	-58.15	-4.49	13760.18	-721.32	8412.00	-152.94	135.08	-122.12 20
99	354	329	157	108	205	160	-5.38	-58.08	-4.61	13764.77	-749.45	8410.60	-164.19	149.87	-122.77 20
99	354	329	158	108	205	161	-5.50	-57.98	-4.71	13757.54	-773.98	8421.07	-145.63	156.38	-133.88 20
99	354	330	158	108	204	161	-5.43	-57.94	-4.70	13754.66	-771.08	8426.22	-132.70	162.36	-151.38 20
100	354	330	158	109	205	161	-5.32	-57.92	-4.67	13747.52	-762.53	8432.10	-121.61	165.99	-165.96 20
99	354	330	157	108	204	161	-5.04	-57.88	-4.57	13741.35	-738.80	8437.50	-114.18	168.24	-172.47 20
99	354	329	158	108	205	161	-4.87	-57.87	-4.49	13733.88	-719.86	8443.02	-109.93	166.08	-173.14 20
99	354	329	158	108	206	161	-4.70	-57.92	-4.41	13734.79	-701.07	8444.27	-108.68	152.98	-179.44 20
99	355	329	158	108	205	161	-4.67	-57.93	-4.42	13735.25	-702.22	8437.66	-99.14	151.63	-176.31 20
99	355	330	158	110	205	161	-4.72	-57.97	-4.42	13731.28	-702.90	8437.78	-97.24	140.60	-175.65 20
100	355	330	158	109	205	161	-4.86	-58.00	-4.48	13736.32	-717.76	8444.89	-92.93	129.17	-176.77 20
99	355	330	158	109	206	161	-4.92	-58.02	-4.50	13739.50	-722.87	8440.04	-89.18	126.16	-189.43 20
99	355	329	157	109	205	162	-4.95	-58.03	-4.52	13744.13	-726.33	8443.04	-91.57	119.65	-208.21 20
99	355	330	158	109	205	161	-4.77	-58.06	-4.45	13749.52	-712.21	8445.29	-70.99	116.47	-220.25 20
99	355	330	157	108	204	161	-4.42	-58.07	-4.32	13750.24	-681.00	8443.42	-49.69	116.44	-228.13 20
99	355	330	157	108	205	161	-4.18	-58.02	-4.18	13743.93	-648.95	8443.65	-47.96	125.82	-229.83 20
99	355	330	158	108	204	161	-4.05	-57.99	-4.12	13736.33	-631.90	8442.47	-52.21	135.73	-223.39 20
99	356	330	158	108	205	161	-4.00	-57.93	-4.09	13728.92	-625.11	8451.75	-50.10	138.59	-216.47 20
99	355	330	158	108	204	162	-3.96	-57.94	-4.07	13720.67	-618.45	8451.76	-48.29	133.91	-209.24 20
99	355	330	158	109	205	161	-3.86	-57.94	-4.02	13714.64	-608.13	8449.77	-40.58	132.92	-196.73 20
100	356	330	158	108	205	162	-3.83	-57.96	-4.01	13707.50	-604.32	8444.08	-32.85	130.37	-187.29 20
100	355	330	159	109	205	162	-3.83	-57.95	-3.98	13705.73	-596.31	8441.08	-43.26	127.25	-186.18 20
99	355	330	158	109	204	162	-3.80	-57.95	-3.93	13705.44	-586.49	8437.22	-55.60	132.04	-182.32 20
99	355	330	158	109	205	161	-3.78	-57.98	-3.90	13703.57	-579.17	8427.76	-60.52	134.54	-177.30 20
99	356	330	158	109	205	162	-3.68	-57.90	-3.85	13699.59	-567.21	8434.37	-49.09	144.66	-169.44 20
100	355	329	158	108	205	162	-3.45	-57.83	-3.74	13699.21	-540.45	8447.65	-45.09	150.28	-160.77 20
99	356	330	157	109	204	162	-3.40	-57.77	-3.70	13702.45	-531.63	8466.67	-49.18	147.87	-152.88 20
99	355	330	157	109	204	162	-3.37	-57.72	-3.69	13701.93	-530.04	8477.54	-47.92	148.42	-143.49 20
99	356	331	158	109	204	162	-3.35	-57.70	-3.67	13701.03	-524.14	8482.46	-45.53	142.90	-138.86 20
100	356	330	158	109	205	162	-3.42	-57.74	-3.70	13703.98	-531.94	8479.74	-41.60	140.61	-137.92 20
100	356	330	157	109	205	162	-3.46	-57.68	-3.74	13696.38	-541.14	8493.55	-25.72	136.88	-138.77 20
99	356	330	158	109	204	161	-3.37	-57.73	-3.73	13691.76	-538.48	8493.07	-6.78	128.53	-139.58 20
99	355	330	158	109	205	162	-3.22	-57.79	-3.66	13693.77	-521.96	8486.82	-3.64	124.71	-138.90 20
100	356	330	158	109	205	162	-3.11	-57.79	-3.60	13687.88	-507.86	8479.28	-3.76	129.02	-138.91 20
99	356	330	158	109	205	162	-2.87	-57.80	-3.52	13678.29	-488.47	8475.12	11.18	128.07	-133.41 20
99	356	330	158	109	204	162	-2.70	-57.81	-3.43	13678.77	-467.84	8479.16	7.02	130.92	-125.49 20
100	356	331	158	109	204	162	-2.71	-57.77	-3.40	13675.44	-460.85	8485.20	-0.23	132.82	-118.07 20
100	356	330	158	109	205	162	-2.68	-57.81	-3.38	13671.86	-454.61	8487.74	-1.62	117.63	-112.76 20
99	356	331	157	108	204	162	-2.76	-57.88	-3.38	13681.87	-456.48	8486.15	-4.14	103.00	-106.53 20
100	356	330	158	109	204	162	-2.74	-57.92	-3.40	13686.98	-460.85	8482.05	4.97	97.90	-99.95 20
100	356	330	158	109	204	163	-2.74	-57.98	-3.40	13688.03	-460.41	8477.34	8.62	91.70	-100.40 20
100	356	331	158	109	204	162	-2.67	-58.00	-3.35	13684.03	-448.99	8473.68	2.24	86.22	-104.78 20
100	356	330	158	108	205	162	-2.66	-58.04	-3.34	13691.43	-446.54	8472.99	-3.62	83.66	-104.24 20
100	356	330	158	109	205	162	-2.53	-58.07	-3.28	13698.85	-433.61	8462.14	2.81	91.82	-102.88 20
100	356	330	157	109	204	162	-2.34	-57.99	-3.19	13687.51	-411.53	8468.84	7.07	96.88	-95.19 20
100	356	330	158	109	204	162	-2.25	-57.96	-3.12	13678.93	-394.96	8470.79	-2.84	98.34	-85.58 20
100	357	330	158	109	204	162	-2.40	-57.95	-3.15	13682.19	-402.61	8474.25	-18.30	99.22	-74.80 20
100	356	331	159	110	204	163	-2.41	-57.88	-3.19	13674.68	-411.88	8482.94	-6.78	100.46	-63.46 20
100	356	330	158	110	204	162	-2.30	-57.88	-3.14	13676.74	-399.68	8486.79	2.36	102.09	-53.14 20
100	357	331	157	109	204	162	-2.37	-57.88	-3.15	13685.31	-401.30	8485.45	-8.76	104.53	-43.08 20
99	356	331	158	109	204	162	-2.41	-57.89	-3.15	13686.04	-402.84	8479.58	3.68	105.51	-33.83 20
100	356	331	157	109	205	162	-2.43	-57.88	-3.14	13682.74	-400.49	8481.80	10.09	107.18	-24.08 20
100	356	331	157	109	205	161	-2.49	-57.89	-3.19	13683.60	-411.27	8479.71	17.14	100.77	-18.68 20
100	356	331	158	109	205	162	-2.46	-57.91	-3.18	13683.22	-408.91	8478.53	26.18	94.73	-15.85 20
100	357	330	158	109	204	163	-2.35	-57.92	-3.14	13684.66	-399.06	8472.60	30.32	90.65	-10.40 20
100	356	331	158	109	204	162	-2.32	-57.95	-3.08	13685.63	-386.51	8470.97	13.06	88.36	-9.13 20
99	356	330	157	109	204	162	-2.42	-57.90	-3.12	13682.15	-395.98	8474.22	13.55	95.45	-5.83 20
99	356	331	158	109	204	162	-2.39	-57.88	-3.11	13682.44	-392.18	8485.31	22.03	88.12	-1.24 20
99	356	331	158	109	205	162	-2.42	-57.85	-3.13	13686.32	-396.17	8496.84	26.98	88.97	3.63 20
100	356	331	158	109	205	162	-2.36	-57.82	-3.11	13679.60	-392.36	8506.20	37.98	82.42	3.95 20
100	357	331	158	109	204	162	-2.32	-57.85	-3.08	13683.02	-385.55	8510.49	39.13	64.65	0.90 20
100	357	331	158	109	204	161	-2.46	-57.94	-3.11	13683.67	-393.47	8500.17	25.62	52.87	-6.55 20
100	356	330	158	109	204	162	-2.47	-57.96	-3.14	13678.68	-399.40	8501.96	33.44	46.02	-11.22 20
100	356	331	158	109	205	162	-2.44	-58.01	-3.10	13680.75	-390.63	8501.66	29.52	38.57	-13.21 20
100	357	331	158	110	205	162	-2.61	-58.03	-3.17	13680.71	-406.49	8500.38	23.69	27.94	-15.00 20
100	357	331	158	109	204	162	-2.69	-58.07	-3.23	13688.68	-421.77	8498.76	35.11	20.60	-26.15 20
99	357	331	158	109	204	162	-2.62	-58.08	-3.19	13689.84	-411.68	8490.62	36.85	20.27	-35.04 20
101	356	331	158	108	204	162	-2.59	-58.10	-3.17	13693.35	-407.30	8488.49	34.76	20.90	-40.69 20
100	357	331	158	110	204	163	-2.55	-58.11	-3.16	13693.48	-405.93	8484.87	46.27	22.91	-43.25 20
100	357	331	158	109	205	162	-2.46	-58.18	-3.13	13703.21	-397.84	8485.42	60.61	7.86	-44.74 20
100	357	331	158	109	204	162	-2.45	-58.22	-3.10	13709.05	-391.54	8481.15	55.73	0.22	-48.65 20
99	357	331	158	110	205	162	-2.43	-58.28	-3.09	13716.60	-389.97	8473.29	62.34	2.06	-51.32 20
99	358	331	158	109	204	161	-2.28	-58.28	-3.02	13716.17	-373.87	8467.63	72.27	4.56	-50.51 20
100	357	331	158	109	204	162	-2.27	-58.29	-3.01	13713.96	-371.18	8460.65	69.91	8.03	-51.78 20
100	357	331	158	108	205	162	-2.34	-58.36	-3.05	13711.06	-380.02	8453.01	73.12	4.48	-53.24 20
99	358	331	158	108	205	162	-2.35	-58.37	-3.08	13708.51	-387.02	8452.16	83.41	4.90	-52.98 20
100	357	331	158	110	205	163	-2.28	-58.37	-3.06	13713.28	-382.46	8446.36	99.14	6.81	-53.63 20
100	357	331	158	109	204	162	-2.18	-58.40	-3.02	13719.22	-373.94	8439.04	107.33	3.62	-54.20 20
100	358	330	158	110	204	163	-2.01	-58.43	-2.96	13732.66	-359.84	8438.29	111.12	0.59	-54.79 20
101	357	330	158	109	205	163	-1.96	-58.49	-2.93	13742.02	-353.85	8434.77	112.96	-4.69	-54.10 20
100	357	331	158	110	205	162	-1.88	-58.56	-2.92	13750.52	-351.56	8423.63	125.11	-12.16	-59.14 20
101	357	331	158	109	205	163	-1.68	-58.64	-2.86	13762.59	-337.58	8415.85	148.71	-17.30	-64.49 20
100	357	331	158	110	204	162	-1.43	-58.71	-2.72	13775.26	-306.70	8408.26	142.72	-10.54	-68.11 20
101	358	331	158	108	204	161	-1.49	-58.70	-2.73	13776.10	-308.37	8404.64	130.93	-4.81	-67.31 20
101	357	331	158	110	205	162	-1.36	-58.75	-2.66	13784.09	-292.15	8397.61	130.24	-7.32	-72.84 20
100	357	332	158	109	205	162	-1.31	-58.77	-2.60	13793.49	-279.14	8384.93	121.63	1.10	-72.95 20
100	358	331	158	109	204	163	-1.30	-58.74	-2.61	13788.81	-281.18	8383.49	135.64	6.64	-73.85 20
100	357	331	158	108	204	162	-1.00	-58.71	-2.55	13784.17	-265.73	8370.71	186.31	26.66	-64.56 20
100	358	331	158	109	203	162	-0.64	-58.69	-2.45	13787.37	-243.04	8367.58	246.95	39.83	-47.23 20
100	357	331	158	110	204	162	-0.25	-58.63	-2.37	13789.20	-223.09	8367.00	312.70	56.39	-21.17 20
101	358	331	159	109	204	162	-0.01	-58.60	-2.27	13796.14	-200.33	8369.05	332.26	60.92	-6.41 20
100	357	331	158	109	204	162	-0.25	-58.62	-2.31	13798.33	-210.72	8374.39	306.55	51.92	0.91 20
100	358	332	158	110	203	163	-0.53	-58.68	-2.43	13803.81	-239.18	8378.07	305.82	38.52	4.61 20
100	357	332	159	110	204	163	-0.66	-58.74	-2.46	13818.62	-247.02	8385.37	295.58	22.95	-7.47 20
101	358	331	158	110	204	162	-0.92	-58.84	-2.53	13838.29	-263.27	8383.50	267.35	1.85	-34.54 20
100	358	331	158	109	205	162	-1.09	-58.94	-2.58	13837.98	-274.31	8369.93	251.69	-18.34	-68.92 20
99	358	331	158	109	204	163	-0.97	-59.06	-2.52	13843.88	-261.99	8358.63	250.75	-32.12	-104.32 20
101	358	332	158	110	203	163	-0.80	-59.15	-2.43	13850.28	-240.29	8340.10	246.56	-41.02	-134.65 20
100	357	331	158	109	205	162	-0.47	-59.22	-2.28	13858.77	-204.68	8325.29	234.79	-43.87	-159.87 20
100	358	331	158	109	204	162	-0.18	-59.25	-2.11	13869.63	-165.04	8316.63	213.10	-37.67	-173.23 20
101	358	331	158	110	204	162	-0.10	-59.26	-2.03	13877.75	-148.19	8312.00	202.09	-30.54	-177.02 20
100	358	331	158	109	204	161	-0.02	-59.32	-2.00	13867.86	-139.58	8305.40	204.79	-37.66	-179.47 20
100	358	331	158	110	205	162	0.10	-59.38	-1.94	13865.67	-126.20	8290.73	211.25	-38.58	-184.64 20
100	358	331	159	109	205	162	0.09	-59.42	-1.93	13862.78	-122.89	8279.19	206.44	-41.80	-194.31 20
100	358	331	158	110	205	162	0.19	-59.39	-1.86	13853.84	-105.15	8272.23	195.46	-34.41	-208.90 20
101	357	332	158	109	204	162	0.37	-59.34	-1.72	13837.75	-73.09	8267.42	170.49	-30.39	-221.65 20
100	358	331	158	110	204	162	0.53	-59.34	-1.59	13842.66	-42.24	8267.45	143.32	-29.07	-220.32 20
101	358	332	158	110	205	162	0.62	-59.29	-1.54	13839.13	-29.72	8268.28	142.50	-20.52	-204.75 20
101	358	331	158	108	205	162	0.80	-59.29	-1.47	13833.57	-14.64	8267.46	159.43	-22.44	-194.51 20
100	358	331	159	110	205	163	1.03	-59.32	-1.35	13831.09	15.49	8261.29	149.70	-19.22	-181.84 20
100	358	331	158	110	204	162	1.05	-59.29	-1.32	13824.14	23.12	8257.62	135.32	-9.21	-165.95 20
101	358	331	158	109	204	162	1.05	-59.30	-1.30	13823.73	28.96	8248.94	129.75	-5.45	-150.10 20
101	359	331	158	109	204	162	1.08	-59.30	-1.27	13835.95	33.92	8247.09	128.77	5.77	-132.19 20
100	358	332	158	108	205	162	1.06	-59.28	-1.27	13844.35	33.42	8248.14	136.63	15.34	-115.53 20
101	358	331	158	110	204	162	1.19	-59.25	-1.23	13846.13	44.35	8252.53	145.95	17.77	-105.56 20
101	358	331	158	110	204	162	1.24	-59.27	-1.17	13851.42	56.13	8251.70	144.20	18.88	-95.93 20
101	358	331	158	109	204	162	1.18	-59.23	-1.17	13848.45	56.72	8248.92	140.14	24.24	-86.78 20
101	358	331	158	109	204	163	1.16	-59.23	-1.16	13852.03	59.29	8245.07	148.53	34.02	-79.49 20
101	358	331	158	110	205	162	1.28	-59.19	-1.12	13853.63	70.72	8244.22	154.30	46.87	-72.57 20
101	358	331	158	109	205	162	1.27	-59.13	-1.14	13850.75	65.39	8250.61	175.89	53.58	-59.69 20
100	358	331	159	110	204	163	1.45	-59.09	-1.08	13848.61	79.32	8258.08	207.60	51.80	-48.71 20
100	358	331	158	110	204	162	1.47	-59.16	-1.03	13857.38	91.35	8257.17	193.62	40.91	-48.62 20
101	358	332	158	109	204	162	1.48	-59.23	-0.97	13861.31	103.58	8251.71	163.68	23.72	-58.29 20
100	358	331	158	110	204	162	1.37	-59.36	-0.98	13875.04	101.81	8236.73	144.65	13.88	-61.93 20
100	358	331	158	110	204	162	1.45	-59.36	-0.98	13868.09	102.92	8228.49	166.07	10.99	-60.98 20
100	358	330	158	109	204	161	1.57	-59.47	-0.91	13862.49	118.57	8222.27	164.56	-13.46	-64.63 20
100	358	331	158	109	204	161	1.59	-59.56	-0.88	13870.56	125.44	8209.75	157.29	-22.49	-69.70 20
101	358	331	158	110	204	161	1.79	-59.61	-0.82	13871.23	140.77	8197.47	175.57	-23.52	-70.16 20
100	358	331	158	110	203	160	2.26	-59.59	-0.65	13872.67	180.93	8182.99	203.79	-5.79	-58.26 20
101	358	331	158	109	205	161	2.74	-59.56	-0.45	13873.84	226.48	8173.84	213.25	2.30	-44.34 20
100	358	331	158	109	205	161	2.98	-59.62	-0.33	13887.15	255.36	8167.15	210.19	0.78	-28.43 20
100	358	331	158	110	205	161	2.91	-59.62	-0.33	13892.79	255.79	8160.39	216.73	5.00	-8.15 20
100	358	331	157	110	205	161	2.98	-59.60	-0.33	13890.55	255.20	8157.57	262.09	8.05	11.85 20
101	359	331	158	110	204	161	3.40	-59.60	-0.21	13897.82	284.84	8149.49	302.79	10.69	25.81 20
100	358	331	158	109	204	162	3.52	-59.67	-0.08	13886.93	314.40	8144.42	266.55	-12.19	26.42 20
100	359	332	158	110	204	161	3.30	-59.85	-0.16	13864.58	296.08	8168.80	269.32	-113.83	-11.00 20
101	358	332	159	110	206	162	3.57	-60.25	-0.10	13908.55	310.28	8159.56	315.16	-192.79	-32.15 20
101	359	332	158	110	205	162	3.66	-60.40	-0.03	13935.33	328.96	8123.58	300.10	-182.45	-32.59 20
101	359	333	159	109	205	162	3.33	-60.38	-0.03	13942.36	326.11	8110.20	236.74	-161.58	-40.71 20
101	359	332	159	109	206	162	3.08	-60.52	-0.05	13947.24	322.41	8092.29	196.01	-178.75	-60.83 20
101	360	333	159	109	206	162	3.29	-60.66	0.02	13967.08	339.89	8071.68	208.76	-184.26	-58.04 20
102	360	332	158	110	205	162	3.53	-60.71	0.10	13980.93	358.89	8052.89	234.77	-167.85	-28.73 20
101	359	333	159	110	206	162	3.72	-60.69	0.13	13984.28	365.75	8033.45	268.33	-143.11	3.55 20
101	359	332	159	110	206	162	4.06	-60.68	0.25	13989.27	393.06	8019.98	285.76	-123.30	19.22 20
101	360	332	160	109	205	162	3.98	-60.66	0.28	14003.60	401.61	8007.98	241.73	-105.54	29.21 20
101	359	333	159	110	206	163	3.61	-60.67	0.21	14008.62	385.33	8005.38	201.79	-86.01	34.40 20
101	360	333	159	109	207	163	3.31	-60.60	0.10	14021.19	358.26	8006.71	199.10	-62.76	45.78 20
101	360	332	158	110	206	163	3.25	-60.55	0.08	14031.73	353.55	8012.77	204.79	-54.77	49.74 20
101	360	333	159	110	206	163	3.20	-60.57	0.04	14043.94	344.27	8018.13	203.66	-55.98	50.71 20
101	360	332	160	110	206	163	3.19	-60.57	0.04	14049.75	343.66	8020.43	215.57	-50.13	48.62 20
102	360	333	159	109	206	162	3.31	-60.54	0.07	14048.46	351.27	8016.01	230.49	-47.78	42.39 20
101	360	333	158	110	206	163	3.47	-60.61	0.14	14049.83	367.71	8006.61	231.17	-60.34	22.42 20
101	360	333	159	110	206	162	3.51	-60.69	0.21	14046.74	384.33	7991.88	195.51	-68.87	-4.40 20
101	360	332	158	109	206	163	3.50	-60.78	0.20	14051.21	381.91	7974.28	183.29	-76.28	-22.93 20
101	360	332	159	110	205	163	3.70	-60.82	0.28	14054.25	400.01	7948.97	181.27	-64.11	-36.23 20
101	360	332	159	110	205	163	3.82	-60.82	0.34	14052.33	415.01	7926.72	172.01	-43.31	-38.67 20
102	360	333	159	109	206	163	3.89	-60.76	0.41	14046.91	432.46	7912.58	150.76	-15.34	-36.24 20
101	360	333	159	110	207	163	3.83	-60.61	0.46	14042.77	444.24	7914.95	112.72	18.52	-36.43 20
101	359	332	158	110	206	163	3.71	-60.46	0.46	14034.03	445.03	7924.21	81.83	42.55	-39.76 20
101	360	332	159	109	204	163	3.64	-60.33	0.47	14025.53	447.38	7940.20	63.64	53.87	-34.07 20
101	360	332	159	108	206	164	3.48	-60.22	0.43	14024.85	437.01	7951.99	53.56	65.78	-25.96 20
101	360	333	159	109	205	164	3.28	-60.12	0.39	14025.41	428.56	7964.99	35.48	75.19	-25.47 20
101	360	332	159	109	206	163	3.15	-60.03	0.36	14022.94	420.53	7980.54	16.76	79.08	-28.49 20
101	360	332	159	111	206	163	3.02	-60.05	0.35	14022.99	418.10	7988.71	-12.53	68.68	-39.32 20
101	360	332	159	110	207	163	2.84	-60.14	0.29	14025.04	404.20	7975.67	-22.60	62.99	-50.65 20
102	360	333	158	109	206	164	2.90	-60.21	0.28	14027.39	401.19	7969.09	-20.27	57.99	-62.32 20
101	360	333	159	110	205	163	3.00	-60.31	0.33	14032.02	412.73	7953.84	-25.91	50.79	-73.45 20
101	360	332	159	110	205	163	3.01	-60.34	0.36	14033.22	421.49	7943.35	-46.21	55.00	-85.68 20
101	360	333	158	110	206	163	3.04	-60.32	0.36	14029.16	421.02	7936.58	-54.80	61.55	-92.20 20
102	360	333	158	110	206	163	3.15	-60.30	0.41	14032.90	433.77	7939.75	-57.26	65.22	-92.84 20
102	360	332	158	110	208	163	3.28	-60.24	0.45	14029.05	441.68	7949.56	-55.25	64.96	-90.65 20
101	360	333	158	110	206	164	3.41	-60.22	0.51	14025.80	456.59	7960.08	-53.64	52.87	-89.11 20
101	361	332	159	110	205	164	3.50	-60.24	0.60	14026.31	476.36	7963.28	-70.96	46.27	-87.66 20
101	361	332	159	109	205	163	3.44	-60.33	0.62	14029.39	482.35	7951.71	-96.96	31.56	-82.67 20
101	360	333	158	110	207	163	3.24	-60.40	0.64	14033.33	487.63	7934.53	-167.31	27.33	-83.24 20
102	360	333	159	110	206	164	2.67	-60.46	0.52	14036.46	457.65	7935.80	-231.19	12.71	-86.93 20
101	360	333	159	110	206	163	2.39	-60.59	0.36	14045.84	419.56	7924.41	-209.79	-2.87	-86.73 20
101	361	333	159	109	206	164	2.65	-60.64	0.39	14052.94	428.39	7915.39	-162.75	-5.83	-82.15 20
102	360	332	159	109	206	163	2.84	-60.67	0.47	14061.70	447.77	7908.62	-161.21	-8.44	-82.44 20
101	361	333	159	110	206	164	2.79	-60.70	0.42	14064.01	435.78	7901.59	-158.35	-7.01	-81.62 20
102	361	333	160	110	206	163	2.81	-60.68	0.37	14061.41	424.79	7902.31	-126.88	-4.36	-82.39 20
101	361	333	159	110	206	163	2.86	-60.67	0.35	14070.74	417.95	7905.80	-87.09	-8.70	-80.42 20
102	362	333	159	110	206	163	2.83	-60.68	0.31	14077.00	408.45	7906.51	-56.08	-12.11	-83.15 20
101	360	333	158	109	205	164	2.85	-60.73	0.29	14083.55	403.63	7901.78	-36.93	-15.41	-95.34 20
101	361	333	159	110	205	163	2.89	-60.76	0.29	14082.78	404.85	7894.49	-33.38	-19.59	-114.22 20
102	361	333	159	110	206	164	3.04	-60.85	0.37	14094.04	424.01	7881.77	-27.61	-22.01	-128.31 20
101	361	333	159	110	206	164	3.28	-60.87	0.44	14100.34	439.21	7867.68	-27.48	-11.46	-133.34 20
102	360	333	159	108	206	163	3.54	-60.87	0.53	14099.32	460.45	7859.49	-18.61	-1.88	-135.73 20
100	361	333	159	110	206	164	3.81	-60.82	0.64	14091.95	488.22	7856.52	-19.88	9.21	-128.99 20
102	361	332	159	110	205	163	3.79	-60.71	0.70	14090.16	501.61	7862.89	-39.78	21.65	-120.19 20
101	360	332	158	110	205	163	3.63	-60.67	0.65	14089.45	489.13	7868.35	-43.64	28.02	-106.48 20
102	360	333	159	110	206	164	3.51	-60.66	0.60	14092.37	477.88	7875.93	-33.21	29.47	-97.66 20
102	360	333	159	110	206	164	3.49	-60.66	0.58	14093.16	474.98	7878.73	-17.30	22.34	-86.93 20
101	361	333	158	110	205	164	3.49	-60.76	0.56	14100.90	468.83	7864.60	-4.29	15.38	-78.88 20
101	360	333	159	110	206	163	3.50	-60.79	0.57	14098.25	472.59	7858.97	-11.57	17.21	-84.78 20
102	361	333	159	111	205	164	3.60	-60.75	0.61	14097.74	479.56	7865.82	-3.99	15.90	-83.00 20
102	361	333	159	110	205	164	3.72	-60.71	0.67	14099.05	495.78	7872.73	-5.89	12.60	-79.05 20
101	360	332	158	110	206	164	3.69	-60.79	0.65	14104.10	490.99	7867.29	-11.25	1.57	-78.29 20
102	361	333	158	109	206	163	3.70	-60.82	0.65	14109.90	489.24	7860.93	-8.49	1.19	-81.93 20
102	361	332	158	109	206	163	3.83	-60.87	0.71	14112.60	505.18	7853.48	-12.21	-3.02	-87.63 20
102	360	332	159	110	205	163	4.00	-60.96	0.79	14123.37	525.52	7838.21	-24.60	-5.67	-89.65 20
102	361	332	159	110	204	163	4.08	-61.05	0.83	14129.60	533.05	7823.10	-22.02	-6.78	-84.67 20
102	361	333	159	110	206	164	4.18	-61.08	0.83	14135.52	533.99	7806.14	-1.92	5.26	-71.03 20
102	361	332	159	110	206	164	4.16	-61.11	0.83	14136.15	533.09	7800.03	0.88	5.69	-68.13 20
101	361	332	159	110	206	164	4.03	-61.17	0.76	14144.34	517.24	7796.43	4.08	3.86	-71.13 20
101	361	332	158	110	207	164	4.07	-61.07	0.75	14135.12	515.98	7804.41	27.03	14.32	-70.92 20
102	361	332	158	110	205	163	4.33	-61.04	0.85	14138.17	539.18	7804.59	37.38	22.15	-70.77 20
101	361	332	159	109	205	164	4.40	-61.03	0.88	14149.26	547.22	7805.96	33.26	26.09	-65.14 20
101	361	333	159	109	205	163	4.40	-61.03	0.87	14151.79	543.46	7806.26	50.89	36.79	-56.23 20
101	361	332	159	110	206	164	4.50	-61.02	0.87	14158.80	545.29	7801.35	73.80	50.15	-47.42 20
102	361	333	158	110	207	164	4.57	-61.04	0.90	14170.86	551.62	7792.88	88.71	64.84	-39.60 20
102	360	333	159	109	206	163	4.85	-61.00	1.03	14182.72	582.84	7782.84	95.97	87.25	-33.27 20
101	361	332	158	110	205	163	4.92	-60.92	1.07	14185.18	592.50	7776.10	93.68	120.79	-7.40 20
101	361	332	159	110	205	164	4.96	-60.79	1.06	14179.72	590.67	7771.89	118.99	162.05	23.12 20
101	361	332	158	110	205	164	5.01	-60.66	1.07	14163.14	591.34	7774.90	138.44	193.00	38.46 20
101	361	333	158	110	206	164	4.93	-60.57	1.04	14156.78	585.77	7781.15	142.17	211.15	44.59 20
101	361	332	159	110	205	165	4.88	-60.45	1.01	14141.94	578.68	7790.69	152.36	229.24	48.16 20
101	361	332	159	110	205	164	5.00	-60.31	1.03	14129.84	582.15	7805.16	175.19	246.63	50.25 20
101	361	332	159	109	204	164	5.18	-60.24	1.11	14129.75	600.24	7820.50	179.48	253.20	52.69 20
101	361	332	159	110	204	164	5.11	-60.23	1.09	14142.46	596.03	7828.28	180.66	251.59	57.40 20
101	361	332	158	109	205	165	5.06	-60.21	1.06	14153.94	589.03	7836.86	196.93	258.26	62.98 20
102	361	332	158	110	204	164	5.21	-60.12	1.10	14153.44	599.18	7841.82	214.98	274.49	65.63 20
101	361	332	158	110	205	164	5.27	-60.06	1.12	14161.57	605.22	7851.73	213.73	289.42	70.25 20
101	361	332	158	110	205	164	5.19	-59.99	1.06	14175.89	590.16	7859.34	229.29	315.10	74.09 20
101	361	333	158	110	203	164	5.10	-59.83	1.00	14180.90	577.25	7872.17	264.88	354.39	85.14 20
101	361	332	158	109	204	164	5.03	-59.56	0.89	14174.65	550.19	7903.96	333.19	397.57	96.18 20
101	361	332	158	110	203	165	5.17	-59.27	0.93	14149.72	558.28	7939.17	374.28	420.39	71.97 20
101	361	332	158	110	204	165	5.24	-59.08	0.99	14123.03	572.96	7977.21	367.61	416.17	33.02 20
101	361	332	159	110	204	165	5.20	-59.06	0.97	14111.28	566.92	7991.75	381.03	397.32	2.42 20
101	361	332	159	110	204	164	5.31	-59.07	0.98	14104.72	568.57	7991.56	408.88	394.40	-24.60 20
101	361	333	158	109	203	166	5.49	-59.02	1.04	14085.68	583.74	7996.58	424.69	396.13	-49.77 20
101	361	333	159	110	204	165	5.66	-59.01	1.14	14057.20	607.95	8004.75	423.75	383.02	-88.18 20
101	361	332	159	110	203	165	5.84	-59.01	1.25	14043.54	633.16	8011.72	412.26	368.07	-121.62 20
101	361	332	159	110	204	165	6.06	-59.02	1.38	14029.36	664.10	8004.93	401.70	348.72	-150.24 20
102	361	332	158	110	203	165	6.34	-59.03	1.52	14020.29	696.49	7999.88	389.92	340.18	-164.33 20
101	361	332	159	109	203	165	6.59	-59.06	1.65	14022.88	729.47	8001.69	377.17	327.97	-173.16 20
101	361	332	158	110	203	165	6.89	-59.04	1.82	14013.13	768.80	8009.00	369.81	315.13	-178.41 20
100	362	332	158	110	204	166	7.10	-59.00	1.96	14000.88	801.56	8021.35	352.02	303.12	-183.63 20
100	361	332	158	110	204	166	7.14	-59.00	2.04	13992.03	821.08	8032.69	324.62	287.41	-192.90 20
101	362	332	159	111	205	165	7.20	-58.95	2.09	13981.83	831.02	8046.45	328.94	282.54	-192.91 20
101	362	332	159	111	204	165	7.43	-58.83	2.18	13964.14	852.67	8061.93	350.69	287.77	-189.96 20
100	361	332	158	110	203	166	7.59	-58.72	2.33	13941.73	888.64	8077.43	336.16	281.23	-189.01 20
100	362	333	158	110	204	166	7.49	-58.77	2.34	13923.05	890.21	8085.76	313.70	255.22	-200.61 20
100	362	333	158	110	204	166	7.76	-58.85	2.50	13917.49	927.70	8074.07	320.01	239.25	-204.28 20
100	361	333	158	110	204	165	7.95	-58.97	2.66	13907.62	963.11	8062.17	287.76	219.29	-204.87 20
101	361	332	158	109	203	166	8.01	-59.06	2.71	13901.84	976.16	8048.06	267.03	196.33	-200.63 20
100	362	332	158	110	204	165	8.38	-59.10	2.87	13899.75	1014.15	8044.06	262.57	188.66	-191.69 20
101	361	332	158	110	203	166	8.41	-59.11	2.95	13890.76	1032.84	8047.65	228.85	182.23	-184.16 20
100	362	333	158	110	204	166	8.29	-59.09	2.94	13889.22	1030.40	8056.87	216.90	177.32	-169.85 20
100	363	333	159	110	204	166	8.37	-59.17	3.00	13894.36	1045.68	8057.63	206.76	159.20	-160.36 20
100	362	332	159	109	203	166	8.42	-59.18	3.07	13894.84	1061.20	8058.15	189.42	154.49	-147.24 20
101	362	333	158	110	203	166	8.35	-59.11	3.11	13883.50	1069.34	8069.44	163.50	154.67	-137.23 20
101	362	332	158	110	203	166	8.35	-59.09	3.15	13886.73	1079.47	8083.17	151.32	148.18	-127.47 20
101	362	332	158	110	204	167	8.45	-59.05	3.22	13882.39	1096.50	8087.81	151.06	150.67	-111.89 20
101	362	333	159	110	204	167	8.48	-59.02	3.26	13884.87	1105.27	8091.42	141.86	156.29	-93.65 20
99	362	333	158	110	203	167	8.39	-59.06	3.24	13889.23	1101.81	8086.05	131.41	159.03	-70.02 20
100	362	332	158	110	203	167	8.26	-59.03	3.21	13895.16	1094.32	8089.14	139.04	166.77	-46.92 20
101	363	333	158	110	204	167	8.44	-58.95	3.27	13881.61	1109.20	8099.89	152.69	169.24	-34.17 20
100	363	332	159	110	204	167	8.53	-58.91	3.33	13873.93	1122.74	8111.89	149.41	162.22	-27.26 20
100	363	332	158	110	205	167	8.63	-58.94	3.38	13868.83	1133.60	8110.70	144.89	149.81	-22.40 20
100	363	333	159	110	203	167	8.69	-59.02	3.43	13867.79	1146.72	8098.56	132.84	138.07	-16.73 20
100	363	332	158	110	203	167	8.63	-59.08	3.46	13871.60	1151.59	8089.83	116.45	135.82	-9.49 20
100	364	333	158	110	203	166	8.50	-59.09	3.43	13870.62	1145.81	8091.14	101.48	134.38	-1.42 20
101	363	333	158	110	204	167	8.42	-59.10	3.42	13875.69	1144.32	8104.39	102.45	121.81	1.70 20
100	363	333	158	110	204	167	8.52	-59.16	3.47	13890.70	1155.10	8105.17	103.13	113.37	7.97 20
100	363	332	158	110	204	167	8.51	-59.23	3.48	13899.37	1158.15	8103.71	102.22	103.75	12.67 20
100	363	333	158	110	203	167	8.51	-59.27	3.47	13906.00	1157.04	8099.92	105.96	101.36	18.09 20
100	363	333	159	110	204	167	8.40	-59.24	3.43	13909.10	1148.59	8105.93	111.36	98.94	25.28 20
100	364	334	159	110	204	167	8.42	-59.30	3.42	13900.84	1144.76	8102.63	115.35	90.35	26.87 20
100	363	333	158	110	203	167	8.45	-59.39	3.42	13904.80	1145.32	8094.90	114.38	79.58	21.92 20
100	364	333	158	110	205	168	8.52	-59.42	3.47	13907.96	1156.65	8087.55	100.21	77.85	18.58 20
100	363	333	158	110	204	167	8.46	-59.45	3.47	13907.56	1157.62	8072.37	87.80	76.51	16.00 20
100	363	333	158	110	204	167	8.42	-59.49	3.46	13914.79	1155.74	8075.56	71.21	76.98	12.60 20
100	364	333	159	110	204	167	8.36	-59.43	3.47	13911.45	1158.55	8080.98	53.60	84.53	12.57 20
100	364	333	159	111	204	167	8.31	-59.40	3.48	13901.87	1158.63	8084.33	40.52	81.36	12.64 20
100	364	333	158	110	204	167	8.19	-59.42	3.45	13898.98	1151.49	8080.71	26.54	79.29	14.01 20
100	364	334	158	110	204	167	8.17	-59.42	3.44	13899.63	1149.32	8074.08	20.52	78.87	14.11 20
100	363	332	158	110	204	167	8.30	-59.42	3.49	13902.05	1162.85	8079.37	21.49	75.48	13.30 20
99	363	333	158	111	203	166	8.43	-59.45	3.56	13906.95	1179.11	8073.40	15.47	66.76	11.84 20
99	364	333	158	110	203	167	8.44	-59.52	3.58	13910.20	1184.96	8064.93	4.69	58.07	8.00 20
100	364	333	158	110	204	167	8.33	-59.57	3.57	13916.49	1180.31	8059.69	-13.84	53.82	2.25 20
100	364	333	159	110	204	167	8.06	-59.52	3.48	13920.66	1161.69	8073.30	-33.60	54.82	-2.42 20
100	364	333	159	110	205	167	7.86	-59.46	3.42	13917.23	1145.01	8086.64	-36.12	57.88	-9.15 20
100	364	333	159	110	205	167	7.87	-59.41	3.41	13907.57	1144.76	8092.51	-23.51	56.04	-15.34 20
100	364	334	159	111	204	168	7.98	-59.44	3.46	13904.59	1155.12	8086.28	-16.99	50.89	-21.17 20
100	364	333	159	110	205	167	8.12	-59.47	3.52	13905.96	1168.16	8082.97	-18.19	46.54	-25.71 20
101	365	333	158	110	203	167	8.17	-59.48	3.54	13914.66	1175.76	8074.42	-21.98	49.67	-26.73 20
100	365	333	159	111	204	168	8.27	-59.51	3.57	13916.73	1181.77	8069.90	-27.68	53.63	-23.74 20
100	365	333	159	111	204	167	8.19	-59.56	3.54	13922.29	1175.08	8063.00	-35.55	52.25	-23.55 20
100	366	333	159	110	205	168	8.09	-59.53	3.50	13916.58	1164.13	8060.65	-38.07	61.94	-16.23 20
100	364	333	158	110	204	168	8.03	-59.57	3.44	13915.95	1150.32	8062.82	-35.37	59.49	-15.91 20
100	364	334	159	110	203	168	8.10	-59.59	3.47	13925.15	1158.00	8061.28	-39.10	59.37	-13.82 20
100	364	333	159	111	204	169	8.16	-59.57	3.51	13922.29	1167.70	8066.41	-47.39	58.35	-15.58 20
99	365	334	159	110	204	168	8.22	-59.58	3.54	13920.78	1175.92	8068.89	-53.97	56.18	-18.80 20
100	364	334	159	111	205	168	8.11	-59.58	3.51	13922.14	1168.52	8069.45	-60.77	53.52	-17.36 20
100	365	333	159	111	204	168	8.03	-59.62	3.47	13929.43	1158.30	8071.58	-54.19	50.20	-15.99 20
100	364	334	159	110	204	168	7.99	-59.62	3.46	13933.16	1156.18	8075.60	-45.78	46.49	-14.09 20
100	364	333	159	110	204	167	8.10	-59.63	3.47	13934.90	1158.37	8064.42	-31.54	46.46	-11.69 20
99	365	334	159	110	204	168	8.06	-59.67	3.45	13930.56	1153.85	8052.20	-18.81	47.79	-12.00 20
99	364	333	158	110	204	167	8.01	-59.69	3.35	13926.43	1129.96	8040.99	33.43	54.90	-8.55 20
100	364	333	158	110	206	169	8.24	-59.64	3.41	13919.31	1142.46	8042.34	83.76	64.75	-5.72 20
100	365	334	158	111	204	168	8.39	-59.54	3.51	13914.54	1167.74	8052.22	58.77	71.77	-9.99 20
100	365	333	159	111	204	168	8.38	-59.56	3.53	13923.62	1172.35	8043.21	37.98	83.23	-11.34 20
100	365	334	158	110	204	168	8.46	-59.52	3.55	13921.84	1178.73	8043.85	39.13	94.92	-7.32 20
100	364	334	159	111	204	167	8.35	-59.50	3.53	13920.75	1173.80	8045.66	22.83	103.62	-2.96 20
100	365	334	159	111	205	168	8.13	-59.46	3.46	13922.31	1155.71	8053.37	14.93	110.59	-0.01 20
99	365	334	158	110	204	168	8.14	-59.40	3.45	13916.59	1153.92	8060.90	29.49	110.56	2.89 20
100	365	333	158	110	204	168	8.23	-59.39	3.47	13916.36	1157.03	8067.06	34.91	113.43	4.85 20
100	365	334	159	111	204	167	8.25	-59.36	3.51	13909.74	1167.18	8070.11	28.42	118.91	2.66 20
100	365	334	159	111	203	168	8.27	-59.28	3.51	13910.06	1166.82	8073.00	21.65	127.22	-0.78 20
100	365	333	158	110	204	167	8.17	-59.26	3.48	13907.55	1160.08	8070.15	9.86	134.35	-3.44 20
101	365	334	159	111	204	168	8.09	-59.19	3.43	13903.98	1148.47	8085.64	13.07	137.34	-7.52 20
100	365	333	158	110	204	167	8.09	-59.17	3.45	13905.58	1151.85	8091.56	12.42	132.42	-13.34 20
100	365	334	158	111	204	168	8.04	-59.15	3.43	13908.50	1147.06	8101.78	11.10	128.20	-13.32 20
100	365	334	159	111	203	168	8.16	-59.12	3.46	13901.27	1155.10	8107.29	25.29	124.49	-18.01 20
100	365	334	159	110	203	167	8.32	-59.14	3.53	13901.21	1172.55	8096.93	22.33	120.36	-24.26 20
100	365	334	159	111	204	168	8.22	-59.13	3.52	13896.75	1168.52	8097.28	12.86	123.90	-27.64 20
99	365	334	159	111	204	168	8.21	-59.15	3.51	13898.51	1166.49	8099.42	14.77	118.55	-32.16 20
100	365	333	158	111	203	168	8.27	-59.20	3.52	13905.38	1168.77	8096.05	18.83	117.97	-36.50 20
101	365	334	159	111	203	168	8.33	-59.17	3.53	13899.31	1172.13	8099.24	26.34	119.13	-38.23 20
100	365	334	159	111	203	167	8.41	-59.20	3.58	13897.95	1183.32	8101.68	22.57	118.42	-38.57 20
101	365	334	159	111	203	167	8.33	-59.21	3.55	13893.05	1174.36	8110.40	11.34	112.70	-35.79 20
101	365	334	159	109	204	168	8.32	-59.29	3.52	13891.60	1167.24	8095.48	23.33	105.46	-33.60 20
101	366	334	158	111	204	168	8.52	-59.33	3.59	13896.82	1185.88	8087.30	28.26	102.79	-28.72 20
100	365	334	158	111	203	168	8.60	-59.30	3.64	13900.98	1196.98	8079.94	22.95	107.45	-27.33 20
101	365	334	158	110	203	168	8.60	-59.26	3.65	13904.13	1199.74	8084.34	21.05	115.53	-25.47 20
101	365	333	159	110	204	168	8.63	-59.24	3.65	13909.72	1199.95	8079.92	15.65	121.80	-26.44 20
101	365	334	159	111	204	168	8.72	-59.19	3.68	13909.44	1207.95	8085.73	22.36	126.21	-28.82 20
100	366	333	158	110	204	168	8.96	-59.15	3.79	13901.36	1233.55	8090.04	26.35	123.00	-31.88 20
101	366	334	159	110	203	168	9.03	-59.18	3.81	13889.10	1236.08	8081.14	27.28	111.50	-36.59 20
101	365	334	159	110	204	168	9.10	-59.25	3.82	13886.84	1239.87	8081.28	44.31	96.73	-44.56 20
101	365	333	158	111	203	168	9.29	-59.29	3.86	13892.70	1248.88	8073.62	75.65	95.64	-41.23 20
101	365	333	159	111	204	168	9.54	-59.23	3.94	13894.46	1268.83	8056.14	81.42	119.66	-34.07 20
102	365	334	159	110	204	168	9.50	-59.22	3.95	13892.94	1271.99	8048.33	64.10	134.22	-34.66 20
101	365	334	159	111	204	168	9.49	-59.20	3.93	13901.29	1267.59	8048.31	72.74	143.16	-26.28 20
102	365	334	159	111	203	168	9.45	-59.18	3.93	13901.03	1267.01	8054.70	79.45	151.21	-10.97 20
102	365	333	159	111	204	168	9.31	-59.15	3.89	13908.98	1256.86	8057.16	73.03	166.44	2.83 20
102	365	334	159	110	203	168	9.07	-59.10	3.82	13918.33	1241.62	8067.50	56.63	180.52	6.24 20
102	365	334	159	111	203	168	9.04	-58.98	3.79	13918.81	1233.54	8086.33	64.10	197.35	13.23 20
101	366	334	159	110	204	168	9.26	-58.88	3.89	13917.47	1257.06	8105.61	79.19	201.08	18.92 20
101	365	333	159	110	204	167	9.49	-58.85	4.01	13917.00	1285.61	8114.53	78.78	193.28	21.37 20
102	365	334	160	111	202	168	9.48	-58.85	4.00	13914.95	1283.73	8110.61	83.24	195.11	27.70 20
102	367	333	159	110	203	168	9.56	-58.88	4.04	13914.00	1292.34	8095.48	81.53	206.36	30.17 20
101	366	333	159	111	202	168	9.53	-58.89	4.05	13908.70	1296.92	8092.30	57.06	207.39	29.61 20
101	366	334	159	111	204	168	9.41	-58.90	4.05	13900.86	1295.88	8084.49	29.90	208.67	29.03 20
102	366	334	159	111	203	168	9.40	-58.90	4.08	13890.02	1300.08	8077.26	16.96	211.44	29.73 20
102	366	334	159	111	203	167	9.44	-58.79	4.13	13884.92	1313.08	8082.60	-8.44	223.21	28.94 20
102	366	334	159	110	203	168	9.09	-58.65	4.05	13873.87	1291.03	8105.67	-37.92	232.90	27.74 20
102	367	335	159	111	204	168	8.75	-58.58	3.90	13870.78	1256.67	8131.39	-36.62	231.21	24.76 20
102	366	334	159	111	203	168	8.70	-58.53	3.85	13872.84	1246.64	8154.22	-25.84	230.15	25.47 20
102	366	334	159	111	203	168	8.69	-58.47	3.87	13864.80	1249.91	8168.70	-27.80	225.64	24.64 20
102	367	334	159	112	204	168	8.77	-58.47	3.92	13860.36	1262.81	8173.87	-19.56	217.51	26.21 20
102	366	334	159	111	203	167	8.83	-58.53	3.94	13853.94	1265.27	8159.78	-17.93	208.23	26.95 20
102	367	334	159	111	202	168	8.71	-58.57	3.90	13853.84	1255.41	8157.59	-26.08	203.52	30.85 20
101	366	334	159	110	203	167	8.57	-58.60	3.83	13838.35	1239.84	8160.91	-22.93	194.89	33.96 20
102	366	334	159	111	203	168	8.74	-58.52	3.93	13821.03	1260.25	8179.26	-28.18	186.10	33.66 20
102	366	334	160	111	204	168	8.71	-58.53	3.94	13814.18	1263.63	8185.10	-40.82	172.70	33.78 20
103	367	334	158	111	203	168	8.56	-58.58	3.88	13819.27	1249.25	8188.44	-36.33	161.31	39.54 20
102	367	334	159	111	203	168	8.44	-58.60	3.81	13824.71	1231.59	8197.22	-19.27	155.54	44.96 20
102	367	334	159	111	203	168	8.48	-58.62	3.80	13826.07	1230.41	8206.76	-1.55	141.32	49.02 20
102	367	334	158	111	202	168	8.66	-58.68	3.86	13831.17	1246.89	8200.62	7.42	125.25	51.22 20
102	367	334	159	110	203	168	8.86	-58.79	3.94	13834.41	1264.35	8189.79	2.05	114.84	50.95 20
102	367	334	159	111	204	168	8.78	-58.84	3.94	13834.69	1264.53	8179.90	-11.25	110.40	54.86 20
102	366	334	159	110	203	168	8.63	-58.88	3.87	13833.35	1247.70	8176.71	-14.94	108.03	57.21 20
102	367	334	160	111	203	168	8.51	-58.83	3.82	13832.89	1234.32	8189.07	-9.54	109.43	61.45 20
102	367	334	160	111	202	167	8.55	-58.83	3.80	13829.44	1230.60	8191.22	0.19	104.45	67.78 20
102	367	335	159	110	204	168	8.62	-58.88	3.82	13832.77	1236.87	8185.06	-0.67	97.08	72.09 20
102	367	334	159	111	203	168	8.60	-58.94	3.85	13836.93	1242.43	8178.20	-15.89	93.23	77.24 20
102	367	334	159	111	204	168	8.55	-58.98	3.83	13838.88	1239.11	8175.49	-22.44	89.57	82.68 20
102	367	334	159	112	203	168	8.49	-58.95	3.81	13847.34	1234.75	8174.92	-25.82	99.39	88.14 20
102	367	334	159	111	203	168	8.41	-58.90	3.78	13844.97	1226.21	8183.57	-21.53	102.57	92.18 20
102	367	334	159	110	204	168	8.40	-58.89	3.75	13844.92	1219.70	8188.59	-13.65	103.24	96.98 20
102	367	334	159	112	203	168	8.38	-58.92	3.76	13853.68	1222.52	8186.36	-19.87	106.88	101.33 20
102	367	334	159	111	204	168	8.14	-58.93	3.70	13851.39	1207.79	8184.65	-27.03	109.08	106.31 20
102	367	334	159	112	204	168	8.13	-58.88	3.66	13845.02	1197.80	8188.21	-10.78	107.73	109.49 20
102	367	334	159	111	202	168	8.23	-58.89	3.71	13848.77	1209.71	8192.20	-4.04	102.74	114.12 20
102	367	334	159	110	202	168	8.22	-58.90	3.68	13855.93	1203.83	8194.79	-1.54	107.26	117.86 20
102	368	334	159	111	203	167	8.13	-58.92	3.62	13862.14	1190.04	8195.25	11.09	110.34	119.87 20
102	367	335	159	111	204	168	8.14	-58.90	3.63	13868.43	1192.33	8192.09	11.84	119.58	121.43 20
102	367	334	159	112	204	168	7.95	-58.83	3.55	13862.81	1173.32	8195.69	9.49	133.40	127.46 20
102	367	334	159	112	203	168	7.90	-58.79	3.49	13857.87	1159.25	8200.50	17.32	136.38	129.28 20
102	367	334	159	110	203	168	7.89	-58.77	3.48	13862.17	1156.69	8205.28	20.40	138.71	128.42 20
101	366	334	159	111	203	168	7.81	-58.82	3.46	13871.47	1152.05	8204.61	10.73	136.57	126.85 20
102	366	335	159	111	203	168	7.67	-58.88	3.42	13876.29	1143.45	8195.38	3.65	133.19	121.21 20
101	365	335	159	111	204	168	7.70	-58.86	3.42	13870.88	1144.68	8189.41	-3.69	138.88	119.60 20
102	365	334	159	111	204	168	7.54	-58.75	3.37	13862.33	1131.44	8199.34	-15.60	153.09	119.02 20
102	365	334	159	111	203	168	7.58	-58.74	3.36	13849.82	1126.67	8193.77	-10.02	156.84	116.31 20
101	365	334	159	111	203	168	7.65	-58.73	3.40	13842.53	1136.74	8188.08	-17.42	164.89	113.25 20
102	365	335	159	111	203	168	7.50	-58.65	3.34	13839.80	1123.10	8203.28	-21.45	170.65	106.79 20
102	365	334	159	111	204	169	7.49	-58.66	3.32	13840.01	1118.95	8204.92	-16.98	167.22	97.65 20
102	366	335	159	112	203	168	7.52	-58.66	3.32	13833.01	1118.20	8207.87	-15.38	162.76	92.66 20
101	366	334	159	111	203	168	7.44	-58.70	3.28	13829.16	1108.49	8209.88	-10.86	148.07	85.18 20
101	366	334	159	110	203	168	7.50	-58.73	3.29	13825.70	1110.66	8207.38	-3.52	140.02	82.07 20
101	365	335	159	111	204	168	7.50	-58.70	3.29	13815.41	1109.13	8207.01	2.81	137.71	78.52 20
101	366	334	159	111	204	168	7.51	-58.73	3.27	13816.04	1105.07	8205.66	11.57	132.68	77.14 20
101	366	334	159	111	204	168	7.65	-58.72	3.32	13815.64	1117.22	8205.58	14.19	132.39	74.09 20
102	366	335	159	110	204	168	7.68	-58.70	3.34	13818.46	1121.76	8205.70	3.18	139.62	73.28 20
101	366	334	159	111	203	168	7.60	-58.74	3.31	13818.14	1114.27	8209.82	-0.73	137.19	72.62 20
101	366	334	159	110	203	168	7.63	-58.78	3.31	13826.83	1115.36	8205.13	-1.49	134.78	72.69 20
101	366	335	159	111	204	168	7.53	-58.75	3.28	13828.49	1107.79	8206.47	-2.12	138.14	77.15 20
102	366	335	159	111	203	168	7.51	-58.70	3.27	13829.86	1104.20	8207.55	9.49	140.64	78.54 20
102	366	335	158	111	204	168	7.63	-58.70	3.31	13826.57	1114.19	8206.37	12.46	139.26	81.22 20
101	366	335	159	111	204	168	7.64	-58.74	3.31	13825.84	1114.68	8195.65	3.39	137.94	81.21 20
102	366	335	159	111	203	168	7.56	-58.72	3.28	13820.75	1108.35	8200.67	0.87	136.50	81.25 20
101	366	335	159	112	202	169	7.56	-58.71	3.29	13811.71	1109.93	8207.63	-1.07	131.52	83.28 20
101	366	335	159	111	203	168	7.51	-58.71	3.27	13810.53	1103.43	8208.45	-0.62	129.79	84.47 20
102	366	334	159	111	204	168	7.49	-58.71	3.25	13813.60	1099.06	8213.43	-2.19	129.66	85.00 20
102	366	335	159	111	204	168	7.45	-58.75	3.23	13818.12	1094.51	8208.96	-4.98	128.27	86.85 20
102	366	334	159	111	204	168	7.40	-58.72	3.22	13818.21	1092.38	8212.31	-11.13	126.61	90.10 20
102	367	334	159	111	204	168	7.32	-58.72	3.19	13812.10	1084.36	8211.89	-14.12	125.53	92.45 20
102	366	335	159	110	202	168	7.23	-58.72	3.15	13808.10	1076.95	8218.10	-16.77	121.85	92.18 20
102	367	335	159	111	204	168	7.16	-58.74	3.13	13809.29	1071.10	8225.19	-18.88	119.66	90.67 20
102	366	335	159	111	204	168	7.13	-58.76	3.11	13814.42	1065.34	8226.13	-14.88	114.68	90.18 20
102	367	334	159	110	204	168	7.17	-58.79	3.14	13817.90	1074.68	8224.63	-18.99	110.04	88.22 20
101	367	335	159	111	202	169	7.11	-58.80	3.13	13816.01	1072.14	8220.00	-24.49	110.84	86.61 20
102	367	335	159	111	204	168	7.06	-58.81	3.10	13819.41	1065.34	8225.20	-22.92	106.00	82.88 20
102	367	335	159	111	203	168	7.08	-58.82	3.10	13826.44	1065.87	8223.94	-19.42	104.85	82.29 20
102	367	334	159	111	204	169	7.05	-58.83	3.08	13826.71	1059.58	8232.74	-17.05	100.11	82.32 20
102	367	334	159	111	204	168	7.12	-58.88	3.08	13830.18	1060.80	8228.10	-7.25	93.55	82.41 20
102	367	335	159	110	203	168	7.16	-58.92	3.12	13833.67	1070.76	8220.70	-11.13	92.87	79.49 20
101	368	334	159	110	203	168	7.10	-58.91	3.09	13833.19	1063.82	8218.46	-18.58	98.93	78.66 20
102	367	335	159	111	203	168	7.07	-58.88	3.08	13827.33	1061.23	8219.94	-25.70	100.18	74.43 20
102	367	335	159	111	204	168	6.93	-58.89	3.05	13829.96	1053.37	8216.54	-41.16	101.97	72.01 20
102	368	335	159	111	204	168	6.75	-58.89	2.99	13830.66	1038.10	8218.31	-49.46	107.53	72.21 20
102	367	335	159	111	204	168	6.70	-58.85	2.96	13833.13	1031.19	8227.20	-48.43	108.20	71.60 20
102	367	335	159	111	204	168	6.72	-58.82	2.95	13835.87	1029.63	8228.24	-45.61	109.84	70.17 20
102	367	334	159	111	203	168	6.78	-58.84	2.95	13838.88	1029.15	8226.03	-43.78	111.30	67.06 20
101	367	336	159	111	204	168	6.76	-58.85	2.93	13843.93	1024.89	8223.92	-43.34	115.98	66.26 20
103	368	335	159	111	204	168	6.76	-58.88	2.93	13844.14	1025.85	8220.13	-47.47	117.43	64.79 20
102	368	335	159	112	204	168	6.72	-58.85	2.91	13849.93	1021.56	8221.92	-51.95	123.36	65.60 20
102	367	334	159	111	204	169	6.64	-58.77	2.87	13838.63	1012.68	8229.83	-53.15	129.64	65.97 20
102	367	335	159	111	203	168	6.63	-58.72	2.84	13833.70	1004.05	8234.93	-55.45	133.86	61.48 20
102	368	335	159	111	203	168	6.62	-58.68	2.84	13828.02	1003.44	8238.59	-56.02	139.12	59.85 20
102	367	334	159	111	204	168	6.53	-58.66	2.80	13827.62	994.87	8241.46	-61.07	143.21	57.86 20
102	367	335	159	111	203	168	6.56	-58.63	2.80	13835.03	994.93	8247.58	-61.97	148.70	56.42 20
102	368	335	159	111	205	167	6.55	-58.64	2.79	13837.68	992.58	8248.01	-59.72	148.52	56.10 20
102	368	336	159	111	204	168	6.56	-58.58	2.77	13826.60	988.75	8251.41	-61.13	147.94	58.39 20
102	368	335	158	111	203	168	6.47	-58.56	2.74	13819.87	980.11	8257.43	-62.98	146.24	59.72 20
102	367	335	159	110	203	169	6.39	-58.51	2.70	13805.67	970.91	8265.16	-61.78	144.48	62.93 20
103	368	335	159	111	204	168	6.33	-58.53	2.68	13810.19	964.56	8263.90	-60.94	137.66	63.94 20
102	368	335	159	111	204	168	6.36	-58.56	2.68	13810.88	965.33	8262.51	-58.94	133.27	64.09 20
102	368	335	159	111	204	168	6.44	-58.54	2.68	13805.14	964.47	8269.78	-53.20	132.46	62.24 20
102	368	335	159	111	203	168	6.41	-58.52	2.67	13809.08	963.04	8277.69	-54.54	131.74	59.47 20
102	368	335	158	111	203	168	6.41	-58.50	2.67	13810.22	963.29	8279.21	-58.11	136.05	55.05 20
102	368	334	159	111	203	168	6.37	-58.45	2.67	13804.71	961.53	8294.65	-55.65	134.80	53.55 20
102	368	335	159	111	204	169	6.41	-58.48	2.66	13813.48	961.45	8299.72	-45.07	128.06	52.77 20
102	368	335	159	111	204	168	6.47	-58.52	2.68	13815.00	964.58	8293.73	-38.42	125.06	50.38 20
102	368	335	159	111	203	169	6.44	-58.54	2.64	13817.45	955.95	8291.04	-29.30	120.25	46.81 20
102	368	334	159	111	203	169	6.44	-58.53	2.62	13815.18	952.95	8290.29	-23.93	123.39	43.27 20
102	368	335	159	111	204	168	6.46	-58.54	2.62	13810.82	951.70	8293.18	-20.64	123.97	40.51 20
102	368	335	159	110	203	168	6.51	-58.57	2.64	13810.48	956.52	8290.12	-20.65	120.17	35.43 20
102	369	335	159	111	203	168	6.52	-58.60	2.66	13814.36	961.09	8290.01	-23.42	119.11	31.86 20
103	368	335	159	110	204	168	6.49	-58.62	2.65	13815.44	957.44	8290.31	-20.75	115.26	29.47 20
102	368	335	159	111	204	168	6.55	-58.63	2.66	13811.27	960.77	8284.60	-18.06	114.04	24.15 20
102	368	334	159	111	204	168	6.58	-58.62	2.66	13801.90	960.33	8287.17	-19.36	110.74	16.24 20
102	368	335	159	111	203	168	6.66	-58.66	2.71	13797.61	971.31	8277.41	-29.59	102.86	6.73 20
102	368	335	159	111	204	169	6.54	-58.69	2.71	13793.73	971.75	8279.14	-51.56	92.26	1.49 20
101	369	334	159	112	204	168	6.42	-58.68	2.67	13789.44	961.16	8285.58	-53.68	79.70	-1.08 20
102	368	335	159	112	204	169	6.37	-58.65	2.63	13788.17	951.90	8295.50	-42.10	67.01	-1.03 20
102	368	334	159	111	203	168	6.27	-58.61	2.56	13790.96	937.11	8313.33	-22.94	65.61	2.27 20
102	369	335	159	111	202	169	6.35	-58.55	2.55	13787.01	934.85	8324.26	8.40	65.88	2.46 20
102	368	335	159	111	204	168	6.51	-58.54	2.59	13785.66	943.11	8331.65	36.08	56.99	-1.92 20
102	368	335	158	111	203	168	6.62	-58.62	2.63	13792.98	952.75	8327.46	44.73	39.49	-3.82 20
102	367	334	159	111	203	168	6.59	-58.75	2.60	13797.93	944.72	8311.09	51.89	28.17	-7.93 20
102	368	335	159	111	203	168	6.78	-58.76	2.63	13792.43	951.68	8300.74	93.75	23.21	-4.43 20
102	368	335	159	111	204	168	7.05	-58.84	2.70	13798.01	968.90	8287.50	115.41	18.05	0.59 20
102	368	335	159	111	203	169	7.07	-58.92	2.70	13798.71	968.25	8266.32	117.79	14.19	2.46 20
102	367	335	159	111	203	168	7.16	-58.96	2.70	13805.37	969.44	8252.81	141.05	25.38	8.94 20
102	367	335	159	111	203	168	7.39	-58.89	2.79	13801.10	990.77	8253.17	150.65	38.02	16.04 20
102	368	335	159	111	203	168	7.29	-58.82	2.76	13802.65	983.03	8265.71	151.27	44.01	24.94 20
102	367	335	159	111	203	168	7.34	-58.75	2.74	13798.32	978.48	8278.42	185.25	46.96	37.94 20
102	368	335	159	111	203	168	7.46	-58.69	2.77	13797.40	985.55	8287.90	203.44	39.97	46.64 20
102	367	335	159	111	203	168	7.42	-58.72	2.78	13799.53	988.07	8296.91	194.72	19.52	50.46 20
102	367	335	160	111	203	168	7.30	-58.79	2.72	13813.55	974.07	8297.06	192.78	5.84	47.99 20
103	368	334	159	111	203	169	7.25	-58.87	2.66	13818.67	961.37	8288.81	211.39	-2.85	48.89 20
102	368	334	159	111	203	168	7.31	-58.97	2.70	13825.54	970.70	8282.57	222.82	-21.56	48.34 20
102	367	335	159	111	204	168	7.38	-59.09	2.70	13834.06	971.56	8261.44	230.33	-26.88	42.53 20
102	368	334	159	112	204	168	7.55	-59.17	2.74	13840.36	979.39	8239.57	239.67	-24.74	37.60 20
102	367	334	159	110	203	168	7.73	-59.23	2.79	13837.14	992.02	8218.19	250.73	-20.85	34.17 20
103	367	334	159	111	203	168	7.89	-59.24	2.86	13830.48	1008.62	8210.68	252.90	-16.31	30.71 20
102	368	334	159	111	203	168	8.03	-59.27	2.96	13831.16	1031.59	8205.54	234.25	-25.14	25.63 20
103	368	334	159	111	203	169	7.92	-59.37	2.95	13846.00	1030.21	8190.27	213.79	-32.68	24.50 20
103	368	335	160	111	203	168	7.89	-59.42	2.92	13843.70	1022.70	8176.55	217.40	-36.80	23.77 20
102	367	334	159	111	203	168	7.88	-59.50	2.91	13854.12	1022.76	8165.13	215.43	-42.96	24.43 20
103	368	335	159	112	204	167	7.83	-59.58	2.92	13865.21	1024.22	8160.47	210.06	-50.81	26.51 20
102	367	334	159	111	203	169	8.02	-59.63	2.97	13867.75	1036.41	8147.85	229.75	-50.52	30.74 20
102	367	334	159	111	202	168	8.42	-59.67	3.11	13876.76	1070.99	8132.45	245.47	-46.15	36.80 20
102	367	335	159	110	203	168	8.51	-59.72	3.18	13884.12	1087.04	8119.03	235.29	-38.69	40.86 20
102	367	334	159	111	204	168	8.33	-59.67	3.14	13887.72	1078.89	8119.08	227.88	-22.05	43.32 20
102	367	334	159	111	204	168	8.21	-59.62	3.10	13888.13	1067.74	8119.93	231.33	-8.90	40.55 20
102	367	334	159	110	204	168	8.32	-59.60	3.13	13886.32	1075.56	8122.33	235.02	-6.41	35.57 20
102	368	334	158	111	203	168	8.49	-59.62	3.22	13883.61	1095.78	8113.21	229.52	-9.49	31.74 20
102	367	334	158	111	203	168	8.55	-59.64	3.28	13885.63	1110.39	8103.15	202.84	-7.01	27.81 20
102	367	334	159	111	203	169	8.49	-59.67	3.25	13885.55	1104.67	8097.19	200.10	0.04	35.82 20
102	367	334	159	111	203	168	8.56	-59.68	3.28	13888.67	1110.84	8094.13	206.64	-1.06	47.43 20
103	368	334	159	110	203	168	8.57	-59.69	3.30	13886.04	1116.10	8088.03	203.11	2.39	51.90 20
102	367	334	159	111	204	168	8.65	-59.72	3.32	13886.53	1121.29	8084.43	201.66	-1.43	56.51 20
103	368	334	159	111	202	168	8.73	-59.79	3.39	13892.61	1136.83	8073.60	191.62	-7.76	59.38 20
102	367	335	159	111	203	168	8.74	-59.82	3.39	13903.98	1138.99	8063.52	182.54	-6.17	67.06 20
102	367	334	159	111	202	168	8.73	-59.82	3.36	13910.18	1131.04	8060.95	191.92	-3.86	70.11 20
103	368	334	159	111	203	168	8.86	-59.75	3.42	13905.07	1145.48	8069.50	199.47	-6.02	78.46 20
103	368	334	159	111	203	168	8.80	-59.68	3.46	13910.41	1155.41	8084.63	188.05	-7.47	83.33 20
102	368	334	159	111	203	168	8.69	-59.75	3.42	13911.69	1146.84	8081.99	182.74	-22.39	87.27 20
102	368	334	159	111	202	168	8.92	-59.73	3.51	13903.91	1165.70	8079.69	198.26	-27.32	97.20 20
102	368	334	159	111	202	168	9.03	-59.77	3.61	13899.71	1190.01	8071.11	167.64	-41.31	99.74 20
103	368	334	159	110	203	168	8.90	-59.90	3.58	13917.73	1184.51	8066.55	148.26	-62.19	106.51 20
102	368	335	159	110	203	168	8.90	-60.00	3.56	13922.64	1180.09	8051.03	153.50	-77.38	119.08 20
102	368	334	159	112	203	168	8.92	-60.14	3.55	13935.11	1178.48	8034.27	158.92	-90.81	134.58 20
102	368	335	159	111	204	168	8.76	-60.37	3.49	13958.15	1165.56	7998.76	148.58	-97.72	144.55 20
103	368	334	159	111	202	168	8.72	-60.40	3.43	13965.84	1152.68	7969.22	156.05	-75.29	152.42 20
102	368	334	159	110	202	168	8.81	-60.32	3.50	13966.15	1169.65	7973.56	132.75	-60.17	162.05 20
102	369	334	159	112	203	169	8.66	-60.32	3.46	13989.64	1159.56	7968.48	115.76	-48.51	169.70 20
102	369	334	159	110	203	168	8.43	-60.29	3.36	14003.76	1135.79	7972.66	128.62	-31.69	185.71 20
102	369	334	159	112	203	168	8.23	-60.22	3.26	13999.97	1112.20	7977.23	141.19	-23.25	191.83 20
102	368	335	159	111	204	168	8.01	-60.14	3.16	13987.57	1087.99	7988.16	137.53	-22.34	185.48 20
102	369	334	159	111	203	168	7.95	-60.19	3.15	13994.39	1085.39	7992.76	118.00	-37.82	170.61 20
102	369	335	159	111	203	169	7.75	-60.30	3.11	14015.08	1077.72	7987.72	84.20	-43.63	156.13 20
102	369	334	159	111	203	169	7.71	-60.33	3.06	14013.32	1066.43	7982.73	85.89	-38.00	145.67 20
102	368	334	159	111	203	169	7.86	-60.35	3.10	14020.66	1076.71	7980.60	92.05	-38.40	136.84 20
102	368	335	159	111	203	169	7.94	-60.45	3.16	14029.82	1089.47	7971.37	82.55	-42.28	128.55 20
102	369	334	159	110	203	168	7.84	-60.47	3.11	14045.13	1080.00	7964.40	90.67	-36.12	121.47 20
103	369	335	159	111	203	169	8.00	-60.53	3.12	14048.67	1081.20	7951.98	120.14	-34.81	123.40 20
103	369	335	159	111	203	169	8.11	-60.52	3.10	14047.64	1077.54	7945.98	156.18	-24.72	130.48 20
103	369	334	159	112	203	168	8.21	-60.51	3.07	14037.86	1068.66	7929.88	211.57	-19.93	131.55 20
102	369	334	159	111	203	168	8.64	-60.46	3.17	14035.16	1093.83	7929.19	264.29	-11.94	135.53 20
102	369	334	159	112	203	169	8.85	-60.42	3.26	14031.41	1114.94	7922.33	278.73	-10.89	135.30 20
103	368	335	159	112	204	168	8.84	-60.44	3.29	14028.64	1121.59	7918.21	264.64	-21.05	133.43 20
103	368	334	159	112	204	168	8.81	-60.47	3.28	14020.20	1119.11	7921.90	267.11	-41.39	135.26 20
103	369	335	159	111	203	168	8.84	-60.58	3.29	14016.79	1120.96	7914.80	270.95	-67.47	137.40 20
102	369	334	159	111	203	168	9.02	-60.66	3.36	14026.95	1138.11	7907.66	271.66	-82.55	143.98 20
102	368	334	159	111	202	169	9.03	-60.82	3.37	14027.61	1141.20	7881.68	257.57	-98.07	157.83 20
103	369	334	159	111	204	168	8.86	-60.94	3.30	14046.42	1124.74	7851.00	256.34	-94.37	169.44 20
102	368	334	159	111	204	169	8.93	-60.95	3.29	14051.90	1122.31	7831.65	273.93	-75.15	177.27 20
102	368	335	159	111	204	169	8.85	-60.96	3.28	14059.11	1119.19	7820.46	259.93	-60.04	183.60 20
102	369	334	159	111	203	169	8.77	-60.90	3.23	14067.55	1109.63	7824.64	261.53	-46.39	188.17 20
103	368	335	159	111	203	169	8.81	-60.90	3.25	14074.17	1113.75	7832.61	266.16	-44.42	192.31 20
102	369	335	158	111	203	168	8.58	-60.97	3.16	14091.07	1094.66	7828.58	253.30	-50.50	186.65 20
103	368	335	159	111	204	169	8.36	-61.00	3.06	14102.51	1071.93	7842.35	255.43	-52.03	173.67 20
103	369	335	159	111	203	168	8.39	-61.08	3.04	14108.79	1066.13	7833.63	253.56	-67.37	156.13 20
102	369	335	160	111	203	169	8.44	-61.24	3.07	14114.15	1073.23	7814.15	234.03	-94.21	136.88 20
102	369	335	159	111	202	169	8.41	-61.36	3.04	14130.04	1066.56	7798.04	227.48	-98.75	121.93 20
103	369	335	159	111	203	169	8.60	-61.49	3.10	14139.34	1081.64	7770.74	223.31	-105.41	111.69 20
102	369	335	159	111	203	169	8.68	-61.59	3.15	14151.97	1094.75	7747.20	201.79	-102.79	106.55 20
103	369	335	159	111	203	168	8.65	-61.57	3.15	14156.77	1094.02	7734.84	198.85	-88.15	105.17 20
102	369	335	159	111	203	169	8.69	-61.51	3.16	14151.73	1096.52	7729.70	189.76	-73.24	101.92 20
102	369	334	159	111	203	169	8.68	-61.44	3.17	14152.15	1098.69	7736.82	179.87	-61.73	101.02 20
103	369	334	159	111	203	169	8.72	-61.44	3.19	14153.94	1105.76	7740.18	184.63	-61.94	101.52 20
103	369	335	159	111	203	169	8.76	-61.38	3.22	14155.44	1112.07	7741.37	190.30	-53.05	109.59 20
102	369	335	159	111	203	170	8.67	-61.32	3.20	14153.87	1106.46	7745.90	184.53	-48.44	109.46 20
103	369	335	159	111	202	168	8.59	-61.24	3.18	14145.38	1101.74	7758.20	179.86	-49.12	103.84 20
102	369	335	160	111	202	169	8.67	-61.31	3.22	14146.51	1110.85	7750.29	174.71	-60.96	99.50 20
103	369	335	159	111	204	169	8.81	-61.43	3.23	14152.98	1113.71	7734.38	177.33	-69.92	99.27 20
103	369	335	159	111	203	169	9.10	-61.47	3.35	14157.93	1142.63	7725.26	171.36	-77.62	101.66 20
102	369	334	159	111	204	169	9.18	-61.56	3.43	14160.24	1162.49	7704.40	139.39	-96.14	106.38 20
103	369	335	159	111	202	168	8.89	-61.75	3.35	14164.82	1144.37	7676.38	104.47	-112.48	107.86 20
103	369	335	159	111	203	169	8.58	-61.90	3.23	14164.18	1113.35	7649.96	108.95	-119.96	109.31 20
102	369	335	159	111	203	168	8.72	-62.02	3.23	14162.97	1113.88	7626.06	123.40	-123.91	105.75 20
102	369	335	159	111	204	168	8.98	-62.12	3.33	14177.03	1139.39	7599.96	104.58	-122.92	105.36 20
102	369	335	159	111	203	168	8.96	-62.17	3.33	14196.97	1140.02	7585.16	91.65	-110.87	115.19 20
103	369	335	159	111	204	169	9.01	-62.17	3.33	14206.53	1142.82	7569.30	94.82	-90.38	128.43 20
103	369	335	160	112	203	169	8.92	-62.08	3.31	14210.20	1137.48	7566.04	93.73	-67.86	139.01 20
103	369	335	160	111	203	169	8.67	-62.03	3.25	14214.49	1122.00	7564.73	81.04	-53.81	145.41 20
103	369	335	159	110	203	169	8.46	-62.03	3.16	14223.96	1102.10	7563.50	79.54	-48.37	149.59 20
102	369	334	159	111	203	168	8.32	-62.13	3.11	14237.97	1088.40	7547.72	78.41	-47.30	146.76 20
102	369	334	159	111	203	169	8.32	-62.18	3.09	14245.67	1085.98	7527.54	75.49	-41.44	143.12 20
103	369	335	159	111	203	169	8.35	-62.16	3.11	14248.18	1089.08	7518.56	69.87	-27.67	135.97 20
102	369	335	159	111	203	169	8.44	-62.15	3.13	14247.78	1095.83	7509.43	65.73	-18.23	130.92 20
102	369	335	159	111	203	168	8.51	-62.15	3.17	14258.39	1105.43	7500.56	51.74	-3.97	128.22 20
103	369	334	159	111	203	169	8.39	-62.08	3.15	14257.87	1101.96	7497.93	41.40	14.18	131.61 20
103	369	335	159	111	203	168	8.28	-62.02	3.10	14252.97	1088.66	7496.04	48.43	30.02	136.28 20
102	369	335	159	112	203	168	8.33	-61.95	3.14	14254.73	1098.83	7505.03	42.56	42.27	136.67 20
103	369	335	159	111	203	168	8.21	-61.93	3.11	14259.39	1091.69	7504.58	26.78	49.95	140.78 20
102	369	335	159	112	204	169	8.08	-61.92	3.05	14260.82	1077.51	7500.35	31.34	61.31	142.59 20
103	369	335	159	111	204	169	8.10	-61.86	3.05	14263.78	1075.83	7494.93	29.33	80.69	140.71 20
103	369	335	159	110	203	169	8.07	-61.84	3.03	14266.39	1071.04	7501.39	26.46	92.76	138.43 20
102	369	335	159	112	203	169	7.91	-61.79	2.97	14266.27	1058.09	7512.12	35.74	104.07	135.51 20
102	369	335	158	110	203	168	7.93	-61.76	2.96	14263.56	1053.18	7517.51	47.85	111.86	129.73 20
102	369	335	159	111	203	169	7.90	-61.75	2.95	14262.98	1052.92	7520.44	38.26	110.02	117.70 20
103	369	335	160	111	204	169	7.83	-61.79	2.93	14269.03	1047.08	7515.41	26.99	117.62	107.66 20
102	369	335	159	111	204	169	7.80	-61.79	2.90	14268.98	1039.72	7511.64	25.69	126.09	101.23 20
102	369	335	160	111	204	169	7.72	-61.72	2.87	14265.53	1032.34	7514.86	22.71	139.38	90.07 20
102	369	335	159	111	203	170	7.71	-61.66	2.87	14261.05	1031.12	7525.72	18.72	146.82	77.76 20
103	369	335	160	111	203	168	7.75	-61.59	2.88	14260.60	1036.56	7534.43	16.24	157.22	71.32 20
102	369	336	159	112	204	168	7.85	-61.54	2.91	14251.57	1041.74	7541.51	22.58	160.51	69.71 20
103	370	335	159	111	204	169	7.90	-61.47	2.95	14250.79	1051.85	7542.83	24.45	169.29	70.02 20
102	370	335	159	112	203	168	7.87	-61.37	2.96	14241.85	1052.06	7554.69	15.48	177.27	73.72 20
103	369	335	159	111	204	169	7.65	-61.28	2.88	14235.36	1034.05	7564.96	12.20	178.91	75.09 20
103	369	335	159	111	203	169	7.60	-61.22	2.87	14228.59	1030.95	7580.51	24.34	177.81	75.38 20
102	369	335	159	111	203	169	7.54	-61.23	2.85	14225.56	1026.80	7590.88	21.87	165.72	70.41 20
103	369	335	159	111	204	169	7.49	-61.25	2.82	14225.28	1018.86	7594.74	23.78	158.84	62.54 20
102	371	335	159	110	203	169	7.66	-61.28	2.87	14226.22	1030.12	7591.00	33.74	152.60	57.06 20
102	369	335	159	111	203	168	7.77	-61.30	2.92	14224.91	1042.01	7582.25	20.40	147.87	53.96 20
102	369	335	159	111	203	169	7.75	-61.29	2.91	14227.46	1040.91	7583.54	16.63	152.77	59.01 20
102	369	335	159	112	203	168	7.82	-61.28	2.92	14229.69	1043.07	7580.16	30.35	161.78	68.61 20
103	370	335	159	111	204	169	7.90	-61.31	2.98	14227.00	1056.11	7578.15	15.83	159.29	70.33 20
103	370	335	159	111	203	168	7.72	-61.37	2.94	14226.85	1047.91	7567.85	-18.66	154.78	69.72 20
103	370	336	159	111	203	169	7.62	-61.44	2.89	14228.11	1035.51	7556.85	-18.92	154.54	73.48 20
102	369	335	159	111	204	169	7.76	-61.42	2.94	14219.90	1047.94	7554.81	-18.18	159.16	75.81 20
102	369	335	160	111	203	170	7.75	-61.44	2.96	14215.11	1052.54	7548.87	-40.72	158.51	75.07 20
102	370	335	159	111	203	169	7.53	-61.46	2.89	14223.75	1035.71	7543.83	-57.33	163.78	78.06 20
103	370	335	160	110	203	169	7.31	-61.39	2.81	14226.17	1016.13	7543.23	-57.87	176.39	79.01 20
102	370	335	160	111	203	169	7.25	-61.36	2.80	14222.66	1012.32	7547.07	-66.72	179.52	73.16 20
103	370	335	159	111	203	170	7.14	-61.34	2.77	14225.12	1007.91	7560.12	-94.74	178.10	63.85 20
102	370	335	159	112	205	169	6.82	-61.26	2.66	14219.47	980.91	7569.71	-115.55	184.44	61.01 20
103	369	335	159	112	203	169	6.61	-61.16	2.57	14216.69	958.66	7588.23	-108.47	192.57	56.71 20
103	370	335	159	111	203	169	6.61	-61.10	2.57	14214.66	958.13	7602.62	-110.65	197.39	46.27 20
102	370	335	159	111	203	169	6.53	-61.02	2.54	14202.72	949.22	7606.88	-113.22	201.77	39.86 20
102	370	335	159	111	203	169	6.59	-60.88	2.53	14192.39	947.76	7624.94	-91.31	217.33	35.62 20
102	370	335	159	111	203	169	6.67	-60.85	2.58	14189.77	957.38	7635.89	-90.89	214.77	27.49 20
102	370	335	159	112	203	169	6.67	-60.83	2.58	14184.08	957.91	7643.30	-95.00	211.88	23.46 20
103	370	335	159	111	203	169	6.75	-60.84	2.60	14171.88	961.41	7639.33	-86.55	208.28	23.14 20
103	370	335	159	112	203	169	6.84	-60.90	2.63	14161.88	970.74	7621.57	-91.57	203.82	26.78 20
103	370	336	159	112	203	169	6.80	-60.99	2.61	14157.39	965.80	7607.69	-105.49	198.88	32.69 20
102	369	335	160	111	203	169	6.68	-61.03	2.56	14156.12	953.91	7596.70	-113.32	204.33	45.26 20
103	370	335	160	111	203	169	6.44	-61.08	2.50	14166.11	937.02	7592.87	-141.65	210.72	53.29 20
103	370	335	160	112	203	168	6.12	-61.06	2.38	14175.01	910.97	7591.22	-162.52	224.93	52.58 20
103	370	335	160	111	203	168	6.03	-60.95	2.34	14180.66	900.62	7602.46	-159.99	249.49	44.15 20
103	370	336	159	111	203	169	6.13	-60.83	2.40	14178.02	913.79	7617.14	-168.74	268.06	37.74 20
102	370	335	159	111	203	170	6.16	-60.67	2.42	14170.32	919.10	7648.68	-175.35	283.96	32.56 20
103	370	335	160	111	204	168	6.10	-60.53	2.39	14175.41	912.54	7683.05	-168.84	286.81	23.48 20
103	370	335	159	111	203	168	6.06	-60.47	2.37	14181.04	906.52	7709.10	-169.30	287.82	11.60 20
103	370	336	159	111	203	169	5.89	-60.41	2.31	14176.98	893.59	7728.44	-179.18	283.83	-7.28 20
102	370	336	160	111	202	169	5.80	-60.41	2.28	14171.53	884.71	7740.62	-178.87	270.99	-33.11 20
103	370	336	159	111	204	169	5.77	-60.38	2.28	14152.56	885.68	7751.39	-182.83	263.74	-57.26 20
103	370	334	159	112	203	169	5.78	-60.40	2.30	14142.33	889.99	7752.62	-189.89	248.05	-79.29 20
103	370	335	159	112	204	169	5.85	-60.34	2.34	14130.81	899.69	7764.59	-190.19	246.80	-96.43 20
102	370	335	160	112	203	169	5.90	-60.31	2.40	14119.07	912.11	7762.56	-199.08	249.81	-109.71 20
103	370	336	159	112	202	169	5.86	-60.25	2.40	14109.52	910.30	7769.63	-201.63	253.42	-114.87 20
103	370	335	160	112	204	169	5.91	-60.15	2.40	14094.64	911.79	7778.95	-195.95	263.05	-116.98 20
103	370	336	159	111	204	169	6.02	-60.04	2.47	14085.91	926.80	7794.80	-198.45	262.79	-121.23 20
102	370	335	159	111	203	169	6.11	-60.02	2.49	14087.21	931.06	7807.86	-196.98	257.85	-123.32 20
103	370	335	159	111	203	169	6.25	-59.89	2.54	14082.05	943.90	7830.67	-190.93	265.26	-119.30 20
103	370	336	159	112	203	169	6.30	-59.87	2.58	14074.35	952.71	7847.93	-193.18	253.60	-116.09 20
102	370	335	159	111	204	169	6.29	-59.89	2.56	14073.03	949.87	7855.74	-188.17	241.37	-110.38 20
102	370	336	160	112	203	169	6.20	-59.89	2.49	14069.58	932.78	7859.15	-176.36	238.95	-104.51 20
102	370	336	159	112	204	169	5.99	-59.92	2.42	14066.10	913.14	7860.99	-179.15	229.75	-107.64 20
103	370	336	159	112	203	169	5.91	-59.91	2.35	14052.60	896.08	7859.14	-172.44	229.07	-114.61 20
102	370	335	159	111	203	169	6.00	-59.89	2.39	14038.37	907.68	7865.39	-172.82	218.01	-123.43 20
103	370	336	159	112	203	169	6.05	-59.90	2.43	14035.05	916.30	7868.52	-185.53	210.31	-123.15 20
103	370	336	160	111	203	169	6.05	-59.89	2.43	14032.09	916.68	7875.29	-187.85	205.95	-120.35 20
102	370	335	159	112	203	169	6.22	-59.89	2.50	14026.69	933.05	7876.13	-187.11	203.05	-111.13 20
102	370	335	160	112	203	169	6.23	-59.86	2.51	14027.95	934.59	7884.32	-191.25	199.90	-101.22 20
103	371	335	160	111	203	169	6.17	-59.85	2.49	14027.96	930.66	7887.50	-189.09	195.50	-92.46 20
103	370	335	159	112	204	168	6.24	-59.86	2.50	14033.16	933.33	7893.93	-189.68	196.63	-83.79 20
103	370	336	159	112	203	169	6.04	-59.86	2.42	14033.30	913.87	7896.63	-195.60	193.45	-76.35 20
102	370	336	159	112	204	168	5.84	-59.85	2.30	14030.84	885.97	7904.60	-187.17	193.32	-72.13 20
102	370	335	160	112	203	169	5.71	-59.86	2.27	14020.89	876.87	7904.17	-180.76	187.86	-76.28 20
102	370	335	160	112	202	169	5.71	-59.89	2.27	14020.85	877.23	7904.76	-186.67	180.71	-82.86 20
103	371	336	159	112	204	169	5.85	-59.93	2.32	14023.41	888.17	7899.92	-183.99	175.58	-84.82 20
104	371	336	159	111	204	168	6.01	-59.95	2.40	14025.23	908.76	7896.13	-188.94	174.45	-84.68 20
102	370	335	159	111	203	169	6.07	-59.98	2.44	14025.17	917.12	7889.32	-201.79	175.53	-80.89 20
103	371	336	159	111	204	169	5.91	-59.97	2.36	14024.71	898.47	7887.25	-194.80	183.00	-68.70 20
102	371	336	160	112	203	169	5.87	-59.89	2.32	14023.08	889.74	7900.49	-179.46	191.65	-66.41 20
102	371	336	159	111	203	169	5.81	-59.81	2.29	14018.52	882.86	7913.47	-177.19	200.12	-68.34 20
103	371	335	159	111	203	169	5.77	-59.71	2.28	14008.80	878.31	7931.19	-171.28	202.86	-70.53 20
102	371	336	160	111	203	169	5.79	-59.65	2.28	14000.76	879.20	7938.83	-175.27	197.92	-76.60 20
102	371	336	159	111	202	169	5.71	-59.61	2.26	14000.52	874.64	7955.49	-172.45	194.07	-80.12 20
103	371	335	160	111	202	169	5.87	-59.55	2.29	13995.89	880.91	7966.92	-152.93	194.47	-80.66 20
103	370	335	160	112	203	169	5.98	-59.57	2.32	13993.10	888.46	7973.17	-148.73	184.00	-82.88 20
103	370	335	159	112	203	169	6.12	-59.64	2.36	13992.84	896.64	7973.51	-139.85	169.00	-84.49 20
103	371	336	159	111	204	169	6.27	-59.70	2.40	13995.20	907.20	7966.04	-130.01	164.15	-79.21 20
103	371	336	160	111	203	169	6.27	-59.72	2.44	13998.04	915.44	7960.54	-129.05	163.89	-74.35 20
103	371	335	159	110	203	169	6.23	-59.72	2.42	13995.14	910.47	7959.91	-121.20	172.59	-69.43 20
102	371	335	160	111	203	169	6.27	-59.70	2.43	13989.58	913.35	7961.91	-119.89	175.66	-67.31 20
103	371	335	159	112	203	169	6.30	-59.72	2.44	13987.50	916.08	7961.02	-125.60	173.03	-66.50 20
102	371	336	160	111	203	169	6.37	-59.70	2.46	13984.53	921.68	7961.97	-121.47	176.63	-60.32 20
102	371	335	160	112	203	169	6.43	-59.66	2.50	13986.30	929.79	7966.67	-124.69	182.20	-52.46 20
102	371	336	160	112	203	169	6.40	-59.59	2.49	13976.18	928.10	7977.73	-123.06	184.04	-44.78 20
102	371	336	160	112	203	169	6.44	-59.58	2.51	13972.58	931.90	7979.25	-119.71	182.79	-34.79 20
103	371	336	159	112	203	169	6.31	-59.57	2.46	13976.35	920.30	7984.28	-125.37	179.75	-29.55 20
103	371	336	159	112	204	169	6.20	-59.56	2.40	13978.93	906.29	7990.07	-114.75	179.71	-25.68 20
102	371	336	160	111	203	169	6.20	-59.58	2.37	13977.18	898.37	7987.77	-103.22	181.37	-26.04 20
102	371	336	160	111	202	168	6.30	-59.54	2.40	13975.52	905.46	7994.78	-101.80	181.51	-30.89 20
102	371	336	159	112	203	169	6.32	-59.48	2.44	13974.95	916.38	8001.64	-109.11	181.58	-38.75 20
103	371	336	160	112	203	169	6.33	-59.43	2.46	13973.40	919.76	8009.56	-106.26	184.90	-37.66 20
103	371	335	159	111	203	167	6.36	-59.43	2.46	13971.33	920.98	8015.08	-101.00	181.21	-39.28 20
102	371	336	159	112	203	169	6.41	-59.45	2.46	13969.36	921.53	8007.13	-101.95	180.65	-41.11 20
102	372	335	160	111	203	169	6.40	-59.47	2.46	13965.29	921.25	8003.17	-102.20	177.11	-40.81 20
102	371	336	159	112	204	168	6.46	-59.50	2.49	13960.83	927.39	7995.41	-107.49	176.96	-41.42 20
102	371	336	159	112	203	168	6.48	-59.48	2.51	13960.79	931.42	7992.84	-111.76	186.91	-40.65 20
103	371	336	160	112	204	169	6.48	-59.38	2.52	13959.35	933.25	8003.00	-110.08	205.81	-38.36 20
103	371	336	159	112	203	169	6.40	-59.36	2.49	13956.98	926.39	8005.25	-112.87	211.22	-35.79 20
104	371	335	160	112	203	169	6.27	-59.28	2.42	13957.33	911.47	8021.98	-103.08	216.66	-36.01 20
102	371	336	160	112	203	169	6.29	-59.20	2.43	13951.06	912.69	8046.29	-89.37	209.48	-44.20 20
103	371	336	159	112	204	169	6.28	-59.25	2.46	13953.31	919.86	8050.77	-109.76	196.16	-59.84 20
103	371	335	159	111	203	168	6.17	-59.26	2.42	13948.44	910.86	8057.03	-117.17	190.65	-73.55 20
103	371	335	159	111	203	168	6.32	-59.22	2.44	13939.22	914.12	8054.18	-101.96	188.22	-82.12 20
103	372	336	160	111	202	169	6.36	-59.20	2.50	13934.06	927.42	8061.87	-109.66	183.35	-90.27 20
103	371	336	160	112	203	169	6.38	-59.21	2.52	13934.56	933.24	8063.38	-111.08	184.99	-94.51 20
103	371	336	160	111	203	169	6.40	-59.16	2.51	13932.03	930.98	8066.61	-101.52	196.89	-90.33 20
103	371	335	159	112	204	169	6.36	-59.03	2.49	13916.43	925.63	8081.88	-92.40	206.94	-87.86 20
103	371	336	160	111	202	168	6.25	-58.97	2.47	13909.61	919.15	8092.78	-84.78	208.10	-88.12 20
103	371	335	160	111	203	168	6.24	-59.00	2.44	13905.93	913.59	8092.35	-71.79	201.84	-91.51 20
102	371	335	159	111	203	169	6.47	-58.99	2.53	13905.03	934.51	8095.13	-63.60	202.80	-98.09 20
103	372	336	160	112	203	169	6.68	-58.97	2.61	13907.58	952.99	8095.97	-65.67	202.01	-99.73 20
103	371	335	160	111	203	169	6.82	-58.94	2.68	13904.80	969.74	8100.37	-73.09	201.86	-98.35 20
103	372	336	160	112	202	169	6.86	-58.90	2.71	13899.36	977.85	8108.75	-77.98	201.47	-93.93 20
103	371	336	160	111	202	169	6.85	-58.91	2.71	13899.99	976.36	8110.72	-92.68	200.09	-90.03 20
103	371	335	160	111	202	168	6.70	-58.92	2.67	13900.59	967.14	8110.78	-101.85	198.69	-86.78 20
102	371	336	160	111	203	169	6.58	-58.87	2.63	13893.16	956.38	8119.04	-101.96	205.00	-84.64 20
103	371	335	159	111	203	169	6.48	-58.74	2.57	13878.30	943.17	8140.29	-103.46	206.60	-84.71 20
103	372	336	159	111	203	169	6.42	-58.59	2.56	13861.39	939.01	8161.87	-105.29	204.22	-88.73 20
103	371	335	159	111	202	169	6.65	-58.57	2.64	13856.52	958.86	8175.78	-100.87	197.71	-86.39 20
103	371	336	159	111	202	168	6.91	-58.60	2.76	13859.69	987.51	8180.79	-95.83	185.03	-77.62 20
103	371	335	160	112	204	169	7.03	-58.65	2.83	13866.31	1003.14	8183.95	-95.34	182.23	-57.79 20
103	371	336	160	111	203	169	6.87	-58.68	2.77	13870.19	989.78	8182.35	-88.82	183.91	-36.10 20
103	371	335	159	111	202	169	6.69	-58.75	2.69	13869.48	971.69	8174.04	-84.33	178.07	-27.44 20
103	371	335	159	112	202	169	6.56	-58.76	2.64	13870.21	959.31	8172.73	-83.66	181.61	-26.27 20
103	371	336	160	111	202	169	6.53	-58.76	2.63	13866.70	955.74	8169.90	-85.18	189.33	-28.41 20
103	371	335	160	112	202	169	6.69	-58.75	2.69	13866.36	970.96	8173.20	-80.32	187.27	-27.64 20
103	371	335	160	111	203	169	6.79	-58.77	2.74	13865.64	982.61	8166.14	-84.45	188.05	-19.31 20
103	372	336	160	112	204	169	6.66	-58.73	2.71	13862.16	973.28	8170.63	-78.88	196.50	-7.64 20
103	372	336	160	111	203	169	6.67	-58.70	2.73	13851.05	978.81	8174.90	-67.94	199.98	-0.11 20
103	371	336	160	112	202	169	6.60	-58.66	2.73	13847.50	979.07	8179.36	-73.54	197.13	7.30 20
103	372	336	160	111	203	169	6.59	-58.68	2.74	13851.52	981.92	8181.39	-77.31	196.07	13.43 20
103	372	336	159	112	203	169	6.43	-58.65	2.68	13849.95	967.62	8185.72	-82.20	201.77	22.71 20
103	372	336	159	112	203	169	6.45	-58.66	2.67	13849.45	965.04	8193.43	-77.74	205.43	29.27 20
102	371	337	159	112	203	167	6.45	-58.62	2.66	13850.98	962.99	8199.76	-72.85	214.06	39.66 20
102	371	336	160	112	203	169	6.46	-58.54	2.65	13845.63	960.24	8212.97	-62.26	214.75	44.83 20
103	372	336	160	112	202	169	6.53	-58.50	2.67	13833.55	963.83	8222.32	-49.40	210.62	52.64 20
103	371	336	159	112	203	169	6.56	-58.46	2.65	13831.07	959.44	8228.01	-37.48	207.29	63.45 20
103	371	336	159	112	203	169	6.57	-58.48	2.65	13833.12	958.86	8228.21	-24.30	205.47	73.63 20
103	372	336	159	112	203	169	6.42	-58.48	2.60	13832.06	947.72	8231.80	-36.74	202.40	77.55 20
103	372	336	159	111	203	169	6.32	-58.47	2.56	13829.46	938.74	8238.01	-41.80	203.18	77.62 20
103	372	336	160	111	202	169	6.22	-58.42	2.52	13817.78	927.60	8248.91	-48.76	205.67	75.29 20
103	371	336	160	112	202	169	6.18	-58.32	2.50	13803.69	922.62	8268.46	-48.92	208.94	72.53 20
102	371	335	159	112	203	169	6.22	-58.26	2.53	13801.11	928.89	8290.04	-53.28	208.14	72.05 20
103	371	336	160	112	203	170	6.16	-58.25	2.50	13801.45	922.24	8297.74	-50.71	205.08	77.95 20
103	372	336	160	112	203	169	6.14	-58.27	2.48	13806.98	917.93	8306.25	-41.68	195.38	82.55 20
103	371	336	160	112	203	170	6.04	-58.30	2.42	13812.03	904.63	8310.14	-33.94	187.46	87.52 20
103	372	336	159	111	202	169	5.96	-58.35	2.39	13807.43	896.60	8309.23	-28.15	177.34	85.15 20
103	372	336	160	112	202	169	5.86	-58.39	2.39	13798.46	896.17	8305.77	-42.59	169.37	76.59 20
103	372	336	159	112	203	169	5.74	-58.43	2.36	13795.93	888.36	8300.48	-63.01	163.50	68.66 20
103	372	335	160	112	203	169	5.68	-58.39	2.35	13792.34	886.15	8303.05	-69.46	165.23	66.98 20
102	372	336	160	112	203	169	5.68	-58.36	2.33	13785.92	882.24	8308.90	-62.64	163.46	70.23 20
103	372	335	159	111	203	169	5.62	-58.39	2.31	13780.62	876.93	8309.26	-68.70	152.14	69.72 20
102	372	336	160	112	203	169	5.55	-58.36	2.25	13779.59	862.48	8318.59	-63.27	159.83	72.43 20
103	371	336	160	111	203	169	5.58	-58.39	2.26	13778.81	865.76	8329.26	-61.51	150.29	72.26 20
104	372	336	160	111	202	169	5.53	-58.42	2.28	13774.27	868.87	8337.80	-81.28	137.23	64.90 20
103	372	336	160	112	203	169	5.56	-58.47	2.29	13776.96	872.83	8338.51	-89.42	121.77	62.15 20
103	371	336	159	112	203	169	5.66	-58.56	2.36	13778.31	887.18	8328.38	-89.15	109.53	66.14 20
103	372	337	160	111	203	169	5.76	-58.64	2.41	13778.40	900.02	8314.16	-95.99	105.00	72.39 20
102	372	336	160	112	203	169	5.84	-58.66	2.45	13773.68	910.02	8305.86	-101.04	99.40	83.97 20
103	372	336	160	112	202	168	5.91	-58.67	2.46	13762.79	910.12	8295.16	-93.99	103.63	101.12 20
103	373	336	160	112	204	169	6.04	-58.67	2.53	13758.25	927.22	8284.40	-97.94	106.65	120.81 20
103	372	336	160	112	203	169	6.10	-58.73	2.57	13751.34	937.86	8268.58	-118.24	100.82	148.47 20
103	372	336	160	112	203	169	6.14	-58.82	2.59	13740.57	941.56	8238.15	-130.43	101.58	186.50 20
