212	527	517	140	108	221	167	-20.35	-62.43	-12.14	14357.08	-2683.46	7113.20	387.89	-557.86	-312.95 3
212	527	517	139	108	220	165	-20.40	-62.55	-12.16	14350.23	-2687.09	7107.34	382.80	-595.32	-326.55 3
212	528	517	140	108	222	167	-20.26	-62.83	-12.15	14351.92	-2684.34	7111.77	390.96	-614.50	-335.22 3
211	528	517	140	108	221	167	-20.25	-63.00	-12.06	14360.52	-2663.52	7078.18	368.16	-593.43	-317.11 3
212	528	517	140	108	220	166	-20.28	-63.01	-12.09	14344.70	-2667.54	7061.87	356.65	-577.90	-295.26 3
212	528	517	140	108	221	167	-20.27	-63.15	-12.04	14351.26	-2657.77	7041.38	343.32	-570.01	-283.09 3
212	528	517	140	108	222	167	-20.30	-63.17	-12.02	14353.90	-2653.08	7031.51	328.55	-546.76	-271.69 3
211	528	517	139	108	220	167	-20.30	-63.19	-11.99	14346.80	-2643.02	7015.54	299.18	-526.17	-257.80 3
212	528	517	140	108	221	167	-20.36	-63.29	-11.96	14359.06	-2637.27	6986.96	277.57	-506.86	-251.06 3
213	528	517	140	107	222	166	-20.29	-63.36	-11.88	14367.31	-2620.01	6951.61	277.69	-461.47	-237.36 3
213	528	517	140	108	221	167	-20.14	-63.37	-11.79	14363.94	-2595.81	6934.83	264.20	-421.30	-223.84 3
212	528	517	140	109	222	167	-20.12	-63.28	-11.75	14363.55	-2584.62	6921.89	247.14	-367.73	-197.25 3
212	528	517	140	108	221	167	-20.25	-63.17	-11.75	14365.97	-2586.99	6922.79	227.44	-330.49	-179.54 3
212	528	517	140	109	222	168	-20.39	-63.01	-11.82	14368.47	-2604.64	6927.65	227.57	-288.22	-170.81 3
212	528	517	140	108	221	168	-20.30	-62.94	-11.79	14377.45	-2597.21	6931.47	230.89	-255.26	-168.77 3
212	528	517	140	108	221	167	-20.26	-62.86	-11.74	14389.37	-2589.75	6934.10	208.74	-218.05	-162.93 3
212	528	517	140	108	223	168	-20.38	-62.73	-11.77	14397.11	-2598.06	6940.59	195.01	-179.49	-154.99 3
212	528	517	140	108	222	167	-20.21	-62.63	-11.73	14402.05	-2588.76	6952.56	194.96	-150.37	-156.09 3
212	528	517	140	108	222	167	-20.15	-62.52	-11.73	14404.35	-2589.32	6963.13	196.31	-120.95	-153.43 3
212	528	517	140	108	222	167	-19.94	-62.48	-11.71	14400.53	-2581.05	6970.98	205.49	-106.60	-155.41 3
212	528	517	141	108	222	168	-19.76	-62.41	-11.64	14410.30	-2567.20	6978.03	200.62	-82.77	-152.94 3
212	528	517	140	108	221	167	-19.62	-62.32	-11.58	14405.99	-2551.04	6984.73	200.24	-58.23	-139.49 3
212	528	517	140	109	222	167	-19.58	-62.24	-11.60	14385.29	-2552.89	6992.49	204.02	-43.77	-125.02 3
212	528	517	141	109	222	168	-19.42	-62.21	-11.57	14374.82	-2541.04	6993.67	208.87	-24.83	-115.82 3
212	528	517	140	109	221	167	-19.37	-62.17	-11.54	14371.68	-2534.39	6997.98	218.93	-12.59	-105.53 3
212	528	517	140	108	221	168	-19.19	-62.11	-11.49	14361.70	-2519.07	6997.28	225.93	12.94	-87.45 3
212	528	517	141	108	223	167	-19.09	-62.08	-11.44	14355.61	-2504.92	6996.22	227.39	37.44	-66.88 3
211	528	517	141	109	223	167	-19.05	-62.00	-11.44	14343.43	-2502.47	7000.21	229.02	57.42	-49.93 3
212	528	517	141	109	220	167	-18.97	-61.90	-11.44	14335.46	-2499.95	7008.20	235.07	87.25	-31.89 3
212	528	517	140	108	221	167	-18.93	-61.74	-11.44	14337.29	-2501.35	7016.19	230.96	123.94	-8.59 3
212	528	517	140	108	222	167	-18.92	-61.64	-11.50	14328.22	-2515.48	7034.38	241.86	130.64	6.24 3
213	528	517	140	108	222	168	-18.87	-61.68	-11.45	14340.61	-2504.51	7031.46	244.27	140.41	16.98 3
212	528	517	140	108	221	167	-18.96	-61.61	-11.46	14333.98	-2506.88	7030.09	232.21	157.14	32.03 3
212	528	517	140	108	221	167	-19.00	-61.55	-11.49	14328.48	-2512.14	7030.18	228.05	169.53	29.63 3
212	528	517	141	108	221	167	-18.78	-61.58	-11.40	14324.06	-2488.93	7041.67	221.60	177.30	25.79 3
212	528	517	140	108	222	167	-18.90	-61.51	-11.43	14322.65	-2496.89	7054.79	197.92	192.14	31.25 3
212	528	518	141	109	221	167	-18.89	-61.48	-11.41	14335.12	-2494.04	7057.45	189.57	208.43	33.89 3
212	528	517	140	108	221	167	-18.99	-61.39	-11.41	14327.16	-2491.74	7069.58	161.24	228.31	43.20 3
212	528	517	141	108	221	167	-19.15	-61.33	-11.48	14326.01	-2507.55	7083.70	144.58	231.44	50.14 3
211	528	517	140	108	222	167	-19.20	-61.31	-11.51	14321.11	-2514.97	7091.71	138.75	232.67	56.23 3
212	528	517	140	108	223	167	-19.30	-61.21	-11.55	14323.65	-2526.83	7110.13	123.36	243.44	60.02 3
212	528	517	140	109	221	167	-19.45	-61.13	-11.63	14321.87	-2545.68	7133.02	108.89	239.17	56.52 3
211	528	517	141	109	221	168	-19.57	-61.12	-11.67	14316.97	-2554.20	7142.77	87.35	230.26	48.64 3
212	528	517	141	108	221	167	-19.47	-61.18	-11.63	14312.92	-2543.29	7143.23	64.58	223.50	34.56 3
212	528	517	141	109	223	168	-19.44	-61.21	-11.61	14308.28	-2537.93	7152.47	44.20	214.07	30.53 3
212	528	517	141	108	222	167	-19.42	-61.21	-11.57	14306.86	-2529.23	7161.05	24.89	213.07	31.21 3
212	529	518	141	108	220	167	-19.55	-61.14	-11.64	14295.92	-2543.57	7177.39	8.45	207.96	29.09 3
212	528	517	141	109	222	167	-19.52	-61.08	-11.67	14287.12	-2548.39	7193.52	21.18	204.07	20.19 3
212	528	517	141	108	221	167	-19.52	-61.04	-11.68	14274.37	-2548.77	7201.65	14.02	203.51	7.18 3
211	528	517	141	108	222	167	-19.54	-60.99	-11.71	14268.05	-2555.73	7213.16	-1.43	205.69	-3.38 3
212	528	517	141	109	222	167	-19.50	-60.98	-11.71	14256.65	-2554.94	7220.91	2.04	196.70	-17.66 3
212	528	517	141	108	222	167	-19.34	-61.02	-11.68	14253.61	-2545.60	7221.46	21.44	191.57	-29.23 3
212	528	517	141	108	222	168	-19.09	-61.05	-11.63	14248.53	-2530.32	7228.59	43.16	180.44	-28.62 3
212	528	517	141	108	221	167	-18.95	-61.09	-11.60	14244.91	-2522.80	7230.36	61.91	173.32	-23.63 3
212	528	517	141	108	221	167	-18.94	-61.18	-11.55	14249.06	-2512.66	7221.24	47.01	170.10	-19.45 3
212	528	517	141	108	222	167	-19.15	-61.23	-11.60	14259.01	-2526.83	7219.18	29.16	166.30	-12.83 3
212	528	516	141	108	223	167	-19.13	-61.23	-11.57	14265.26	-2519.49	7217.22	14.90	176.13	-12.29 3
212	528	517	142	109	221	167	-19.28	-61.20	-11.60	14263.00	-2526.31	7204.36	0.16	195.87	-11.07 3
212	528	517	141	109	221	167	-19.35	-61.09	-11.62	14250.45	-2529.20	7200.14	-6.05	218.28	-14.42 3
211	528	517	141	109	222	168	-19.24	-61.07	-11.59	14254.12	-2521.74	7201.13	-11.25	231.42	-24.45 3
212	528	517	141	108	222	168	-19.12	-60.88	-11.55	14246.42	-2509.05	7222.48	-19.49	256.10	-24.08 3
212	528	517	141	109	222	167	-19.22	-60.70	-11.61	14232.10	-2522.40	7246.55	-33.01	268.84	-17.42 3
212	528	517	141	108	221	168	-19.27	-60.58	-11.67	14230.49	-2536.48	7277.43	-33.31	273.40	-13.25 3
212	528	517	141	108	221	167	-19.31	-60.50	-11.73	14221.77	-2549.25	7301.75	-35.05	269.43	-11.34 3
212	528	517	141	109	222	168	-19.38	-60.50	-11.78	14215.88	-2561.59	7321.67	-34.09	255.66	-15.87 3
212	528	517	141	109	221	167	-19.25	-60.57	-11.71	14222.08	-2545.91	7321.78	-37.19	250.07	-20.73 3
212	528	517	142	109	221	167	-19.20	-60.62	-11.67	14218.38	-2534.82	7317.09	-47.08	244.77	-18.64 3
212	528	517	141	109	220	167	-19.15	-60.58	-11.67	14218.26	-2534.87	7317.24	-41.53	250.73	-23.41 3
212	528	517	140	108	221	168	-19.14	-60.46	-11.70	14211.75	-2540.33	7335.98	-35.80	260.05	-26.59 3
212	528	517	141	109	221	166	-19.16	-60.31	-11.73	14212.16	-2549.51	7362.18	-38.91	266.24	-29.81 3
212	528	517	142	108	221	168	-19.18	-60.25	-11.75	14214.15	-2554.64	7384.47	-49.36	262.23	-41.52 3
212	528	517	141	109	222	168	-19.20	-60.24	-11.76	14217.84	-2557.31	7386.85	-64.20	258.12	-60.44 3
212	528	517	141	108	222	167	-19.16	-60.23	-11.75	14219.75	-2555.04	7395.50	-61.49	258.41	-75.12 3
211	528	517	141	108	221	168	-18.95	-60.24	-11.70	14208.76	-2540.29	7411.33	-60.61	253.94	-86.17 3
212	528	517	141	109	221	168	-18.83	-60.25	-11.64	14205.33	-2524.87	7416.96	-71.08	252.40	-89.86 3
212	528	517	141	107	221	168	-18.74	-60.20	-11.63	14201.46	-2522.83	7429.11	-67.03	254.33	-90.71 3
212	528	517	141	109	223	168	-18.70	-60.18	-11.62	14186.79	-2515.29	7440.26	-67.78	251.06	-90.53 3
212	528	517	141	108	221	168	-18.64	-60.23	-11.59	14178.85	-2507.33	7444.04	-82.14	235.46	-91.15 3
212	528	517	141	108	222	167	-18.71	-60.22	-11.60	14175.70	-2508.16	7445.44	-94.68	237.93	-86.59 3
212	528	517	142	109	222	168	-18.80	-60.19	-11.62	14168.72	-2511.15	7443.37	-107.75	246.49	-89.26 3
212	528	517	142	109	222	168	-18.81	-60.14	-11.65	14158.28	-2517.79	7440.60	-98.91	245.46	-94.15 3
212	528	517	142	108	222	168	-18.67	-60.12	-11.63	14155.37	-2512.70	7442.57	-77.36	246.89	-99.19 3
212	528	517	142	108	221	168	-18.57	-60.11	-11.58	14153.00	-2499.67	7445.44	-82.14	256.05	-97.83 3
212	528	517	141	108	221	168	-18.59	-60.05	-11.60	14156.95	-2504.88	7454.77	-78.99	267.29	-92.59 3
212	529	517	142	108	221	167	-18.54	-59.98	-11.62	14150.90	-2509.64	7471.63	-69.89	262.93	-103.86 3
212	528	517	142	109	221	168	-18.47	-59.94	-11.60	14151.96	-2502.16	7487.45	-77.54	262.18	-111.72 3
212	528	517	142	109	221	167	-18.43	-59.92	-11.64	14137.16	-2511.45	7512.08	-73.62	236.27	-127.38 3
212	528	517	141	108	222	168	-18.33	-60.02	-11.62	14132.30	-2504.48	7518.87	-62.94	202.66	-144.06 3
211	528	517	142	108	222	168	-18.09	-60.20	-11.54	14123.48	-2482.05	7522.33	-63.59	159.88	-153.66 3
212	528	517	142	108	222	168	-18.02	-60.36	-11.50	14117.71	-2470.55	7525.41	-69.96	115.48	-154.23 3
212	528	517	142	108	221	168	-18.00	-60.43	-11.45	14124.22	-2460.22	7523.34	-78.06	110.66	-143.12 3
213	528	517	142	108	221	167	-17.97	-60.43	-11.47	14117.81	-2463.41	7526.98	-57.81	101.98	-134.91 3
212	528	517	141	108	221	167	-17.79	-60.46	-11.43	14118.12	-2453.44	7534.03	-45.07	87.73	-136.82 3
213	528	517	142	108	221	167	-17.56	-60.55	-11.35	14130.02	-2435.57	7546.93	-30.36	69.79	-128.32 3
213	528	517	142	108	222	167	-17.42	-60.57	-11.33	14125.52	-2431.99	7558.18	-3.15	50.55	-116.11 3
213	528	517	142	108	223	168	-17.18	-60.74	-11.26	14131.44	-2413.99	7548.27	32.66	23.72	-113.00 3
213	528	517	142	108	221	167	-16.99	-60.85	-11.18	14131.67	-2393.29	7538.66	48.33	11.34	-107.15 3
212	528	517	142	107	220	167	-16.86	-60.98	-11.05	14144.48	-2364.23	7523.52	36.81	7.42	-96.50 3
212	528	517	142	108	222	167	-17.07	-61.01	-11.08	14154.86	-2374.42	7507.35	31.72	14.75	-80.02 3
213	528	517	142	108	223	168	-17.08	-61.04	-11.07	14160.91	-2371.30	7494.38	40.68	25.56	-75.72 3
212	528	517	142	108	221	167	-17.30	-61.02	-11.10	14161.67	-2380.93	7494.06	4.20	23.63	-83.18 3
213	528	517	142	108	221	167	-17.43	-61.03	-11.14	14171.18	-2391.28	7486.56	2.84	26.10	-88.32 3
212	528	517	142	109	222	168	-17.27	-61.05	-11.09	14171.83	-2379.92	7484.23	14.70	26.90	-93.06 3
213	528	517	142	108	222	167	-17.18	-61.07	-11.06	14174.03	-2371.32	7481.22	18.11	23.85	-90.91 3
212	528	517	142	108	221	168	-17.12	-60.97	-11.05	14163.33	-2368.96	7499.36	19.66	23.01	-81.71 3
212	528	517	142	108	222	168	-17.08	-60.99	-11.04	14160.96	-2365.91	7507.99	21.83	12.01	-78.42 3
212	528	518	142	109	222	168	-16.92	-61.02	-11.02	14145.51	-2356.61	7513.19	30.23	-4.54	-70.10 3
212	528	517	143	108	222	168	-16.91	-61.14	-10.95	14148.84	-2341.38	7504.33	19.47	-22.86	-58.65 3
212	528	517	142	108	222	168	-16.96	-61.28	-10.93	14155.00	-2337.91	7476.91	29.50	-29.22	-46.27 3
212	528	517	142	109	222	167	-16.90	-61.38	-10.89	14157.04	-2327.42	7446.27	48.57	-18.16	-32.90 3
213	528	517	142	108	221	167	-16.77	-61.41	-10.84	14156.99	-2313.45	7428.75	67.54	-4.15	-20.31 3
213	528	518	142	109	222	168	-16.65	-61.37	-10.80	14161.74	-2303.97	7417.32	87.12	24.01	-8.44 3
212	528	517	142	108	222	168	-16.70	-61.21	-10.82	14159.66	-2309.78	7422.65	93.11	50.16	6.53 3
212	528	518	143	109	221	168	-16.76	-61.16	-10.86	14165.87	-2321.09	7427.32	112.01	63.85	12.70 3
212	528	517	142	109	221	168	-16.57	-61.20	-10.80	14180.38	-2307.23	7415.75	141.51	80.11	19.12 3
212	527	517	142	109	221	168	-16.55	-61.17	-10.77	14187.36	-2301.27	7413.16	145.53	93.90	33.71 3
212	528	517	142	108	221	168	-16.65	-61.17	-10.80	14198.39	-2311.01	7417.51	153.25	92.25	42.08 3
212	528	517	143	108	223	168	-16.89	-61.05	-10.86	14207.67	-2329.26	7432.03	141.24	103.99	53.27 3
212	527	518	142	108	221	168	-17.27	-60.89	-11.02	14218.69	-2371.99	7447.23	121.53	104.69	50.21 3
212	527	517	142	108	221	167	-17.52	-60.88	-11.10	14222.75	-2391.79	7458.27	109.90	93.41	34.75 3
212	527	517	142	109	222	168	-17.67	-61.00	-11.12	14229.62	-2398.80	7449.15	94.31	74.74	5.56 3
212	527	517	143	109	222	167	-17.82	-61.20	-11.10	14244.93	-2396.26	7413.70	79.34	70.35	-18.27 3
211	527	517	143	109	222	167	-18.03	-61.36	-11.08	14252.89	-2392.85	7368.21	46.53	82.78	-45.10 3
211	526	517	142	109	221	167	-18.50	-61.43	-11.11	14259.64	-2402.61	7320.40	-3.35	114.84	-74.60 3
212	527	517	142	109	220	168	-18.77	-61.41	-11.13	14260.46	-2407.48	7284.58	-40.98	158.25	-120.12 3
212	527	517	142	109	222	166	-18.86	-61.42	-11.07	14259.04	-2392.10	7246.35	-81.18	205.39	-166.26 3
212	526	517	143	108	222	168	-19.02	-61.30	-11.05	14262.49	-2388.30	7226.03	-114.18	263.12	-213.45 3
211	527	517	143	108	220	168	-18.98	-60.97	-11.04	14262.56	-2383.68	7234.73	-144.52	338.31	-263.18 3
212	526	517	142	108	222	168	-19.00	-60.45	-11.07	14247.83	-2388.50	7287.39	-187.04	411.10	-306.02 3
212	526	517	142	108	222	168	-18.94	-59.95	-11.13	14226.24	-2400.47	7381.03	-207.49	447.44	-357.97 3
212	526	517	143	109	221	168	-18.66	-59.67	-11.09	14201.13	-2385.65	7454.17	-221.76	435.82	-413.82 3
211	526	517	142	108	221	168	-18.40	-59.57	-11.00	14192.67	-2361.17	7509.47	-263.28	414.03	-456.53 3
212	526	517	143	108	221	168	-18.05	-59.49	-10.86	14172.64	-2322.91	7564.19	-305.86	376.93	-485.40 3
212	526	517	143	109	220	168	-17.70	-59.58	-10.70	14150.01	-2277.36	7593.38	-347.57	327.63	-506.03 3
212	526	517	142	109	220	169	-17.31	-59.74	-10.54	14137.51	-2234.30	7606.71	-366.24	274.35	-513.98 3
212	525	517	142	109	221	167	-16.79	-59.97	-10.33	14125.63	-2180.38	7596.58	-372.53	233.83	-517.63 3
212	526	517	143	108	221	167	-16.40	-60.23	-10.14	14123.35	-2132.16	7572.95	-383.20	205.59	-509.50 3
212	525	517	142	109	221	168	-16.13	-60.40	-9.99	14118.98	-2094.15	7542.30	-399.49	208.66	-486.62 3
212	525	517	142	109	221	168	-16.07	-60.35	-9.98	14112.63	-2091.45	7538.79	-387.97	224.68	-456.99 3
211	524	517	142	109	222	168	-15.96	-60.20	-9.98	14103.00	-2091.87	7562.65	-369.72	235.99	-437.74 3
212	524	517	142	109	221	166	-16.09	-60.12	-10.04	14104.65	-2105.28	7583.71	-374.43	234.14	-424.41 3
211	524	517	142	108	221	168	-16.17	-60.06	-10.09	14100.82	-2116.82	7602.33	-370.41	223.04	-420.09 3
211	524	517	143	109	222	168	-16.05	-60.13	-10.08	14104.38	-2114.18	7610.21	-356.19	204.54	-420.33 3
212	524	517	143	109	223	168	-15.89	-60.24	-9.99	14112.56	-2095.67	7608.10	-353.83	190.51	-413.36 3
212	524	517	143	108	221	167	-15.91	-60.30	-9.97	14124.33	-2090.68	7604.30	-360.79	187.98	-405.05 3
212	524	517	143	109	222	168	-15.96	-60.36	-9.94	14125.71	-2085.35	7601.88	-372.05	181.53	-394.24 3
211	524	517	143	109	222	168	-16.01	-60.39	-9.95	14133.43	-2087.28	7605.99	-376.90	171.76	-388.93 3
212	523	517	143	109	220	167	-16.00	-60.38	-9.93	14142.75	-2084.12	7611.09	-382.35	178.47	-389.04 3
211	523	517	143	109	221	168	-15.93	-60.34	-9.90	14139.62	-2075.31	7622.33	-388.49	175.75	-393.43 3
212	523	517	143	109	220	168	-15.81	-60.41	-9.80	14149.04	-2054.15	7621.22	-387.91	166.16	-394.51 3
212	523	517	143	109	222	168	-15.66	-60.38	-9.75	14143.78	-2041.64	7629.15	-382.17	167.10	-391.59 3
211	522	517	143	110	221	168	-15.47	-60.45	-9.68	14139.79	-2022.96	7635.50	-365.41	154.80	-396.21 3
211	522	516	142	108	221	168	-15.25	-60.49	-9.60	14138.00	-2003.01	7637.92	-356.29	144.86	-389.40 3
212	522	517	142	109	221	167	-15.12	-60.55	-9.56	14138.90	-1992.86	7641.63	-346.52	139.36	-381.53 3
211	521	516	143	109	222	168	-14.87	-60.61	-9.48	14129.76	-1971.82	7640.14	-328.30	121.60	-375.90 3
211	521	517	143	109	222	167	-14.94	-60.71	-9.47	14132.07	-1968.42	7632.54	-327.43	109.27	-365.76 3
212	521	517	143	109	219	167	-14.99	-60.76	-9.50	14122.47	-1974.00	7622.11	-310.46	94.60	-366.67 3
211	522	517	143	109	222	168	-14.98	-60.83	-9.50	14115.74	-1973.10	7615.80	-298.64	77.17	-371.08 3
211	521	517	143	109	223	167	-14.94	-61.00	-9.51	14105.96	-1973.45	7614.21	-296.81	22.91	-389.18 3
211	523	516	143	109	221	166	-14.91	-61.17	-9.44	14122.86	-1959.38	7609.30	-299.46	-1.18	-390.77 3
211	522	516	142	108	221	166	-14.80	-61.23	-9.40	14130.32	-1950.61	7607.64	-282.69	-8.97	-377.83 3
211	522	516	143	108	221	166	-14.46	-61.39	-9.26	14146.40	-1919.88	7591.26	-259.16	-21.52	-361.24 3
211	522	516	143	109	222	166	-14.39	-61.47	-9.21	14157.08	-1909.08	7577.09	-251.55	-14.10	-338.78 3
211	522	516	142	109	221	166	-14.33	-61.47	-9.20	14161.42	-1905.63	7569.24	-230.97	-5.69	-317.94 3
211	522	516	142	109	221	166	-14.16	-61.52	-9.10	14167.95	-1883.75	7567.38	-226.57	-17.96	-308.44 3
211	522	516	142	109	221	165	-14.28	-61.58	-9.10	14178.36	-1883.16	7565.61	-232.69	-30.36	-292.52 3
210	522	516	143	109	222	165	-14.17	-61.66	-9.08	14189.84	-1880.20	7563.13	-195.11	-43.84	-284.94 3
210	522	516	143	108	221	165	-14.16	-61.59	-9.06	14198.75	-1877.79	7566.37	-189.20	-25.75	-276.25 3
211	522	516	143	109	222	166	-14.14	-61.65	-9.02	14209.61	-1869.10	7556.45	-193.49	-20.16	-277.64 3
211	522	516	143	109	220	166	-14.25	-61.63	-9.06	14209.33	-1879.85	7550.43	-184.72	-20.65	-289.70 3
210	522	516	142	108	221	165	-14.21	-61.65	-9.03	14212.46	-1873.65	7538.11	-170.63	-24.92	-311.82 3
210	522	516	143	109	221	164	-13.93	-61.81	-8.96	14223.44	-1856.57	7518.80	-149.20	-38.83	-323.48 3
210	522	515	143	109	221	165	-13.78	-61.92	-8.85	14236.87	-1831.34	7496.06	-132.04	-35.63	-314.20 3
211	522	516	142	109	221	165	-13.72	-61.91	-8.80	14237.22	-1820.18	7493.06	-129.69	-30.40	-312.99 3
210	522	516	142	109	221	165	-13.58	-61.92	-8.75	14230.56	-1805.17	7488.01	-116.26	-32.83	-311.59 3
210	522	515	142	109	221	165	-13.44	-61.97	-8.71	14238.83	-1797.11	7480.41	-111.54	-36.59	-305.21 3
210	522	516	143	109	221	165	-13.35	-61.92	-8.69	14235.49	-1791.05	7481.18	-101.47	-38.26	-299.75 3
210	522	515	143	109	222	164	-13.08	-61.94	-8.63	14234.72	-1777.90	7489.93	-74.19	-54.95	-299.87 3
210	522	516	143	109	220	164	-12.81	-61.98	-8.55	14240.58	-1758.21	7491.03	-47.43	-63.40	-290.62 3
210	522	515	143	110	221	165	-12.59	-62.05	-8.46	14251.55	-1737.70	7490.68	-33.06	-73.28	-277.74 3
210	522	515	143	109	221	164	-12.63	-62.11	-8.46	14265.17	-1738.21	7491.14	-17.71	-90.62	-269.30 3
209	521	515	143	109	221	164	-12.53	-62.20	-8.42	14275.51	-1730.50	7482.79	8.93	-105.94	-265.89 3
210	522	515	142	109	220	164	-12.39	-62.38	-8.33	14292.54	-1710.77	7460.65	19.83	-117.74	-261.24 3
210	521	515	143	109	221	164	-12.31	-62.51	-8.27	14299.71	-1697.04	7445.01	23.09	-133.30	-263.63 3
210	522	515	143	109	221	164	-12.18	-62.63	-8.21	14311.92	-1684.18	7426.96	41.14	-139.94	-264.75 3
210	522	515	142	108	220	164	-12.03	-62.69	-8.15	14316.53	-1670.58	7412.22	56.53	-138.99	-271.01 3
210	522	515	142	108	220	163	-11.78	-62.79	-8.04	14323.50	-1643.25	7394.20	65.30	-139.04	-271.71 3
209	522	515	142	109	221	164	-11.60	-62.87	-7.91	14332.53	-1611.08	7371.29	59.04	-129.94	-267.93 3
210	522	515	143	108	222	164	-11.43	-62.96	-7.81	14339.50	-1588.93	7349.33	65.39	-125.74	-257.68 3
209	521	515	142	108	220	164	-11.40	-62.96	-7.76	14345.52	-1575.68	7341.06	62.02	-117.35	-242.30 3
209	521	515	142	108	221	163	-11.52	-62.99	-7.78	14341.85	-1582.90	7334.01	67.57	-124.69	-232.93 3
210	522	515	143	109	221	163	-11.43	-63.08	-7.74	14346.75	-1571.95	7314.31	70.99	-128.60	-229.33 3
209	522	515	143	109	221	162	-11.29	-63.16	-7.66	14349.82	-1551.36	7300.99	73.19	-134.22	-222.77 3
210	522	515	142	109	221	163	-11.23	-63.23	-7.56	14351.13	-1528.79	7277.34	45.23	-125.06	-210.58 3
210	522	515	142	109	221	163	-11.39	-63.21	-7.59	14349.57	-1535.15	7265.48	36.12	-111.56	-195.80 3
209	521	515	142	109	221	162	-11.25	-63.19	-7.56	14347.49	-1527.19	7259.20	53.96	-113.63	-195.11 3
210	522	515	143	109	221	162	-10.94	-63.27	-7.44	14364.52	-1500.03	7254.84	51.61	-124.80	-196.66 3
210	521	515	142	108	220	163	-10.92	-63.30	-7.38	14376.49	-1487.03	7247.70	35.38	-119.06	-179.87 3
209	522	514	142	108	221	163	-10.90	-63.34	-7.35	14380.87	-1480.88	7234.52	43.56	-116.36	-166.13 3
210	522	514	142	108	221	163	-10.82	-63.44	-7.29	14389.22	-1466.83	7218.59	45.58	-118.14	-151.17 3
210	522	514	143	108	221	163	-10.98	-63.53	-7.29	14410.96	-1467.69	7198.66	36.76	-121.28	-141.41 3
210	521	514	142	109	220	163	-11.21	-63.60	-7.33	14431.21	-1480.11	7184.33	28.12	-121.47	-142.79 3
210	521	515	142	108	219	163	-11.32	-63.70	-7.35	14445.85	-1487.30	7179.11	31.36	-133.19	-164.70 3
210	521	515	142	108	221	163	-11.29	-63.74	-7.34	14457.36	-1485.34	7181.75	33.89	-145.83	-190.17 3
210	521	514	143	109	221	161	-11.19	-63.84	-7.29	14465.09	-1474.67	7177.27	27.95	-162.49	-216.01 3
209	521	515	142	109	220	162	-11.11	-63.88	-7.26	14460.04	-1468.54	7179.60	20.90	-183.12	-243.21 3
209	522	514	143	108	219	163	-10.89	-64.10	-7.15	14473.63	-1442.71	7157.22	21.06	-209.96	-267.80 3
209	521	514	142	109	221	162	-10.69	-64.24	-7.05	14481.15	-1417.57	7143.56	16.90	-230.76	-274.11 3
210	521	515	143	108	220	161	-10.45	-64.41	-6.97	14490.70	-1397.30	7125.58	35.21	-255.63	-276.45 3
210	520	514	143	108	220	162	-10.16	-64.55	-6.86	14494.56	-1370.83	7108.70	50.40	-259.84	-265.83 3
209	520	514	142	108	220	161	-10.13	-64.60	-6.80	14492.63	-1355.09	7086.67	35.38	-253.85	-249.89 3
209	520	514	143	108	221	162	-10.31	-64.69	-6.78	14497.80	-1350.54	7068.54	26.56	-264.66	-240.84 3
209	520	514	143	109	220	161	-10.17	-64.82	-6.73	14504.71	-1338.21	7037.71	43.88	-269.43	-232.75 3
209	520	514	143	109	220	162	-9.95	-64.93	-6.63	14514.47	-1316.10	7004.82	51.04	-263.06	-216.66 3
209	520	514	143	107	221	161	-10.05	-64.95	-6.61	14518.35	-1312.89	6980.58	45.54	-245.70	-193.23 3
210	520	514	143	108	221	162	-10.16	-64.90	-6.65	14512.23	-1319.85	6970.15	51.91	-231.97	-184.02 3
210	519	513	143	108	222	161	-10.13	-64.90	-6.62	14530.02	-1314.06	6965.44	48.36	-220.22	-180.32 3
209	521	514	143	108	221	161	-10.20	-64.94	-6.60	14541.52	-1310.15	6961.17	37.20	-217.61	-175.90 3
209	519	513	143	108	220	161	-10.30	-64.94	-6.61	14552.44	-1315.85	6951.91	37.39	-203.98	-171.06 3
209	520	513	143	108	221	161	-10.09	-65.04	-6.52	14568.82	-1294.25	6930.32	35.62	-209.98	-175.71 3
208	519	513	142	109	221	161	-10.21	-65.10	-6.51	14594.18	-1294.74	6915.20	19.89	-200.48	-180.02 3
203	503	497	138	105	213	156	-10.23	-65.08	-6.48	14604.07	-1287.40	6901.84	12.54	-175.51	-184.22 3
211	524	518	144	109	222	162	-10.26	-65.15	-6.47	14602.27	-1286.43	6890.75	10.06	-180.98	-198.51 3
211	524	518	144	109	224	161	-10.09	-65.29	-6.41	14597.35	-1269.51	6877.81	1.51	-207.48	-225.13 3
212	524	518	143	108	222	160	-9.99	-65.55	-6.31	14613.89	-1245.44	6867.92	-26.76	-254.96	-264.33 3
210	524	518	144	109	221	159	-9.89	-65.68	-6.24	14617.19	-1228.76	6858.12	-42.68	-282.56	-290.21 3
210	523	518	144	109	222	158	-9.72	-65.79	-6.16	14634.53	-1211.33	6833.62	-40.74	-285.93	-293.30 3
211	523	518	144	107	223	157	-9.50	-65.79	-6.08	14639.61	-1190.36	6818.74	-28.61	-276.68	-284.83 3
211	523	518	144	109	223	157	-9.39	-65.92	-6.02	14651.22	-1176.24	6796.20	-27.93	-279.35	-280.14 3
211	523	518	144	109	222	157	-9.29	-65.99	-5.95	14670.66	-1160.63	6771.59	-30.43	-263.08	-264.24 3
211	523	518	144	109	222	157	-9.25	-65.98	-5.90	14694.13	-1150.60	6750.41	-31.71	-226.28	-244.62 3
211	522	518	144	108	223	157	-9.21	-65.94	-5.86	14700.82	-1141.67	6735.89	-18.02	-203.77	-235.09 3
211	522	518	144	108	223	158	-9.16	-65.94	-5.83	14717.38	-1135.98	6726.90	-13.37	-182.43	-231.14 3
211	522	518	144	109	222	157	-9.10	-65.91	-5.78	14739.11	-1125.19	6712.75	-16.45	-151.76	-228.83 3
211	522	518	144	108	223	158	-9.05	-65.83	-5.74	14749.96	-1115.33	6709.51	-25.38	-125.02	-229.29 3
211	522	518	144	108	223	158	-8.84	-65.78	-5.66	14758.06	-1097.16	6704.84	-20.26	-105.42	-231.52 3
211	523	518	144	108	223	158	-8.73	-65.74	-5.58	14764.35	-1077.70	6709.00	-25.85	-92.75	-236.30 3
211	523	518	144	108	222	158	-8.71	-65.76	-5.52	14776.94	-1063.42	6705.95	-34.26	-80.31	-233.13 3
211	523	518	144	108	223	159	-8.78	-65.73	-5.56	14773.09	-1072.45	6702.85	-22.59	-75.39	-228.13 3
211	523	517	144	109	223	159	-8.63	-65.82	-5.52	14771.84	-1062.42	6682.11	-0.76	-77.57	-232.52 3
211	523	517	144	108	224	159	-8.28	-65.90	-5.39	14785.64	-1031.10	6657.60	7.28	-61.34	-228.99 3
211	523	518	144	108	224	159	-8.17	-65.89	-5.33	14776.96	-1015.15	6652.72	6.86	-52.28	-223.39 3
211	524	518	144	108	222	159	-8.06	-65.83	-5.29	14768.31	-1003.79	6654.88	7.42	-45.01	-220.18 3
211	523	518	144	108	224	159	-7.85	-65.86	-5.25	14771.50	-994.00	6657.14	31.00	-56.21	-220.32 3
211	523	517	144	108	225	160	-7.50	-65.96	-5.15	14786.92	-968.70	6641.08	58.60	-55.95	-210.35 3
211	523	517	144	108	224	160	-7.43	-65.91	-5.10	14781.58	-957.47	6638.23	63.02	-32.70	-190.43 3
211	524	518	144	107	222	159	-7.50	-65.94	-5.11	14774.70	-959.19	6641.12	66.62	-51.52	-190.16 3
211	523	518	144	108	224	160	-7.44	-66.05	-5.06	14786.36	-946.23	6623.66	74.29	-61.09	-193.30 3
210	523	518	144	109	223	159	-7.42	-66.08	-5.02	14792.44	-937.52	6607.68	70.52	-50.44	-186.79 3
210	523	517	145	109	224	159	-7.24	-66.09	-4.99	14788.82	-929.64	6598.29	87.80	-43.87	-181.05 3
211	524	518	144	108	223	159	-7.14	-66.12	-4.94	14788.38	-916.96	6592.78	88.26	-47.27	-183.00 3
211	524	518	144	108	223	160	-7.10	-66.18	-4.89	14799.56	-905.71	6579.94	79.14	-46.06	-183.05 3
211	524	517	144	108	224	160	-7.14	-66.17	-4.93	14805.38	-914.83	6581.94	83.74	-43.66	-183.54 3
210	524	517	144	108	224	160	-7.02	-66.16	-4.87	14814.31	-900.49	6578.65	80.20	-33.42	-179.02 3
211	524	517	144	108	223	160	-6.93	-66.24	-4.82	14817.80	-889.06	6563.71	80.09	-41.60	-179.77 3
211	524	518	144	109	222	160	-6.86	-66.31	-4.79	14823.11	-880.41	6553.73	85.18	-47.42	-185.48 3
210	523	517	144	108	223	160	-6.60	-66.38	-4.66	14834.75	-849.79	6539.04	76.03	-35.85	-186.35 3
210	524	517	144	109	224	159	-6.61	-66.38	-4.64	14839.61	-845.70	6539.49	64.57	-32.51	-180.34 3
211	524	518	144	108	224	160	-6.48	-66.41	-4.60	14844.43	-834.21	6530.71	78.35	-27.68	-177.57 3
210	523	518	144	108	223	160	-6.35	-66.40	-4.57	14839.01	-827.50	6525.58	81.03	-26.25	-172.29 3
210	523	517	144	108	223	160	-6.25	-66.44	-4.53	14846.86	-818.13	6518.10	81.88	-32.69	-169.33 3
210	524	518	144	108	223	160	-6.19	-66.44	-4.47	14851.72	-802.42	6511.99	82.93	-26.50	-172.41 3
210	524	518	144	109	225	160	-6.22	-66.46	-4.44	14847.33	-793.70	6490.79	65.24	-10.78	-170.64 3
211	524	517	144	109	223	160	-6.35	-66.47	-4.43	14849.16	-791.42	6483.05	33.92	-0.79	-173.76 3
210	524	518	145	108	223	160	-6.25	-66.43	-4.41	14846.51	-786.05	6476.30	39.93	15.85	-176.22 3
210	524	517	144	109	224	160	-5.98	-66.32	-4.31	14833.78	-760.54	6479.89	39.03	36.66	-168.31 3
210	524	517	144	108	224	160	-5.90	-66.22	-4.24	14827.69	-741.52	6484.09	6.48	53.48	-153.09 3
210	524	517	145	108	224	160	-6.07	-66.13	-4.26	14817.31	-746.04	6491.69	-19.69	61.60	-139.79 3
211	524	517	145	108	223	160	-6.08	-66.16	-4.24	14827.24	-741.14	6486.90	-31.96	63.02	-135.35 3
211	524	517	144	109	224	160	-6.07	-66.13	-4.20	14833.88	-731.28	6481.36	-52.51	81.27	-132.38 3
210	524	517	144	108	223	160	-5.95	-66.04	-4.14	14837.58	-716.72	6482.89	-69.09	105.36	-127.56 3
211	524	517	144	108	224	160	-5.83	-66.00	-4.09	14845.30	-705.28	6488.14	-63.88	115.84	-122.23 3
211	524	517	144	109	223	159	-5.55	-65.93	-4.01	14845.84	-683.22	6502.54	-61.34	112.95	-118.47 3
211	524	517	145	109	223	160	-5.34	-65.89	-3.94	14858.15	-667.26	6529.01	-55.87	104.85	-105.00 3
211	524	518	144	108	223	159	-5.00	-65.83	-3.84	14855.64	-641.49	6553.96	-35.53	87.66	-87.05 3
210	524	517	145	109	223	160	-4.59	-65.85	-3.70	14862.46	-606.62	6582.66	-33.10	53.47	-67.70 3
211	524	517	144	109	223	160	-4.12	-65.95	-3.51	14866.73	-558.89	6605.73	-41.10	2.25	-38.06 3
211	524	517	144	109	223	160	-3.96	-66.03	-3.38	14864.40	-526.54	6624.64	-79.89	-46.26	3.04 3
211	524	517	144	109	223	161	-3.92	-66.17	-3.38	14877.78	-526.02	6637.41	-52.30	-92.90	38.74 3
212	524	517	144	108	222	161	-3.42	-66.34	-3.28	14869.29	-499.52	6636.14	9.77	-141.70	74.60 3
211	523	517	144	108	223	161	-3.53	-66.52	-3.27	14872.02	-498.34	6638.53	11.48	-198.67	126.42 3
211	524	517	144	109	224	160	-4.19	-66.64	-3.54	14891.82	-567.62	6643.01	64.76	-244.94	171.10 3
211	523	517	145	109	223	160	-4.50	-66.86	-3.71	14896.03	-612.44	6622.65	153.97	-285.69	192.30 3
211	523	517	144	108	222	160	-4.58	-67.24	-3.74	14906.23	-620.22	6584.32	196.42	-339.05	204.58 3
211	523	517	145	109	224	161	-5.03	-67.66	-3.82	14914.72	-641.01	6518.31	188.55	-379.25	225.70 3
211	523	517	145	108	224	161	-5.77	-67.97	-3.99	14918.58	-683.76	6455.99	190.97	-407.19	243.77 3
211	523	517	144	108	224	162	-6.14	-68.21	-4.14	14912.85	-721.77	6401.19	243.32	-418.98	246.23 3
211	523	517	144	108	223	161	-5.82	-68.51	-4.06	14909.61	-702.08	6336.93	272.41	-430.73	243.97 3
211	523	517	144	108	224	161	-5.72	-68.73	-3.98	14900.13	-679.78	6282.28	231.94	-434.04	260.52 3
211	523	517	145	108	225	161	-5.99	-68.86	-4.02	14906.92	-690.39	6241.17	199.89	-430.89	285.29 3
211	523	517	145	109	224	161	-5.93	-68.89	-4.06	14915.58	-703.07	6206.11	249.90	-404.15	300.93 3
211	523	517	144	108	223	161	-5.41	-68.94	-3.92	14923.20	-666.52	6174.21	261.45	-381.44	331.93 3
210	523	517	144	109	225	162	-5.54	-68.90	-3.86	14934.84	-651.79	6159.89	186.03	-353.62	392.39 3
211	523	517	144	108	224	162	-6.63	-68.74	-4.15	14941.89	-727.80	6167.70	148.93	-350.54	450.57 3
211	522	517	145	107	224	161	-6.96	-68.66	-4.37	14976.00	-785.01	6167.11	250.83	-332.96	459.64 3
211	523	517	144	108	224	162	-6.39	-68.69	-4.27	14986.60	-762.56	6161.36	324.14	-331.71	477.21 3
211	523	517	145	108	224	162	-6.65	-68.80	-4.27	14988.47	-761.63	6140.49	254.08	-346.38	518.70 3
211	523	517	144	108	225	163	-7.71	-68.85	-4.57	15013.45	-840.55	6129.67	238.93	-367.21	547.86 3
211	523	517	144	108	225	163	-8.03	-68.98	-4.73	15034.57	-883.12	6098.78	322.78	-372.15	552.62 3
211	523	517	145	108	225	163	-7.89	-69.16	-4.70	15040.44	-877.97	6061.44	360.19	-377.79	561.84 3
211	523	517	144	108	224	163	-8.42	-69.35	-4.81	15061.62	-907.07	6020.57	348.73	-390.80	574.49 3
211	523	517	144	108	223	163	-9.38	-69.46	-5.07	15079.74	-975.31	5977.94	363.05	-390.36	575.27 3
211	523	517	144	109	224	163	-9.91	-69.61	-5.21	15098.15	-1013.35	5923.25	389.04	-379.29	560.61 3
211	523	517	144	108	225	163	-10.37	-69.70	-5.31	15110.05	-1039.28	5890.68	374.64	-372.93	537.98 3
211	523	517	145	108	224	163	-10.86	-69.76	-5.41	15118.54	-1067.12	5855.75	351.36	-355.28	512.38 3
211	522	517	145	108	224	163	-11.03	-69.75	-5.45	15119.82	-1078.16	5828.36	342.24	-328.27	487.51 3
211	523	517	145	108	225	163	-10.96	-69.76	-5.45	15126.02	-1078.65	5804.14	336.23	-300.45	472.43 3
211	523	517	144	108	224	162	-10.82	-69.79	-5.42	15127.72	-1070.32	5767.34	324.22	-265.88	462.01 3
211	522	517	145	108	224	163	-10.93	-69.77	-5.43	15127.54	-1072.60	5735.37	287.11	-231.34	468.56 3
211	522	517	144	108	223	163	-11.41	-69.55	-5.59	15146.16	-1117.17	5731.80	299.90	-175.67	475.13 3
210	522	517	144	108	225	164	-11.48	-69.20	-5.70	15146.45	-1146.92	5747.81	346.76	-114.44	464.03 3
211	523	517	144	108	223	163	-11.33	-69.04	-5.68	15140.33	-1140.37	5758.62	339.97	-86.26	443.87 3
211	523	517	145	108	224	164	-11.38	-68.97	-5.66	15144.71	-1134.35	5763.29	285.77	-71.90	428.83 3
211	523	517	144	108	224	164	-11.48	-68.92	-5.73	15155.08	-1154.43	5762.93	292.43	-59.16	414.69 3
211	524	517	145	108	224	163	-11.16	-68.79	-5.72	15158.32	-1151.91	5765.58	356.11	-21.30	404.81 3
211	524	517	144	108	224	163	-10.36	-68.77	-5.53	15156.01	-1102.32	5759.30	379.90	3.52	409.46 3
211	524	517	145	109	224	164	-10.54	-68.68	-5.57	15160.20	-1113.00	5772.73	346.86	13.89	443.19 3
210	524	517	145	108	224	164	-11.18	-68.53	-5.81	15169.19	-1177.55	5789.70	348.97	14.75	463.13 3
211	524	517	145	109	224	164	-11.40	-68.52	-5.98	15175.33	-1221.27	5806.81	404.72	-13.44	458.93 3
210	524	517	145	108	225	164	-11.57	-68.61	-6.03	15185.17	-1235.81	5803.87	395.23	-36.52	459.83 3
211	524	517	144	109	224	164	-12.05	-68.66	-6.14	15176.11	-1263.82	5798.48	356.02	-52.04	468.14 3
210	524	516	145	109	224	164	-12.52	-68.79	-6.27	15168.90	-1296.03	5773.35	352.52	-72.89	468.23 3
211	524	516	144	109	224	164	-12.40	-68.95	-6.26	15164.86	-1294.23	5743.29	386.84	-83.65	451.82 3
211	524	517	144	109	224	163	-12.17	-68.99	-6.19	15166.81	-1276.72	5720.52	404.50	-66.96	455.98 3
211	524	517	144	108	223	164	-12.04	-68.97	-6.15	15160.87	-1265.28	5705.10	395.33	-41.67	472.08 3
211	524	517	144	109	224	165	-12.37	-68.89	-6.26	15159.03	-1293.82	5702.84	400.71	-24.38	488.33 3
211	524	517	144	109	224	164	-12.33	-68.78	-6.32	15162.08	-1309.12	5718.70	442.67	-14.96	494.96 3
211	524	517	144	109	225	164	-12.18	-68.75	-6.29	15171.57	-1302.67	5725.96	441.74	-7.27	507.76 3
210	524	517	144	109	224	165	-12.61	-68.74	-6.40	15171.59	-1331.73	5725.47	414.25	-8.95	526.92 3
211	524	516	144	108	224	163	-12.78	-68.75	-6.50	15174.41	-1357.55	5721.59	433.34	-10.05	540.98 3
211	524	517	144	109	225	165	-12.90	-68.89	-6.51	15177.69	-1360.67	5703.11	442.12	-12.85	551.93 3
211	524	517	144	109	224	165	-13.52	-68.88	-6.69	15186.21	-1408.44	5696.16	417.72	-8.31	567.03 3
211	524	517	144	109	224	164	-14.00	-68.76	-6.88	15191.10	-1459.42	5701.15	443.48	0.31	567.23 3
211	524	516	144	108	223	165	-14.02	-68.74	-6.92	15196.74	-1471.64	5702.09	472.01	13.09	571.47 3
210	524	516	144	108	223	165	-14.24	-68.69	-6.99	15189.71	-1489.06	5697.99	449.71	19.39	576.20 3
211	524	517	145	108	224	165	-14.75	-68.61	-7.14	15194.62	-1529.41	5700.89	432.17	27.07	571.69 3
210	524	516	144	110	225	165	-15.02	-68.52	-7.26	15204.89	-1561.54	5712.64	448.56	34.76	553.40 3
211	524	516	145	109	224	165	-15.06	-68.51	-7.29	15208.25	-1569.06	5708.61	457.69	40.58	534.03 3
211	524	516	144	109	224	165	-14.99	-68.53	-7.27	15212.03	-1566.41	5705.58	452.95	43.85	519.13 3
211	524	516	144	108	224	165	-15.01	-68.54	-7.29	15219.23	-1572.09	5709.70	451.40	40.60	504.57 3
211	524	517	144	108	224	165	-14.96	-68.58	-7.27	15234.87	-1568.48	5714.22	457.98	38.02	492.49 3
211	524	516	144	108	224	165	-15.03	-68.61	-7.29	15236.53	-1572.06	5713.90	461.63	31.67	488.72 3
211	524	516	144	109	222	165	-15.28	-68.61	-7.38	15232.30	-1596.26	5716.41	457.75	18.39	482.93 3
210	524	516	144	109	224	165	-15.71	-68.62	-7.55	15224.48	-1640.24	5714.79	473.36	-2.08	467.54 3
211	524	516	145	109	224	165	-15.84	-68.72	-7.60	15227.26	-1653.03	5705.65	480.05	-22.18	436.56 3
211	524	517	145	108	224	165	-15.98	-68.80	-7.62	15224.90	-1658.38	5683.17	467.24	-35.97	401.38 3
210	524	516	145	108	223	165	-16.18	-68.80	-7.67	15224.05	-1673.06	5670.81	464.68	-28.72	379.61 3
211	524	516	145	108	224	165	-16.00	-68.84	-7.62	15220.65	-1659.81	5649.07	460.80	-17.53	362.93 3
211	524	516	145	109	224	166	-16.12	-68.84	-7.67	15213.02	-1669.42	5645.41	445.21	-18.01	352.39 3
211	524	516	145	109	224	165	-16.32	-68.80	-7.76	15207.77	-1693.15	5654.94	446.70	-23.16	335.17 3
211	524	516	145	109	224	164	-16.33	-68.84	-7.75	15203.58	-1689.29	5649.20	444.76	-25.90	319.46 3
211	524	516	145	108	224	165	-16.33	-68.89	-7.71	15200.00	-1679.62	5637.54	417.02	-25.10	314.49 3
211	524	516	145	109	224	165	-16.48	-68.86	-7.77	15195.20	-1694.24	5638.86	404.57	-28.40	308.71 3
211	524	516	145	109	224	165	-16.29	-68.87	-7.74	15189.44	-1686.13	5639.32	412.84	-33.23	295.98 3
211	524	516	145	109	224	165	-15.96	-68.96	-7.64	15197.17	-1660.62	5631.35	402.75	-33.47	294.48 3
211	524	516	144	108	224	165	-16.12	-68.95	-7.66	15196.11	-1666.99	5623.78	379.41	-26.54	299.50 3
211	524	516	145	109	225	165	-16.28	-68.89	-7.73	15178.50	-1681.84	5615.99	386.54	-13.82	298.23 3
211	524	516	145	109	224	165	-16.04	-68.90	-7.67	15181.58	-1667.35	5612.79	392.07	-6.68	302.67 3
211	524	516	145	109	224	165	-16.01	-68.86	-7.66	15185.90	-1665.98	5610.75	376.51	-0.84	315.78 3
210	524	516	144	108	224	166	-16.29	-68.83	-7.73	15192.40	-1684.28	5605.42	371.59	-3.35	326.04 3
211	524	516	145	109	225	165	-16.47	-68.78	-7.81	15196.98	-1705.27	5614.35	370.61	5.02	331.59 3
211	524	516	144	109	226	165	-16.78	-68.75	-7.90	15193.33	-1729.81	5616.63	362.03	-0.83	330.66 3
211	524	516	145	109	224	166	-16.99	-68.72	-7.97	15194.67	-1746.92	5625.60	361.28	-6.29	318.18 3
211	523	516	144	108	224	166	-16.94	-68.69	-7.97	15195.13	-1748.37	5624.12	368.71	5.87	301.67 3
211	523	516	145	108	225	165	-16.95	-68.74	-7.95	15187.18	-1742.15	5618.91	351.83	9.58	294.89 3
211	524	516	145	109	225	165	-17.04	-68.70	-8.00	15188.82	-1755.04	5616.77	362.74	18.85	289.49 3
210	523	516	145	109	225	166	-17.01	-68.59	-8.01	15172.18	-1756.29	5620.73	372.85	37.51	282.87 3
210	524	516	145	109	224	165	-17.03	-68.51	-8.02	15166.37	-1756.88	5631.49	365.21	49.28	282.92 3
211	524	516	144	108	224	165	-17.10	-68.45	-8.06	15160.65	-1765.63	5638.31	358.30	53.42	282.58 3
211	523	516	146	110	225	165	-17.01	-68.46	-8.06	15170.02	-1767.15	5638.60	361.48	54.60	277.85 3
211	523	516	145	108	224	165	-16.81	-68.39	-8.05	15167.71	-1764.19	5655.47	376.51	66.62	277.51 3
211	523	516	145	109	224	166	-16.60	-68.42	-8.01	15173.53	-1755.78	5665.30	382.68	64.79	280.33 3
211	524	516	145	109	224	165	-16.68	-68.41	-8.03	15179.05	-1760.80	5670.63	364.45	63.60	287.41 3
211	523	516	145	108	225	165	-16.89	-68.38	-8.10	15188.90	-1782.56	5675.50	364.68	55.37	284.14 3
210	524	516	145	108	223	165	-16.85	-68.45	-8.12	15184.85	-1786.43	5665.12	376.29	45.35	284.74 3
211	524	516	145	109	224	167	-17.03	-68.50	-8.16	15184.81	-1796.51	5655.47	368.88	41.13	282.85 3
211	524	516	145	109	224	166	-17.19	-68.47	-8.21	15185.17	-1809.48	5647.09	370.63	48.73	275.01 3
210	523	516	145	109	226	165	-17.36	-68.50	-8.24	15179.11	-1816.61	5642.34	353.35	39.49	266.46 3
211	524	516	145	108	225	166	-17.61	-68.46	-8.34	15177.95	-1843.78	5646.42	341.73	31.11	258.98 3
211	524	516	145	108	224	165	-17.57	-68.49	-8.35	15174.66	-1845.79	5645.70	352.70	23.06	246.03 3
211	523	516	145	109	224	166	-17.33	-68.57	-8.28	15174.12	-1828.90	5641.82	346.26	13.51	234.28 3
210	523	516	145	108	225	166	-17.32	-68.70	-8.25	15171.62	-1817.05	5629.12	326.30	1.48	231.82 3
211	524	516	145	109	225	165	-17.57	-68.73	-8.27	15175.64	-1825.40	5617.07	304.63	-1.64	235.38 3
211	524	516	144	109	225	166	-17.66	-68.73	-8.30	15182.45	-1834.13	5607.41	304.70	8.59	235.91 3
211	523	516	145	109	224	165	-17.50	-68.73	-8.27	15172.33	-1823.62	5611.84	301.87	1.86	231.01 3
210	524	516	144	108	224	165	-17.64	-68.70	-8.27	15179.11	-1824.04	5606.65	272.47	10.87	241.46 3
211	523	516	145	109	226	166	-17.85	-68.60	-8.34	15172.36	-1843.84	5615.72	265.60	14.87	241.34 3
211	524	516	145	109	225	165	-17.87	-68.56	-8.38	15170.14	-1853.85	5608.93	273.47	13.78	231.97 3
211	524	516	145	108	224	166	-17.80	-68.58	-8.36	15173.43	-1847.16	5610.49	283.55	16.49	227.82 3
211	524	516	145	109	224	165	-17.88	-68.56	-8.40	15175.76	-1861.00	5606.96	276.12	23.12	233.38 3
211	524	516	145	108	225	165	-18.10	-68.54	-8.46	15176.97	-1875.35	5601.41	269.71	33.36	248.26 3
211	524	516	145	108	225	166	-18.28	-68.53	-8.54	15169.92	-1895.78	5596.14	278.58	30.84	245.15 3
210	524	516	145	108	224	165	-18.37	-68.62	-8.53	15174.63	-1892.59	5584.14	269.50	29.60	242.94 3
210	524	516	145	109	223	165	-18.69	-68.63	-8.58	15183.30	-1908.56	5572.53	244.12	39.27	242.95 3
210	524	516	145	108	225	166	-18.92	-68.54	-8.69	15184.53	-1937.93	5573.30	256.22	58.21	231.20 3
210	524	516	145	109	226	166	-18.84	-68.53	-8.70	15179.71	-1937.44	5582.44	263.76	63.15	215.54 3
210	524	516	145	108	224	165	-18.64	-68.54	-8.64	15184.32	-1923.17	5587.71	249.07	65.99	206.86 3
210	524	516	145	109	224	166	-18.59	-68.51	-8.62	15179.11	-1918.81	5591.33	238.82	68.39	205.77 3
210	524	516	145	109	225	166	-18.59	-68.53	-8.65	15183.35	-1925.67	5596.16	242.02	63.47	204.33 3
210	524	516	145	109	224	166	-18.48	-68.50	-8.63	15187.58	-1922.58	5600.75	247.27	56.30	203.21 3
210	524	516	145	109	226	166	-18.36	-68.50	-8.61	15196.80	-1917.05	5610.12	248.11	53.88	205.00 3
210	524	516	145	109	224	166	-18.41	-68.47	-8.65	15194.56	-1927.20	5622.41	245.75	56.44	206.65 3
210	524	516	145	108	224	165	-18.33	-68.46	-8.67	15190.03	-1931.24	5626.29	256.82	45.37	204.67 3
209	524	516	145	109	226	166	-18.32	-68.51	-8.67	15186.93	-1931.28	5631.18	259.33	32.20	202.39 3
210	524	516	145	109	224	166	-18.40	-68.57	-8.68	15182.79	-1934.72	5619.02	265.76	24.84	203.17 3
210	524	516	144	108	224	165	-18.55	-68.63	-8.69	15181.65	-1937.78	5601.07	267.92	22.65	207.36 3
210	524	516	144	109	225	166	-18.71	-68.69	-8.72	15180.36	-1945.69	5595.61	264.98	14.61	215.94 3
209	524	516	145	110	225	166	-18.92	-68.68	-8.79	15182.55	-1963.41	5594.23	265.08	10.23	216.84 3
210	524	516	145	109	225	166	-18.89	-68.76	-8.78	15195.22	-1962.84	5580.32	272.42	11.92	214.30 3
210	524	517	145	109	224	165	-19.02	-68.80	-8.77	15200.86	-1959.49	5570.10	255.90	16.02	217.29 3
210	524	516	145	109	225	166	-19.22	-68.73	-8.84	15192.41	-1978.12	5575.00	250.86	14.82	215.52 3
210	524	516	145	109	224	165	-19.18	-68.75	-8.84	15199.39	-1979.81	5573.85	263.76	14.33	207.60 3
210	524	515	145	109	225	166	-19.12	-68.73	-8.85	15198.82	-1982.02	5581.56	268.93	16.77	208.47 3
209	524	517	145	109	226	166	-18.95	-68.69	-8.84	15200.68	-1978.52	5586.48	263.28	18.28	208.34 3
210	524	516	145	108	224	166	-18.94	-68.66	-8.83	15196.85	-1977.00	5588.75	254.07	20.11	215.83 3
209	524	516	145	109	225	166	-19.15	-68.66	-8.91	15180.00	-1995.55	5594.52	262.41	2.06	214.73 3
210	524	516	145	109	224	166	-19.01	-68.75	-8.86	15188.60	-1983.37	5579.59	289.39	5.81	215.35 3
209	524	516	146	109	225	166	-18.89	-68.77	-8.81	15183.37	-1968.80	5569.81	288.72	5.61	228.93 3
210	524	517	145	109	225	166	-19.08	-68.83	-8.84	15186.61	-1977.76	5561.12	276.79	-2.77	242.58 3
210	524	516	145	108	225	166	-19.25	-68.82	-8.88	15186.87	-1987.87	5550.66	283.75	3.82	254.25 3
210	524	516	144	108	224	166	-19.35	-68.85	-8.88	15189.13	-1989.48	5536.73	268.86	18.88	262.94 3
210	524	516	145	109	225	166	-19.70	-68.81	-8.98	15182.27	-2014.20	5531.89	260.22	18.74	265.94 3
210	524	517	145	109	225	166	-19.80	-68.81	-9.04	15183.76	-2029.09	5524.10	285.66	13.80	257.40 3
210	524	516	145	109	225	166	-19.63	-68.80	-8.99	15192.37	-2018.64	5522.69	281.82	27.41	263.73 3
210	524	517	145	109	223	166	-19.84	-68.69	-9.05	15184.15	-2032.51	5536.16	249.48	31.14	278.74 3
210	524	516	145	109	226	166	-20.13	-68.64	-9.13	15190.94	-2055.68	5543.55	241.06	22.98	278.60 3
210	524	516	145	109	225	166	-20.01	-68.69	-9.10	15189.20	-2046.50	5543.57	240.10	14.93	274.47 3
210	524	516	145	109	225	166	-20.06	-68.70	-9.10	15190.34	-2046.77	5541.80	224.40	22.99	279.80 3
210	524	516	145	109	224	166	-20.25	-68.67	-9.16	15189.62	-2062.03	5542.71	215.93	21.94	283.01 3
210	524	516	145	109	224	166	-20.43	-68.69	-9.21	15193.54	-2076.93	5539.37	217.03	19.29	285.61 3
210	524	516	145	108	225	166	-20.50	-68.63	-9.24	15191.86	-2085.89	5539.40	217.28	23.93	284.33 3
209	524	517	145	109	224	166	-20.50	-68.60	-9.25	15181.87	-2084.39	5540.43	202.22	24.58	283.91 3
210	524	516	145	109	225	166	-20.52	-68.61	-9.24	15190.57	-2085.57	5544.21	194.86	23.25	284.82 3
210	524	516	145	109	224	165	-20.54	-68.59	-9.27	15192.25	-2092.89	5549.80	197.26	20.29	284.33 3
210	524	516	145	109	226	166	-20.60	-68.53	-9.32	15191.83	-2106.45	5554.71	199.95	22.57	285.76 3
209	524	516	145	109	226	166	-20.54	-68.49	-9.34	15189.64	-2110.13	5562.97	210.40	20.25	285.07 3
210	524	516	145	109	224	166	-20.44	-68.52	-9.33	15189.96	-2108.42	5575.22	222.23	7.33	284.97 3
210	524	516	145	110	225	166	-20.44	-68.62	-9.33	15196.46	-2108.20	5568.46	225.47	-8.83	290.62 3
210	524	517	145	109	224	166	-20.66	-68.69	-9.37	15193.24	-2120.99	5561.84	227.75	-18.24	301.49 3
210	524	516	145	107	225	166	-21.02	-68.68	-9.49	15194.78	-2151.74	5549.75	235.31	-20.03	305.96 3
210	524	516	145	108	225	166	-21.25	-68.72	-9.57	15188.04	-2170.75	5533.66	254.24	-22.23	298.47 3
210	524	516	145	108	224	166	-21.28	-68.67	-9.61	15185.43	-2180.81	5532.78	249.18	-17.27	292.39 3
210	524	516	145	109	225	166	-21.47	-68.67	-9.65	15187.56	-2193.97	5528.94	239.62	-16.70	291.82 3
210	524	517	145	109	225	167	-21.56	-68.69	-9.68	15191.38	-2202.88	5516.89	244.49	-11.77	289.23 3
210	524	517	145	109	225	167	-21.58	-68.70	-9.67	15192.62	-2199.13	5507.65	246.62	-12.78	287.37 3
210	524	516	145	109	225	167	-21.60	-68.71	-9.68	15190.58	-2201.17	5496.86	241.44	-14.34	292.40 3
210	524	517	145	109	226	167	-21.82	-68.72	-9.71	15183.45	-2208.92	5487.82	233.86	-10.62	298.98 3
210	524	516	145	109	226	166	-21.91	-68.78	-9.72	15184.08	-2211.07	5474.63	224.42	-5.64	307.98 3
210	524	517	145	109	226	166	-21.93	-68.83	-9.70	15181.88	-2206.32	5465.70	212.40	-2.36	314.78 3
210	524	516	145	109	224	166	-22.09	-68.92	-9.69	15188.98	-2202.60	5438.41	186.13	9.66	327.74 3
210	524	516	145	109	226	167	-22.26	-68.89	-9.70	15199.94	-2207.67	5422.69	178.82	37.77	344.26 3
210	524	516	145	108	226	166	-22.58	-68.73	-9.80	15202.14	-2235.69	5426.56	167.78	64.39	362.09 3
210	524	516	144	109	225	167	-22.98	-68.48	-10.02	15200.43	-2293.70	5448.43	185.49	77.42	363.04 3
210	524	516	145	109	225	167	-23.29	-68.27	-10.19	15193.81	-2338.62	5469.81	206.42	80.05	340.69 3
210	524	516	145	108	224	167	-23.42	-68.24	-10.26	15206.72	-2358.09	5473.12	202.50	75.94	318.60 3
210	524	516	144	109	225	167	-23.57	-68.20	-10.34	15200.38	-2380.58	5487.86	195.27	64.30	302.37 3
210	524	516	145	108	225	166	-23.69	-68.27	-10.39	15201.16	-2393.55	5487.27	183.61	45.63	279.15 3
210	524	516	145	109	225	167	-23.54	-68.38	-10.35	15196.11	-2380.68	5479.51	178.68	27.05	260.65 3
210	524	516	145	110	224	167	-23.59	-68.45	-10.34	15201.50	-2380.44	5468.33	168.49	19.35	250.91 3
210	524	517	145	108	226	166	-23.67	-68.43	-10.40	15191.62	-2393.42	5472.51	171.57	21.43	245.97 3
210	524	516	145	108	226	166	-23.69	-68.51	-10.39	15186.64	-2390.15	5471.09	152.94	-2.04	237.77 3
210	525	516	145	109	224	167	-23.80	-68.51	-10.44	15194.91	-2405.44	5470.73	154.44	-12.19	229.38 3
210	524	516	145	108	223	166	-23.87	-68.49	-10.44	15199.76	-2406.77	5470.40	152.72	1.82	221.66 3
210	524	516	144	109	226	167	-23.91	-68.51	-10.43	15188.58	-2400.83	5465.08	130.54	4.78	217.88 3
210	524	516	145	108	225	167	-24.03	-68.55	-10.46	15188.35	-2409.79	5454.42	122.01	1.79	211.44 3
209	524	516	144	109	225	166	-24.07	-68.55	-10.48	15188.73	-2414.70	5443.70	136.01	12.60	204.36 3
210	524	516	145	109	224	166	-23.93	-68.57	-10.42	15189.89	-2399.76	5434.72	125.41	26.52	207.60 3
209	524	516	144	108	224	167	-24.09	-68.56	-10.45	15184.40	-2405.58	5425.18	101.84	35.49	216.02 3
210	524	516	145	109	226	166	-24.25	-68.55	-10.49	15189.58	-2417.30	5418.92	90.70	41.72	218.12 3
210	524	516	145	108	226	168	-24.30	-68.50	-10.51	15201.70	-2426.03	5419.18	104.11	56.68	220.86 3
210	524	516	145	109	225	167	-24.41	-68.40	-10.55	15210.81	-2438.73	5422.02	106.26	71.25	220.92 3
210	524	517	145	109	225	166	-24.40	-68.41	-10.58	15210.27	-2446.19	5429.32	100.74	58.59	216.97 3
209	524	516	145	109	225	166	-24.58	-68.47	-10.62	15217.76	-2459.28	5423.25	79.71	39.61	215.72 3
210	524	517	144	109	225	167	-24.71	-68.54	-10.68	15217.27	-2474.72	5416.69	101.87	28.98	210.29 3
209	524	516	144	109	225	166	-24.56	-68.68	-10.62	15222.61	-2458.58	5398.85	106.93	22.03	203.72 3
209	524	517	145	109	224	166	-24.73	-68.68	-10.65	15230.28	-2467.25	5390.51	93.58	30.58	203.09 3
210	524	516	145	108	225	166	-24.92	-68.50	-10.75	15219.96	-2492.89	5397.98	112.45	48.00	195.18 3
210	524	516	144	108	226	167	-24.90	-68.44	-10.75	15218.17	-2494.25	5394.09	108.93	56.95	181.07 3
210	524	516	144	109	225	166	-24.84	-68.40	-10.76	15207.86	-2493.14	5401.58	107.68	61.10	173.57 3
210	524	516	145	108	226	167	-24.75	-68.44	-10.69	15204.66	-2473.28	5392.70	97.40	66.95	165.14 3
210	524	516	144	109	225	167	-24.58	-68.38	-10.67	15197.23	-2466.61	5387.27	121.93	92.20	172.58 3
210	524	517	145	109	225	167	-24.26	-68.36	-10.62	15191.17	-2452.48	5389.50	132.68	111.84	182.95 3
210	524	516	145	109	224	167	-24.36	-68.34	-10.63	15189.01	-2454.06	5380.23	108.55	126.75	200.86 3
210	524	516	145	109	224	167	-24.55	-68.26	-10.70	15185.76	-2473.56	5373.22	130.02	145.06	221.66 3
210	524	517	145	109	225	166	-24.55	-68.08	-10.76	15178.27	-2489.48	5386.16	159.37	170.11	237.63 3
210	525	517	145	108	224	166	-24.57	-67.95	-10.79	15179.36	-2495.00	5392.45	161.35	191.55	250.80 3
210	524	516	145	109	225	167	-24.86	-67.71	-10.93	15170.99	-2532.25	5409.43	151.78	212.37	263.41 3
210	524	516	145	109	226	168	-25.06	-67.55	-11.04	15163.44	-2561.64	5423.75	169.24	224.00	265.84 3
210	524	516	145	109	225	167	-25.30	-67.40	-11.16	15163.87	-2592.36	5445.97	160.18	231.60	258.90 3
209	524	516	145	109	225	166	-25.29	-67.35	-11.20	15173.27	-2606.14	5460.87	168.02	232.07	248.60 3
210	524	516	145	108	225	167	-25.26	-67.29	-11.23	15167.01	-2612.63	5480.03	159.12	230.12	244.17 3
211	525	516	145	108	224	167	-25.27	-67.31	-11.22	15171.66	-2611.20	5493.82	133.02	218.86	236.46 3
210	525	516	145	108	225	167	-25.40	-67.28	-11.30	15175.08	-2633.04	5507.33	140.57	207.37	225.74 3
210	524	517	145	110	225	167	-25.52	-67.23	-11.35	15178.12	-2646.59	5523.57	141.44	199.50	210.10 3
210	524	516	145	109	225	167	-25.67	-67.18	-11.43	15177.42	-2667.66	5543.79	128.76	181.13	190.55 3
210	524	516	145	109	225	168	-25.91	-67.12	-11.55	15181.75	-2701.08	5566.80	127.53	162.97	160.07 3
210	524	516	145	109	226	167	-26.13	-67.04	-11.68	15195.66	-2739.62	5594.46	129.85	147.27	118.32 3
210	524	517	145	109	225	167	-26.24	-66.99	-11.78	15194.67	-2766.24	5627.54	121.51	114.46	73.45 3
210	524	516	145	109	224	167	-26.38	-67.15	-11.83	15208.34	-2784.13	5646.16	102.03	50.84	17.13 3
210	524	516	145	108	225	167	-26.54	-67.29	-11.91	15227.72	-2809.12	5660.85	85.18	-6.46	-43.58 3
210	524	516	145	109	226	166	-26.60	-67.48	-11.93	15234.94	-2816.07	5669.41	69.92	-68.13	-108.20 3
210	524	516	145	108	225	165	-26.46	-67.79	-11.86	15236.79	-2796.66	5670.54	49.58	-138.33	-179.24 3
210	524	516	145	109	225	165	-26.31	-68.20	-11.75	15242.55	-2768.83	5666.01	3.10	-222.96	-245.28 3
210	524	516	144	108	224	164	-25.91	-68.65	-11.61	15247.62	-2730.79	5649.31	-23.31	-306.51	-303.46 3
210	523	516	145	109	225	165	-25.68	-69.18	-11.43	15254.04	-2685.25	5611.24	-49.44	-386.59	-352.94 3
210	523	516	145	108	225	165	-25.47	-69.67	-11.29	15259.94	-2647.19	5570.88	-63.07	-458.11	-397.59 3
210	523	516	144	108	223	163	-25.13	-70.22	-11.10	15265.34	-2596.23	5504.74	-71.12	-512.70	-435.56 3
210	523	516	145	109	226	164	-24.87	-70.80	-10.90	15257.07	-2541.42	5432.30	-80.01	-557.02	-459.94 3
210	523	516	145	108	225	164	-24.68	-71.30	-10.70	15262.62	-2488.75	5343.89	-92.41	-581.47	-476.29 3
210	522	515	145	108	225	163	-24.36	-71.59	-10.54	15256.09	-2443.71	5282.09	-66.79	-582.89	-480.87 3
209	522	515	145	108	226	164	-24.10	-71.79	-10.40	15255.28	-2405.52	5234.99	-50.10	-584.05	-486.78 3
210	522	515	145	108	225	163	-23.95	-71.90	-10.30	15262.92	-2379.65	5202.04	-26.75	-571.65	-479.94 3
210	521	515	145	108	225	163	-23.77	-72.01	-10.18	15274.97	-2350.86	5170.94	-9.36	-571.96	-474.54 3
210	521	515	145	109	225	163	-23.66	-72.17	-10.08	15282.42	-2323.72	5132.39	-11.69	-577.56	-463.02 3
210	520	515	144	109	226	164	-23.82	-72.31	-10.02	15298.30	-2311.73	5096.37	-9.36	-581.49	-453.47 3
210	520	515	144	108	227	163	-23.83	-72.41	-9.98	15311.19	-2303.35	5068.55	15.01	-583.81	-449.24 3
209	520	515	145	109	225	163	-23.48	-72.64	-9.82	15324.83	-2261.58	5032.72	24.16	-587.37	-445.43 3
210	519	515	144	108	225	164	-23.39	-72.89	-9.66	15342.19	-2223.70	4989.69	9.80	-597.90	-435.36 3
210	519	515	144	108	226	161	-23.63	-73.02	-9.63	15363.48	-2218.92	4949.20	21.41	-595.61	-432.34 3
210	519	514	145	109	224	163	-23.39	-73.18	-9.51	15382.30	-2187.77	4904.54	41.39	-588.28	-432.32 3
209	519	515	145	109	225	163	-23.29	-73.28	-9.44	15398.59	-2172.18	4875.72	42.77	-585.76	-425.46 3
209	519	515	145	108	225	162	-23.36	-73.28	-9.43	15419.06	-2172.37	4861.73	60.68	-578.83	-425.14 3
209	518	515	145	108	225	162	-23.37	-73.28	-9.43	15428.31	-2175.95	4857.44	84.75	-585.18	-441.33 3
209	519	515	145	109	225	163	-22.84	-73.54	-9.25	15447.89	-2128.56	4828.97	92.36	-616.83	-467.06 3
209	519	515	145	109	225	162	-21.83	-73.99	-8.98	15463.10	-2057.93	4771.12	94.24	-649.08	-478.81 3
210	519	515	144	109	225	162	-21.10	-74.32	-8.72	15477.54	-1989.63	4702.37	91.78	-638.48	-463.32 3
210	519	515	145	109	225	163	-20.62	-74.54	-8.54	15480.86	-1940.75	4642.05	95.64	-624.81	-443.15 3
209	519	515	145	108	225	163	-20.76	-74.58	-8.50	15489.62	-1932.91	4604.14	125.26	-610.62	-416.19 3
209	519	515	145	108	225	163	-21.23	-74.54	-8.60	15510.54	-1961.07	4573.74	207.85	-588.78	-409.99 3
210	519	515	145	109	225	163	-20.93	-74.56	-8.56	15522.41	-1953.61	4535.05	319.16	-552.15	-422.74 3
209	519	515	145	108	226	163	-20.44	-74.63	-8.40	15531.09	-1911.93	4502.10	344.00	-525.94	-424.30 3
209	518	514	145	108	224	161	-20.53	-74.71	-8.32	15548.14	-1891.34	4478.39	316.75	-515.59	-414.83 3
209	518	515	144	108	225	161	-20.60	-74.75	-8.26	15563.93	-1878.77	4462.87	299.76	-511.01	-413.49 3
210	518	515	144	109	226	160	-20.21	-74.92	-8.15	15590.53	-1853.03	4432.13	342.72	-511.26	-414.57 3
209	518	515	145	108	226	161	-19.29	-75.21	-7.89	15609.01	-1784.98	4375.72	351.49	-500.40	-404.09 3
209	518	514	145	108	226	161	-18.92	-75.46	-7.67	15627.76	-1726.33	4319.54	299.06	-485.48	-371.88 3
210	518	515	145	109	225	161	-19.40	-75.48	-7.69	15642.57	-1733.81	4293.96	293.11	-474.05	-345.29 3
209	518	514	145	108	226	161	-19.46	-75.50	-7.65	15665.44	-1726.32	4270.26	332.20	-454.05	-337.13 3
209	518	515	145	109	223	161	-19.36	-75.54	-7.57	15688.97	-1708.61	4246.95	350.94	-431.85	-327.87 3
209	518	514	145	109	225	161	-19.48	-75.48	-7.57	15697.52	-1709.38	4245.40	360.25	-421.21	-329.68 3
209	518	514	145	109	225	161	-19.72	-75.53	-7.58	15714.64	-1714.91	4222.73	393.28	-417.80	-346.84 3
209	518	515	145	108	225	161	-19.60	-75.58	-7.51	15741.31	-1699.36	4198.19	425.57	-399.41	-371.20 3
209	518	514	144	109	225	161	-19.19	-75.57	-7.43	15751.05	-1677.19	4194.88	465.54	-391.69	-390.64 3
210	518	514	145	108	224	160	-18.51	-75.70	-7.28	15756.49	-1637.13	4178.34	457.51	-397.25	-402.81 3
210	518	514	145	108	225	159	-18.08	-75.90	-7.12	15773.47	-1596.08	4147.82	442.09	-401.49	-416.97 3
209	518	514	145	108	225	160	-17.51	-76.09	-6.94	15785.59	-1548.67	4121.83	435.43	-401.96	-423.17 3
208	517	514	144	108	224	159	-17.01	-76.25	-6.81	15794.71	-1513.84	4090.74	431.06	-408.22	-429.76 3
209	517	514	145	109	225	160	-16.39	-76.40	-6.64	15804.18	-1467.95	4058.80	435.81	-417.06	-433.97 3
209	517	514	145	108	225	159	-15.49	-76.61	-6.40	15817.77	-1403.55	4023.26	406.42	-421.60	-424.67 3
209	518	513	144	108	224	159	-15.30	-76.77	-6.29	15828.28	-1374.97	3997.10	381.55	-433.62	-409.54 3
209	517	514	145	108	223	159	-15.00	-76.88	-6.18	15837.47	-1347.62	3968.25	386.07	-434.09	-393.26 3
209	517	514	145	106	224	159	-15.01	-76.91	-6.13	15840.19	-1333.24	3953.83	376.72	-431.49	-376.25 3
209	517	514	145	109	225	158	-15.03	-77.01	-6.07	15842.78	-1315.98	3939.14	363.03	-444.66	-364.19 3
209	517	514	144	109	226	160	-15.15	-77.13	-6.02	15857.44	-1305.18	3917.78	347.23	-446.63	-360.93 3
209	517	514	145	108	225	160	-15.52	-77.20	-6.01	15865.77	-1303.92	3887.89	334.47	-441.90	-360.03 3
210	517	514	145	108	224	159	-15.46	-77.29	-5.94	15868.48	-1283.73	3853.70	319.29	-434.55	-362.68 3
209	517	514	145	108	225	160	-15.44	-77.40	-5.86	15881.46	-1264.34	3818.82	309.48	-429.08	-369.25 3
209	517	514	145	109	224	159	-15.35	-77.41	-5.78	15885.58	-1242.12	3809.67	294.06	-409.72	-371.83 3
209	517	514	145	108	225	159	-15.14	-77.51	-5.70	15891.31	-1220.42	3787.39	289.15	-408.39	-376.19 3
209	517	514	144	109	225	158	-14.86	-77.72	-5.58	15906.54	-1188.80	3754.62	265.30	-419.22	-381.58 3
209	517	514	144	108	226	157	-15.19	-77.79	-5.56	15930.61	-1185.96	3722.49	242.48	-411.36	-387.80 3
209	517	514	145	108	225	159	-14.68	-77.97	-5.43	15934.68	-1149.26	3686.97	241.31	-409.44	-403.41 3
209	517	513	145	109	224	159	-13.84	-78.27	-5.22	15933.15	-1092.80	3640.42	182.59	-418.97	-407.89 3
209	517	514	145	108	225	159	-13.97	-78.47	-5.10	15935.49	-1059.96	3603.20	77.11	-422.77	-407.35 3
209	517	514	144	108	224	159	-14.38	-78.52	-5.12	15948.52	-1065.56	3583.44	58.61	-419.88	-417.43 3
208	517	514	145	108	225	158	-13.45	-78.60	-4.96	15956.29	-1024.28	3556.26	96.93	-407.54	-428.66 3
208	517	514	145	108	225	159	-12.40	-78.72	-4.75	15964.28	-965.47	3515.25	60.38	-388.56	-424.43 3
208	517	514	145	108	226	159	-12.69	-78.75	-4.73	15956.86	-959.19	3485.49	16.66	-363.88	-412.80 3
208	517	514	145	108	225	159	-13.13	-78.75	-4.75	15957.82	-966.43	3464.41	17.88	-343.39	-416.16 3
208	517	514	145	108	225	159	-12.75	-78.77	-4.65	15967.53	-939.91	3446.19	40.88	-312.87	-421.36 3
209	517	515	145	109	224	158	-12.48	-78.77	-4.54	15964.15	-907.32	3420.88	-2.06	-279.97	-425.79 3
208	517	514	145	109	225	159	-12.53	-78.78	-4.50	15975.54	-899.35	3394.64	-30.56	-250.03	-428.80 3
209	518	514	144	108	225	159	-12.22	-78.65	-4.44	15974.36	-880.18	3396.51	-18.08	-222.02	-444.76 3
208	518	514	145	109	224	159	-11.14	-78.59	-4.24	15979.65	-826.57	3398.48	-14.83	-209.17	-457.87 3
209	517	514	145	108	225	159	-10.13	-78.58	-4.04	15984.66	-773.44	3396.16	-19.93	-200.46	-450.58 3
208	518	514	145	109	225	159	-9.63	-78.60	-3.92	15997.63	-740.57	3396.35	-29.69	-199.54	-439.35 3
209	518	514	145	108	225	159	-9.62	-78.61	-3.88	16003.75	-730.14	3400.53	-36.05	-206.56	-428.13 3
209	518	514	145	109	224	159	-9.63	-78.74	-3.83	16023.56	-718.44	3381.11	-45.05	-220.64	-424.07 3
209	518	514	145	108	224	159	-9.90	-78.89	-3.83	16042.78	-719.11	3350.25	-41.45	-216.35	-424.57 3
209	518	514	145	109	225	159	-9.58	-78.94	-3.75	16049.44	-697.36	3328.94	-39.48	-201.34	-432.59 3
210	518	515	145	108	224	159	-9.04	-79.06	-3.62	16049.37	-660.89	3300.69	-68.35	-190.87	-439.81 3
209	518	514	145	109	224	159	-9.15	-79.08	-3.57	16054.10	-647.05	3271.26	-105.43	-173.33	-441.77 3
209	518	515	145	109	225	159	-8.60	-79.04	-3.48	16056.60	-624.09	3248.89	-108.26	-154.26	-453.48 3
209	518	514	145	109	224	159	-7.51	-79.04	-3.29	16059.57	-570.49	3236.65	-131.40	-139.70	-448.41 3
209	518	514	146	109	224	159	-7.23	-79.00	-3.21	16060.39	-548.37	3233.22	-171.78	-128.11	-424.14 3
209	517	514	145	108	224	158	-7.51	-79.02	-3.20	16063.77	-547.15	3220.76	-203.49	-119.01	-406.78 3
209	518	514	145	108	224	159	-7.60	-79.09	-3.19	16068.98	-543.59	3204.12	-210.52	-115.36	-401.14 3
209	518	514	145	109	225	159	-6.88	-79.19	-3.06	16081.33	-508.61	3177.71	-212.89	-106.59	-403.89 3
209	518	514	145	108	225	158	-6.17	-79.14	-2.91	16081.87	-468.98	3173.23	-240.95	-88.11	-396.44 3
209	517	515	145	108	224	159	-5.99	-79.13	-2.85	16088.17	-452.13	3165.56	-252.60	-76.50	-394.32 3
209	517	515	145	109	224	158	-5.73	-79.10	-2.78	16096.16	-433.92	3157.89	-251.87	-56.08	-389.85 3
209	518	515	145	108	225	159	-5.30	-79.08	-2.69	16103.55	-408.83	3147.59	-255.43	-35.42	-391.06 3
208	517	514	145	109	225	159	-5.28	-79.05	-2.65	16109.78	-398.99	3138.01	-262.65	-13.35	-396.41 3
209	518	515	145	108	224	159	-4.90	-79.04	-2.58	16112.09	-377.84	3126.91	-254.57	2.46	-406.84 3
209	518	514	145	108	226	159	-4.51	-79.00	-2.50	16114.48	-356.55	3129.17	-260.99	15.84	-407.60 3
209	517	514	145	108	225	160	-4.57	-78.97	-2.48	16115.36	-351.72	3133.91	-263.14	17.05	-414.47 3
209	518	515	145	108	226	159	-4.50	-79.01	-2.45	16113.99	-343.13	3124.41	-274.59	20.15	-421.49 3
209	518	515	145	108	225	159	-4.46	-78.99	-2.43	16112.09	-335.58	3118.59	-268.46	25.34	-430.32 3
209	518	515	145	109	224	159	-3.99	-79.01	-2.33	16112.09	-311.00	3115.26	-267.73	28.02	-443.80 3
209	517	515	145	108	225	159	-4.04	-79.02	-2.31	16105.68	-303.65	3111.70	-285.65	26.32	-453.76 3
209	518	515	145	108	226	159	-3.76	-79.04	-2.24	16103.40	-283.06	3115.51	-290.16	19.01	-468.27 3
209	518	514	145	109	224	159	-3.32	-79.10	-2.16	16109.83	-261.31	3104.94	-306.31	14.31	-478.61 3
209	518	515	145	109	225	159	-3.22	-79.13	-2.11	16106.74	-247.45	3094.49	-333.34	17.19	-486.48 3
209	517	515	144	109	225	159	-2.78	-79.13	-2.02	16106.00	-223.47	3093.97	-341.52	19.23	-502.41 3
209	518	515	145	109	225	160	-2.01	-79.07	-1.90	16094.30	-190.50	3091.07	-344.65	34.27	-512.79 3
210	518	515	144	108	225	159	-1.52	-79.03	-1.82	16089.98	-167.77	3100.71	-362.52	35.46	-518.75 3
209	518	515	145	109	225	159	-1.29	-78.97	-1.76	16091.89	-151.39	3116.28	-364.69	31.88	-527.36 3
209	518	515	145	109	224	159	-0.63	-78.95	-1.62	16096.09	-113.82	3120.66	-351.26	28.49	-536.94 3
209	518	515	145	108	225	159	0.32	-78.91	-1.46	16097.69	-69.73	3122.23	-371.74	35.81	-537.19 3
210	518	515	145	109	226	160	0.44	-78.88	-1.41	16100.40	-55.24	3130.12	-398.21	39.67	-534.98 3
210	518	515	145	108	225	159	1.36	-78.88	-1.26	16095.18	-14.28	3133.61	-396.09	33.99	-534.53 3
209	518	515	145	109	225	159	1.97	-78.94	-1.15	16099.82	17.84	3123.13	-416.99	28.54	-531.41 3
209	518	515	146	109	224	158	2.51	-79.04	-1.06	16100.23	42.54	3090.78	-438.49	40.86	-521.04 3
209	518	515	145	109	223	160	2.65	-79.02	-1.02	16088.02	53.42	3085.04	-446.12	56.82	-516.69 3
209	518	515	145	110	225	159	3.05	-79.02	-0.96	16087.02	70.95	3080.39	-464.81	70.48	-516.40 3
209	518	515	145	109	224	159	3.06	-79.01	-0.92	16089.67	79.20	3068.77	-504.07	89.06	-511.38 3
209	518	515	146	109	224	160	2.90	-78.98	-0.93	16092.38	78.64	3061.93	-528.87	106.55	-513.56 3
209	518	515	145	108	226	159	3.26	-78.95	-0.83	16093.56	105.31	3050.23	-559.87	129.17	-517.03 3
209	518	515	145	109	225	160	3.34	-78.84	-0.78	16093.49	118.44	3048.52	-591.73	150.37	-522.08 3
209	518	515	144	109	225	160	3.58	-78.67	-0.69	16094.01	142.12	3063.69	-602.09	169.80	-531.73 3
210	518	515	145	109	224	160	4.31	-78.52	-0.55	16091.71	182.81	3076.51	-612.39	185.76	-532.64 3
209	518	515	145	108	225	160	4.54	-78.37	-0.47	16087.52	205.07	3105.08	-638.07	198.12	-524.01 3
209	518	515	145	108	224	160	4.64	-78.29	-0.42	16091.15	219.82	3121.43	-653.77	200.96	-519.26 3
209	518	515	145	109	226	160	5.10	-78.16	-0.30	16090.79	250.23	3140.96	-653.28	210.82	-519.30 3
209	518	515	145	109	225	159	5.74	-78.00	-0.16	16085.85	289.12	3169.71	-645.16	211.47	-513.48 3
209	518	515	146	108	225	159	6.44	-77.81	0.01	16087.16	338.86	3197.42	-636.35	224.55	-500.16 3
209	518	515	145	109	226	159	6.89	-77.64	0.12	16079.80	366.72	3229.75	-599.09	230.77	-483.30 3
209	518	515	145	109	224	160	7.37	-77.57	0.20	16076.21	389.18	3250.87	-558.68	221.93	-466.93 3
210	518	515	145	109	225	160	7.49	-77.65	0.23	16079.40	396.32	3249.92	-534.95	209.29	-448.04 3
209	518	515	145	109	225	159	7.60	-77.69	0.24	16081.63	401.71	3243.43	-512.00	207.52	-431.84 3
209	518	515	145	109	224	160	7.85	-77.81	0.28	16069.75	411.22	3231.65	-484.10	193.40	-425.69 3
209	518	515	145	109	224	160	8.50	-77.92	0.37	16071.46	434.86	3213.07	-473.35	185.48	-416.26 3
209	517	515	145	108	225	160	8.24	-77.99	0.36	16073.69	433.72	3197.02	-490.03	190.25	-402.15 3
209	518	515	145	109	225	160	7.64	-78.07	0.29	16068.40	414.63	3179.57	-493.73	196.64	-399.94 3
209	517	515	146	109	225	161	7.76	-78.18	0.31	16054.78	418.30	3143.19	-507.79	213.01	-405.14 3
209	518	515	145	109	225	160	7.74	-78.24	0.32	16051.44	423.58	3119.03	-568.35	230.36	-404.24 3
209	517	515	146	109	224	160	7.62	-78.14	0.35	16056.27	429.41	3114.08	-629.03	260.34	-402.67 3
209	517	515	145	109	225	160	7.19	-77.88	0.33	16051.66	424.14	3148.97	-679.38	293.22	-409.14 3
209	517	515	145	109	226	160	7.22	-77.78	0.38	16052.67	438.33	3171.53	-717.31	291.76	-430.13 3
209	518	515	146	109	224	161	7.39	-77.60	0.46	16055.84	461.41	3203.55	-754.35	298.82	-439.73 3
209	517	515	145	109	225	160	7.85	-77.44	0.58	16047.05	493.74	3235.17	-791.28	299.13	-443.44 3
210	517	515	145	109	224	161	8.23	-77.40	0.69	16051.90	522.25	3254.21	-813.27	290.18	-442.32 3
209	517	515	145	109	226	161	8.54	-77.35	0.77	16053.70	544.14	3266.10	-825.20	290.57	-439.05 3
209	517	515	145	108	225	160	8.81	-77.25	0.84	16053.82	564.13	3283.20	-836.64	294.99	-431.55 3
209	517	515	146	109	225	161	8.23	-77.20	0.79	16052.33	549.33	3291.64	-874.96	306.39	-429.52 3
209	517	515	146	108	225	160	8.02	-77.09	0.77	16046.91	545.66	3302.06	-878.06	311.92	-445.00 3
209	517	515	146	109	224	160	8.95	-76.94	0.96	16027.56	597.38	3320.55	-878.61	315.37	-450.50 3
208	517	515	145	109	225	161	9.22	-76.82	1.06	16030.59	623.51	3328.73	-902.68	334.96	-439.62 3
209	517	515	145	109	226	162	9.21	-76.62	1.08	16020.66	630.53	3357.69	-889.59	359.26	-430.64 3
210	517	515	145	109	225	161	9.29	-76.39	1.12	15999.02	640.61	3398.20	-866.16	368.69	-425.11 3
208	517	515	145	110	225	161	9.41	-76.40	1.19	15993.27	659.38	3411.69	-875.91	361.81	-420.70 3
209	517	515	145	110	225	161	9.20	-76.39	1.17	15985.41	654.21	3427.91	-883.11	358.62	-415.12 3
209	517	515	145	109	225	161	9.52	-76.33	1.21	15975.94	664.10	3434.11	-856.36	364.04	-409.21 3
209	517	515	145	110	225	161	9.99	-76.32	1.28	15966.14	684.09	3443.41	-841.44	365.39	-398.95 3
209	517	515	145	109	224	161	10.05	-76.34	1.31	15970.83	691.49	3439.04	-861.32	372.37	-387.65 3
209	517	515	145	110	224	161	9.66	-76.26	1.27	15966.49	680.31	3446.69	-855.70	389.60	-384.32 3
209	517	515	145	109	225	161	9.67	-76.05	1.26	15961.37	678.10	3470.35	-802.72	420.82	-392.40 3
208	517	515	146	109	225	161	10.29	-75.78	1.38	15945.30	710.99	3505.63	-746.53	440.23	-404.13 3
209	518	515	145	109	225	162	10.69	-75.57	1.51	15941.03	744.04	3560.75	-734.30	428.02	-407.83 3
209	519	515	145	109	224	161	10.22	-75.37	1.47	15943.38	736.44	3618.51	-743.59	425.37	-397.29 3
209	519	515	145	109	224	161	10.43	-75.29	1.53	15943.61	751.42	3647.39	-720.06	416.25	-397.07 3
209	519	515	145	109	225	161	10.87	-75.26	1.62	15941.63	775.25	3671.82	-680.36	393.59	-389.72 3
209	519	515	145	109	226	161	11.12	-75.24	1.66	15932.15	787.89	3688.63	-643.49	382.01	-379.38 3
209	519	515	145	109	225	161	11.70	-75.19	1.79	15929.54	822.49	3689.00	-634.66	385.96	-364.31 3
209	519	515	145	109	223	162	11.45	-75.15	1.76	15921.66	814.77	3705.75	-630.88	385.01	-345.60 3
208	519	515	146	109	225	161	11.65	-75.18	1.79	15917.78	821.23	3712.26	-608.29	374.26	-336.27 3
209	519	515	145	109	225	161	11.79	-75.22	1.83	15916.89	832.37	3709.05	-595.87	371.44	-323.85 3
209	519	515	145	109	226	162	11.71	-75.11	1.82	15905.05	829.15	3714.99	-566.28	396.17	-311.76 3
209	519	514	145	109	224	161	12.52	-74.98	1.98	15887.39	872.89	3721.44	-531.71	405.76	-298.07 3
209	518	515	145	109	225	162	12.64	-74.94	2.04	15880.62	889.65	3732.57	-548.58	406.53	-268.37 3
209	518	515	145	109	225	161	12.03	-74.91	1.94	15884.79	860.96	3743.54	-527.90	422.80	-251.15 3
209	518	515	145	110	225	162	12.23	-74.79	1.97	15875.55	868.32	3752.37	-491.95	450.01	-240.59 3
209	518	515	145	109	225	161	12.47	-74.74	2.03	15868.78	884.50	3758.95	-490.06	452.86	-227.66 3
209	519	515	146	109	225	162	12.52	-74.74	2.06	15872.34	893.48	3759.40	-518.60	460.22	-200.18 3
209	519	515	145	109	226	161	11.55	-74.65	1.93	15875.32	857.60	3789.83	-551.82	461.16	-176.52 3
209	519	515	145	109	225	162	10.96	-74.59	1.83	15881.35	829.52	3819.74	-537.88	454.85	-172.25 3
209	519	515	145	109	226	162	10.78	-74.53	1.82	15881.29	828.45	3841.95	-543.94	454.40	-175.03 3
209	519	515	146	109	224	162	10.58	-74.45	1.81	15875.22	826.62	3862.45	-560.54	443.33	-189.33 3
209	519	515	145	108	224	162	10.75	-74.40	1.88	15874.46	843.89	3875.33	-565.06	445.82	-213.12 3
209	519	515	145	110	225	162	11.16	-74.20	1.98	15872.14	872.50	3897.36	-556.01	466.73	-231.31 3
209	518	515	145	109	225	162	11.51	-74.00	2.08	15863.13	899.27	3919.50	-540.76	491.59	-233.79 3
208	518	515	145	109	224	161	11.92	-73.75	2.21	15841.37	932.11	3952.32	-518.42	505.51	-227.65 3
208	517	515	145	109	224	162	12.40	-73.50	2.30	15814.30	956.70	3989.91	-453.45	519.29	-212.07 3
209	516	515	145	109	224	161	12.96	-73.22	2.45	15803.19	995.67	4030.01	-407.33	542.82	-182.97 3
209	516	515	145	109	225	162	12.81	-73.02	2.43	15785.43	991.88	4076.31	-381.31	547.53	-140.67 3
209	516	515	146	109	225	163	12.46	-72.95	2.34	15772.16	965.89	4097.09	-325.10	547.50	-111.39 3
209	516	514	145	109	225	163	12.60	-72.92	2.37	15775.75	972.40	4111.04	-292.49	560.48	-84.37 3
209	517	515	145	109	224	163	12.08	-72.81	2.29	15775.16	950.98	4135.09	-311.32	579.90	-49.05 3
209	517	515	146	109	225	164	11.53	-72.81	2.17	15768.20	920.23	4148.93	-296.80	576.61	-37.65 3
208	517	515	145	108	225	163	11.66	-72.78	2.18	15762.19	920.22	4157.89	-278.91	591.38	-32.06 3
209	517	515	146	109	224	164	11.64	-72.65	2.22	15767.68	932.01	4181.99	-273.27	607.11	-26.36 3
208	517	515	145	109	224	163	11.55	-72.39	2.20	15760.30	926.40	4223.69	-242.60	631.85	-16.89 3
209	517	515	145	109	224	163	11.46	-72.13	2.19	15743.48	923.28	4276.31	-210.57	644.96	-10.95 3
208	517	514	145	109	225	163	11.56	-71.99	2.21	15744.51	928.12	4317.09	-173.79	646.46	-5.00 3
209	517	515	145	109	225	164	11.50	-71.83	2.19	15733.28	924.51	4360.24	-139.70	646.79	10.05 3
209	517	515	145	109	225	164	11.44	-71.70	2.18	15724.02	919.29	4399.63	-97.52	646.00	28.25 3
209	517	515	145	109	223	164	11.19	-71.60	2.12	15703.82	903.72	4434.64	-61.09	641.60	46.88 3
209	517	515	145	109	223	164	11.15	-71.50	2.09	15683.43	894.14	4468.31	-33.19	634.37	62.49 3
209	517	515	145	109	224	165	10.81	-71.44	2.02	15668.26	875.03	4491.10	-24.08	634.75	76.37 3
208	517	515	146	109	225	164	10.91	-71.35	2.03	15644.24	876.28	4504.94	-11.07	639.76	82.80 3
209	518	515	145	109	226	164	10.74	-71.28	2.00	15623.43	868.07	4521.09	0.58	644.13	86.01 3
208	517	515	146	109	226	164	10.93	-71.24	2.05	15614.86	880.26	4533.24	8.80	651.52	92.46 3
209	517	515	145	110	224	164	10.94	-71.12	2.05	15603.32	881.25	4552.38	12.26	674.14	112.73 3
209	517	515	145	110	225	165	10.84	-70.96	2.05	15592.55	879.39	4581.76	31.15	691.49	139.15 3
209	517	515	145	110	225	165	10.75	-70.82	2.03	15581.12	875.82	4617.47	48.44	696.21	162.94 3
209	517	515	146	109	225	165	10.96	-70.72	2.09	15569.07	891.63	4639.20	64.27	695.20	183.54 3
210	517	515	145	109	224	164	11.27	-70.70	2.17	15563.01	910.45	4650.44	67.75	694.99	209.82 3
208	517	515	145	109	224	165	11.00	-70.55	2.12	15556.26	897.52	4674.12	67.87	720.39	249.73 3
208	517	515	145	109	224	164	10.69	-70.31	2.05	15543.85	877.05	4721.41	114.32	740.47	281.59 3
209	516	515	145	108	224	165	10.59	-70.13	2.02	15532.66	871.99	4761.94	138.16	752.20	305.36 3
209	517	515	145	109	224	165	10.01	-69.95	1.90	15529.03	838.79	4823.04	139.65	739.54	323.99 3
209	517	515	145	109	225	165	9.56	-69.88	1.75	15534.57	798.45	4862.69	174.57	733.96	335.99 3
208	516	515	145	110	225	165	9.42	-69.87	1.70	15525.85	785.73	4878.76	196.94	731.46	338.04 3
209	517	514	145	109	224	165	9.42	-69.94	1.69	15511.95	781.25	4878.42	214.04	722.24	338.79 3
208	516	515	145	110	225	165	9.63	-69.89	1.71	15502.76	786.18	4881.90	232.69	735.33	349.65 3
209	516	515	145	110	225	164	9.36	-69.77	1.65	15488.42	769.47	4897.60	242.30	755.11	367.12 3
208	516	514	145	109	225	165	8.90	-69.67	1.54	15473.40	740.20	4920.92	248.59	762.31	379.96 3
208	516	515	146	109	225	165	8.40	-69.54	1.42	15463.33	710.59	4947.68	251.31	783.84	385.91 3
208	516	514	145	109	224	165	8.20	-69.43	1.36	15457.16	693.86	4969.69	258.89	804.70	394.17 3
209	516	514	145	109	224	165	7.96	-69.29	1.29	15444.70	673.57	4992.01	283.75	827.26	404.36 3
208	517	514	145	109	225	165	7.96	-69.12	1.24	15420.67	661.09	5019.01	329.61	835.50	406.49 3
208	516	514	145	109	224	164	8.28	-68.96	1.30	15425.63	676.43	5034.46	359.03	868.23	414.37 3
208	516	514	145	109	225	165	7.85	-68.53	1.20	15404.95	650.61	5089.13	355.03	927.66	439.15 3
209	516	514	145	109	224	165	7.59	-68.24	1.13	15383.90	631.08	5151.48	362.33	944.28	450.44 3
209	516	515	145	109	224	166	7.25	-67.99	1.02	15382.71	601.93	5211.30	378.26	958.22	465.72 3
208	516	514	145	109	223	166	7.01	-67.51	0.97	15380.77	589.63	5291.14	375.65	1012.51	476.08 3
208	516	514	145	110	225	167	6.61	-66.90	0.86	15360.33	560.75	5383.18	371.52	1061.13	491.23 3
209	516	514	145	109	225	165	6.13	-66.39	0.69	15316.32	515.31	5519.82	391.99	1023.87	487.77 3
208	516	515	145	109	224	166	6.23	-66.41	0.73	15314.30	526.55	5601.83	404.74	944.28	467.88 3
209	516	515	146	109	225	165	6.32	-66.37	0.81	15308.99	545.22	5656.14	391.45	895.72	474.69 3
208	516	514	146	109	224	166	6.26	-66.39	0.78	15293.14	537.36	5709.93	416.58	834.83	486.20 3
208	516	515	145	109	224	167	6.68	-66.47	0.85	15283.68	557.49	5745.23	475.70	771.39	504.59 3
209	516	514	146	109	225	167	6.83	-66.51	0.94	15267.70	580.82	5794.77	474.27	704.67	523.11 3
209	516	514	145	108	225	166	6.33	-66.58	0.82	15256.11	548.18	5852.43	457.00	623.44	544.76 3
208	516	514	146	109	225	166	5.78	-66.74	0.66	15250.90	506.17	5900.81	473.05	530.11	550.12 3
208	516	515	145	109	224	167	5.55	-67.03	0.56	15245.36	479.06	5934.17	499.00	415.56	543.36 3
208	516	514	145	109	224	166	5.35	-67.38	0.50	15257.49	464.51	5944.86	493.65	318.58	542.14 3
208	516	515	145	109	223	166	5.10	-67.71	0.45	15247.22	450.08	5953.62	465.67	218.80	544.39 3
208	516	515	145	109	224	166	4.67	-68.11	0.37	15237.45	429.58	5957.34	420.64	103.71	543.77 3
209	516	515	145	109	225	166	4.33	-68.53	0.25	15240.78	400.50	5947.27	428.70	-0.67	539.33 3
208	517	514	145	109	224	166	4.67	-68.80	0.33	15236.54	421.07	5933.71	419.12	-77.39	542.06 3
208	516	515	145	109	224	167	4.36	-69.02	0.34	15211.31	422.82	5951.02	340.61	-177.47	564.56 3
208	516	514	145	109	224	167	3.56	-69.48	0.13	15208.35	368.08	5952.27	308.88	-317.75	578.38 3
208	516	514	145	109	225	167	3.50	-70.03	0.03	15214.93	342.87	5913.26	381.44	-427.56	569.71 3
208	516	514	145	107	224	167	4.60	-70.65	0.19	15228.78	383.93	5841.79	456.47	-519.13	584.88 3
208	516	514	145	109	224	166	5.06	-71.26	0.26	15248.14	402.33	5758.50	455.74	-587.58	640.48 3
208	516	514	145	109	224	167	4.22	-71.71	0.06	15256.34	350.02	5679.38	464.71	-637.00	689.01 3
209	516	514	144	110	224	166	3.77	-72.21	-0.10	15273.32	309.72	5595.61	549.87	-664.00	708.06 3
208	515	514	145	108	224	166	3.94	-72.62	-0.11	15285.25	304.63	5516.43	588.58	-683.10	726.56 3
208	515	514	145	109	225	166	2.92	-73.04	-0.33	15310.59	249.00	5433.81	581.95	-702.99	741.03 3
208	515	514	145	109	224	167	1.85	-73.26	-0.58	15336.46	182.55	5367.52	605.70	-695.24	746.63 3
208	515	514	145	108	224	167	1.19	-73.39	-0.77	15349.84	132.62	5306.14	634.42	-677.88	738.54 3
208	515	514	144	109	224	168	0.84	-73.61	-0.86	15357.75	108.39	5248.23	624.04	-666.04	722.42 3
208	515	513	145	109	225	167	0.17	-73.83	-0.98	15377.46	76.37	5185.62	570.64	-655.23	708.55 3
209	515	513	145	109	225	168	-0.78	-73.92	-1.19	15396.98	20.95	5128.34	548.36	-628.12	697.52 3
208	515	513	145	109	224	166	-1.21	-73.98	-1.29	15411.73	-6.30	5069.12	533.99	-577.37	685.99 3
208	515	513	145	108	224	168	-1.48	-73.96	-1.37	15410.95	-26.38	5027.07	511.39	-522.60	674.24 3
208	515	513	145	109	224	168	-1.59	-73.98	-1.41	15433.60	-40.86	4982.91	494.67	-469.07	661.53 3
208	515	513	145	109	224	168	-2.07	-73.78	-1.56	15436.12	-79.42	4963.37	502.29	-402.66	657.55 3
208	515	513	144	108	225	168	-1.94	-73.61	-1.58	15444.51	-83.05	4949.80	507.77	-354.68	650.43 3
209	515	514	145	109	224	168	-2.19	-73.44	-1.64	15455.89	-100.70	4947.91	475.24	-309.90	648.56 3
208	515	514	145	109	225	168	-2.48	-73.32	-1.76	15475.49	-133.86	4954.91	484.47	-282.75	639.18 3
208	515	513	144	109	224	168	-2.35	-73.23	-1.77	15492.12	-135.77	4941.77	500.45	-242.11	634.32 3
208	515	513	144	109	225	168	-2.34	-73.09	-1.77	15501.11	-136.78	4940.28	483.38	-209.76	630.45 3
208	515	513	144	108	224	168	-2.60	-73.01	-1.87	15509.66	-163.94	4940.27	499.41	-187.87	623.88 3
209	515	513	145	109	224	168	-2.42	-72.93	-1.87	15526.37	-163.74	4931.65	509.84	-164.93	615.69 3
208	515	513	145	109	224	168	-2.89	-72.90	-2.00	15531.45	-198.96	4929.07	510.95	-160.33	608.00 3
209	515	514	145	108	224	168	-2.95	-72.96	-2.06	15551.08	-213.21	4913.82	531.50	-153.36	591.00 3
208	515	513	145	109	226	169	-2.99	-72.98	-2.09	15560.53	-222.35	4899.33	521.87	-141.60	585.95 3
208	515	514	145	108	224	168	-3.37	-73.00	-2.18	15563.50	-246.43	4883.56	515.08	-132.17	578.30 3
208	515	513	145	110	224	169	-3.62	-73.04	-2.25	15563.73	-266.51	4869.58	508.98	-129.11	565.99 3
208	515	514	145	109	224	168	-3.93	-73.05	-2.35	15561.34	-292.18	4854.30	510.08	-116.95	549.39 3
208	516	514	145	109	225	167	-3.79	-73.13	-2.32	15567.07	-285.97	4820.19	503.42	-101.76	533.92 3
209	516	514	145	109	224	169	-4.17	-73.11	-2.43	15567.72	-313.08	4790.18	506.00	-59.02	526.82 3
208	516	513	144	109	224	168	-4.05	-73.09	-2.44	15554.93	-316.42	4766.67	527.25	-25.92	514.33 3
208	516	514	145	109	224	169	-4.48	-72.90	-2.51	15551.19	-334.40	4767.14	502.49	24.68	513.52 3
208	516	514	144	109	225	168	-4.93	-72.61	-2.66	15541.83	-375.48	4789.98	493.77	65.55	504.99 3
208	516	514	145	108	224	169	-4.93	-72.43	-2.71	15529.13	-386.91	4814.68	479.88	81.87	488.59 3
208	516	514	145	109	224	169	-5.09	-72.36	-2.76	15524.68	-398.16	4820.35	457.68	86.22	479.91 3
208	516	513	145	110	224	168	-5.26	-72.32	-2.81	15519.84	-412.25	4812.73	451.85	108.81	477.57 3
208	516	514	145	108	225	168	-5.12	-72.34	-2.78	15527.05	-404.44	4793.29	445.91	142.72	479.84 3
208	516	514	145	109	225	168	-5.48	-72.32	-2.84	15531.30	-422.42	4774.23	424.26	177.89	487.10 3
209	517	514	145	109	224	168	-6.10	-72.17	-3.03	15557.93	-471.30	4774.72	414.40	221.39	480.34 3
209	516	514	145	109	225	169	-6.41	-71.99	-3.12	15577.04	-497.13	4779.78	403.38	264.12	462.52 3
209	516	514	145	109	225	169	-6.99	-71.74	-3.26	15589.99	-535.68	4802.59	362.06	302.67	436.40 3
208	516	514	145	109	225	168	-7.13	-71.48	-3.33	15592.69	-556.49	4842.86	342.26	320.63	395.58 3
208	517	514	145	109	225	168	-6.99	-71.29	-3.32	15594.65	-551.47	4886.52	313.09	324.30	361.55 3
208	517	514	145	110	225	169	-6.90	-71.18	-3.32	15589.52	-551.49	4918.79	277.89	313.99	334.72 3
209	517	514	145	109	224	169	-6.69	-71.19	-3.27	15574.84	-538.12	4948.05	244.64	274.44	309.44 3
208	517	514	145	110	225	168	-6.70	-71.29	-3.27	15566.70	-538.81	4954.45	219.66	237.87	293.46 3
209	517	514	145	109	225	169	-6.51	-71.36	-3.24	15563.96	-528.07	4953.13	203.53	226.97	288.84 3
208	517	514	146	109	225	168	-6.50	-71.42	-3.19	15553.77	-515.07	4952.07	159.85	226.22	286.50 3
208	517	514	145	108	224	169	-6.89	-71.32	-3.29	15540.28	-541.32	4962.87	138.46	233.01	285.42 3
209	516	514	145	108	225	168	-7.06	-71.23	-3.35	15527.46	-556.05	4976.72	129.94	240.91	270.95 3
208	517	514	146	109	225	169	-7.23	-71.08	-3.39	15519.69	-567.25	5004.89	108.34	244.72	256.15 3
209	516	514	145	109	224	168	-7.22	-70.98	-3.44	15522.51	-579.89	5037.84	106.17	241.43	237.15 3
209	516	514	145	110	225	169	-7.00	-70.96	-3.41	15512.58	-571.29	5052.15	107.51	231.56	223.34 3
208	517	514	145	109	224	169	-6.99	-71.04	-3.42	15519.75	-574.33	5054.94	105.29	212.43	219.17 3
208	516	514	146	110	225	169	-7.01	-71.16	-3.42	15519.16	-576.81	5057.60	107.27	184.76	218.36 3
209	516	514	145	109	225	169	-7.03	-71.26	-3.44	15526.01	-581.37	5051.92	108.81	169.12	218.60 3
208	516	514	145	110	225	168	-7.35	-71.31	-3.49	15524.31	-594.70	5047.12	94.62	159.17	213.97 3
209	516	514	145	110	225	168	-7.72	-71.35	-3.59	15529.49	-620.17	5044.16	76.69	153.56	207.27 3
209	516	514	145	110	224	168	-7.73	-71.40	-3.61	15528.22	-627.16	5041.16	76.85	149.28	198.55 3
209	516	514	145	109	224	168	-7.97	-71.39	-3.69	15516.00	-645.60	5041.30	74.21	143.62	186.03 3
209	516	514	145	109	225	168	-7.78	-71.39	-3.66	15516.00	-637.12	5039.63	76.20	148.73	170.33 3
209	516	514	145	109	225	168	-7.80	-71.37	-3.64	15508.40	-631.46	5047.05	53.84	145.30	170.66 3
209	516	514	145	109	225	168	-8.05	-71.33	-3.70	15504.58	-648.69	5055.30	45.45	140.23	169.18 3
208	516	514	145	109	224	169	-7.96	-71.35	-3.69	15493.35	-645.06	5059.13	40.93	130.22	162.12 3
