88	532	517	154	90	227	165	-4.40	-67.69	-3.10	15083.18	-467.01	6077.02	288.80	227.44	-47.35 2
88	532	517	153	91	226	165	-4.31	-67.68	-3.08	15079.62	-460.86	6087.16	276.51	224.77	-53.63 2
88	532	517	153	91	227	166	-4.03	-67.70	-3.01	15081.44	-443.61	6090.61	280.19	212.73	-50.50 2
88	532	518	153	91	227	165	-3.80	-67.73	-2.95	15081.57	-426.23	6089.88	264.03	206.69	-34.87 2
88	532	518	152	91	228	164	-4.02	-67.72	-3.01	15076.29	-441.72	6091.38	248.28	198.26	-26.53 2
89	532	518	153	91	228	165	-3.84	-67.75	-2.99	15079.88	-437.04	6091.41	273.91	187.60	-26.95 2
89	532	517	153	91	228	166	-3.63	-67.75	-2.93	15076.08	-420.18	6088.64	262.22	185.27	-16.41 2
89	532	518	154	89	227	165	-3.92	-67.79	-2.98	15079.88	-435.97	6079.41	236.01	178.50	-5.48 2
88	532	517	153	90	227	166	-4.15	-67.82	-3.06	15080.28	-455.98	6070.44	236.71	179.78	-7.51 2
89	532	518	154	91	227	167	-4.18	-67.84	-3.07	15085.67	-457.98	6063.32	237.37	174.34	-21.24 2
88	532	518	154	91	227	165	-4.12	-67.84	-3.04	15089.39	-449.08	6063.55	208.90	172.72	-27.42 2
88	532	517	153	91	227	164	-4.40	-67.81	-3.10	15098.92	-467.62	6072.37	186.76	168.64	-34.60 2
88	532	517	154	91	228	166	-4.40	-67.91	-3.09	15106.77	-465.24	6058.95	173.07	157.45	-45.67 2
88	532	517	154	91	227	166	-4.51	-68.02	-3.09	15110.43	-465.98	6040.41	140.67	148.53	-55.79 2
88	532	517	154	91	227	166	-4.45	-68.03	-3.07	15110.11	-460.28	6032.79	127.48	148.96	-71.20 2
89	532	517	153	90	227	166	-4.12	-68.10	-2.96	15101.00	-431.87	6022.75	94.56	137.76	-84.44 2
88	532	517	153	90	228	166	-4.36	-68.12	-2.95	15099.95	-427.47	6012.41	40.43	140.02	-87.62 2
88	532	517	153	90	228	166	-4.44	-68.08	-2.96	15099.16	-431.90	6002.39	28.86	160.37	-97.29 2
88	532	517	154	92	228	166	-4.20	-67.90	-2.88	15082.40	-410.91	6013.87	18.92	179.15	-109.97 2
89	532	517	154	91	227	166	-4.04	-67.74	-2.83	15077.28	-397.36	6037.18	-5.13	185.84	-112.72 2
88	532	517	153	90	227	165	-3.88	-67.62	-2.77	15067.01	-380.29	6048.12	-16.02	198.40	-114.09 2
88	532	517	153	91	227	166	-3.62	-67.51	-2.68	15064.66	-357.68	6054.31	-30.87	220.93	-102.33 2
88	532	517	154	92	228	166	-3.65	-67.34	-2.69	15049.83	-358.99	6075.00	-42.83	235.88	-88.97 2
89	532	517	154	90	227	166	-3.67	-67.28	-2.69	15047.34	-359.44	6085.25	-53.09	240.54	-82.77 2
87	532	517	154	91	227	166	-3.74	-67.26	-2.70	15045.57	-361.27	6084.98	-69.83	245.01	-78.98 2
89	532	516	153	91	227	166	-3.96	-67.18	-2.74	15039.69	-370.01	6085.33	-85.59	263.91	-74.98 2
88	532	517	154	91	227	166	-4.05	-67.13	-2.79	15030.91	-382.31	6097.47	-86.81	268.97	-82.53 2
88	532	517	154	91	229	166	-3.91	-67.12	-2.76	15043.16	-375.19	6100.99	-90.27	277.92	-87.00 2
88	532	517	154	90	227	166	-3.90	-67.04	-2.76	15035.60	-375.23	6110.34	-91.01	292.02	-78.40 2
88	532	517	153	91	226	166	-3.92	-67.02	-2.77	15035.62	-377.67	6120.83	-103.21	291.12	-75.73 2
88	532	517	154	91	227	166	-3.91	-67.01	-2.74	15034.64	-371.79	6134.79	-124.15	279.67	-70.70 2
89	532	517	153	91	228	166	-4.21	-66.95	-2.82	15040.31	-392.20	6151.25	-145.49	275.68	-68.71 2
89	532	517	154	91	229	166	-4.34	-66.97	-2.86	15037.69	-401.59	6147.48	-149.46	276.40	-76.28 2
89	533	516	153	91	228	167	-4.39	-67.01	-2.85	15043.01	-398.71	6142.31	-172.29	276.48	-82.41 2
89	532	517	154	90	228	166	-4.35	-66.96	-2.84	15034.26	-395.37	6152.79	-181.18	275.10	-96.39 2
89	532	517	154	90	227	166	-4.12	-66.89	-2.80	15031.75	-387.40	6158.35	-179.82	285.50	-107.57 2
89	532	516	154	90	228	166	-3.86	-66.76	-2.73	15033.76	-369.03	6185.64	-180.23	289.07	-113.64 2
88	532	516	154	91	227	166	-3.67	-66.57	-2.69	15024.67	-357.18	6226.56	-171.37	292.62	-114.61 2
88	532	516	154	91	227	166	-3.48	-66.43	-2.66	15016.84	-348.12	6271.83	-154.40	272.64	-114.48 2
89	532	516	154	91	227	166	-3.30	-66.38	-2.61	15012.00	-337.92	6303.44	-149.18	244.96	-110.31 2
88	532	516	154	91	228	167	-3.19	-66.44	-2.58	15014.40	-328.22	6321.46	-151.32	209.21	-102.39 2
89	532	517	154	91	227	166	-3.09	-66.56	-2.54	15013.08	-319.41	6320.39	-153.85	177.90	-96.37 2
89	532	516	154	91	229	167	-3.11	-66.69	-2.56	15012.42	-323.04	6304.17	-154.31	163.00	-89.90 2
88	532	516	154	91	227	167	-2.95	-66.76	-2.54	15004.40	-317.09	6287.36	-130.49	161.75	-89.41 2
89	532	516	154	91	228	166	-2.69	-66.83	-2.47	14989.98	-300.43	6270.00	-113.12	159.97	-88.44 2
89	532	516	154	90	227	166	-2.81	-66.86	-2.49	14983.88	-305.01	6263.89	-112.46	159.17	-79.52 2
89	532	516	154	91	228	167	-2.83	-66.82	-2.51	14978.09	-309.36	6261.10	-101.39	171.01	-71.14 2
88	532	516	154	91	228	167	-2.78	-66.73	-2.52	14970.98	-311.49	6272.64	-90.17	187.61	-61.08 2
88	533	516	153	91	228	167	-2.84	-66.69	-2.53	14960.23	-312.52	6284.61	-88.16	189.23	-50.08 2
87	532	516	153	91	227	167	-2.93	-66.70	-2.54	14964.02	-316.09	6280.78	-100.00	187.67	-39.08 2
88	532	516	154	90	228	166	-3.03	-66.65	-2.58	14961.62	-325.49	6289.14	-92.25	187.28	-30.37 2
89	532	516	154	91	228	167	-2.81	-66.61	-2.51	14960.94	-308.81	6299.09	-78.59	191.72	-23.30 2
89	532	516	153	91	228	167	-2.58	-66.57	-2.44	14952.69	-291.37	6316.13	-73.11	185.13	-10.14 2
89	532	516	154	91	228	167	-2.42	-66.47	-2.40	14958.66	-279.00	6336.52	-66.21	182.98	6.87 2
89	532	516	154	91	227	166	-2.41	-66.46	-2.42	14962.12	-284.65	6354.10	-44.00	171.83	21.08 2
89	532	516	153	90	228	167	-2.41	-66.49	-2.41	14966.02	-282.02	6359.79	-33.50	163.79	35.27 2
89	532	516	154	91	228	166	-2.46	-66.54	-2.43	14971.92	-288.52	6357.80	-15.87	155.30	44.91 2
89	532	516	154	91	228	167	-2.38	-66.57	-2.44	14974.52	-290.89	6358.31	14.22	145.33	51.26 2
88	532	516	154	90	227	166	-2.34	-66.63	-2.43	14982.40	-289.15	6363.40	26.31	129.02	60.80 2
89	532	516	154	91	227	166	-2.46	-66.65	-2.47	14979.48	-298.29	6371.03	27.30	112.86	73.46 2
89	532	516	154	91	228	167	-2.49	-66.71	-2.48	14977.90	-300.18	6378.28	29.08	83.77	78.14 2
89	532	516	153	91	228	167	-2.53	-66.83	-2.49	14979.61	-303.57	6373.96	39.43	58.28	85.18 2
89	532	516	154	91	228	167	-2.60	-66.89	-2.51	14982.43	-308.79	6369.46	43.41	43.17	93.32 2
88	532	516	154	90	228	167	-2.60	-66.99	-2.50	14978.30	-306.15	6352.19	49.64	32.16	102.10 2
89	532	516	154	90	228	167	-2.58	-67.15	-2.48	14976.19	-301.64	6323.38	44.55	20.55	110.75 2
88	532	515	154	91	227	166	-2.58	-67.26	-2.47	14967.78	-299.96	6303.21	57.93	6.87	119.66 2
89	532	516	154	91	228	166	-2.36	-67.33	-2.40	14965.79	-281.36	6297.65	67.43	-9.77	129.28 2
89	532	516	154	91	227	167	-2.61	-67.34	-2.48	14978.10	-302.89	6299.97	72.26	-15.58	149.67 2
88	531	515	154	91	228	167	-2.88	-67.38	-2.61	14979.79	-334.35	6297.17	97.14	-23.40	160.73 2
89	531	515	154	91	228	167	-3.05	-67.40	-2.69	14983.40	-354.63	6296.31	119.04	-31.03	164.60 2
88	531	516	154	92	228	167	-3.15	-67.48	-2.72	14993.03	-363.10	6293.50	133.09	-48.23	166.47 2
88	531	516	154	91	228	167	-3.24	-67.54	-2.75	14998.38	-370.95	6286.02	136.08	-57.12	170.34 2
89	531	515	154	91	227	166	-3.38	-67.63	-2.81	15007.66	-386.80	6280.32	151.48	-74.66	166.33 2
88	531	515	153	91	228	166	-3.36	-67.73	-2.82	15012.68	-391.26	6270.10	173.15	-93.28	158.61 2
88	531	515	154	91	228	166	-3.31	-67.89	-2.80	15018.05	-386.30	6253.60	167.00	-119.32	154.98 2
89	531	515	154	92	228	167	-3.52	-68.06	-2.85	15029.74	-399.18	6226.52	163.05	-132.40	151.13 2
88	531	515	154	91	227	167	-3.58	-68.11	-2.89	15030.86	-408.42	6211.99	176.34	-137.88	145.12 2
89	531	516	154	91	227	166	-3.63	-68.19	-2.90	15037.51	-412.80	6204.39	172.38	-155.49	139.32 2
89	531	515	154	91	228	167	-3.84	-68.30	-2.96	15045.84	-427.16	6200.77	172.66	-170.11	129.55 2
88	531	515	154	92	228	167	-3.83	-68.38	-2.96	15051.54	-427.60	6188.73	171.57	-182.26	118.87 2
88	531	515	154	92	228	166	-4.06	-68.50	-3.01	15056.77	-442.42	6171.30	161.90	-198.49	106.83 2
89	531	514	154	91	227	167	-3.99	-68.62	-3.01	15064.93	-442.30	6156.33	172.20	-218.77	86.49 2
89	531	515	154	92	227	167	-3.78	-68.77	-2.93	15074.68	-422.59	6129.52	167.74	-237.18	76.56 2
89	531	515	155	91	228	167	-3.80	-68.93	-2.91	15086.15	-417.86	6103.04	145.20	-249.97	73.19 2
89	531	515	154	92	229	167	-3.75	-69.11	-2.88	15083.64	-410.56	6073.29	133.99	-272.27	64.23 2
89	531	515	154	91	228	167	-3.72	-69.32	-2.86	15098.26	-405.84	6031.42	129.74	-277.31	60.57 2
88	531	515	154	92	228	166	-3.78	-69.35	-2.88	15098.54	-410.74	6008.05	136.01	-264.29	52.64 2
89	531	515	154	91	225	167	-3.67	-69.34	-2.86	15102.42	-404.61	5992.45	141.36	-252.38	44.10 2
89	531	515	155	92	229	167	-3.70	-69.33	-2.88	15107.29	-409.78	5986.23	138.99	-247.96	37.45 2
89	531	515	155	91	228	167	-3.73	-69.32	-2.89	15113.53	-413.29	5987.91	138.09	-249.71	29.53 2
88	531	515	154	90	228	167	-3.64	-69.33	-2.88	15116.05	-410.42	5992.32	147.98	-257.83	23.05 2
88	531	515	154	91	228	166	-3.57	-69.41	-2.85	15123.45	-403.50	5990.10	147.14	-280.38	24.15 2
89	531	515	155	92	228	166	-3.66	-69.56	-2.86	15137.48	-405.13	5980.00	133.73	-307.37	23.49 2
89	532	515	154	91	227	166	-3.84	-69.69	-2.89	15150.00	-414.87	5962.40	129.84	-324.45	17.22 2
89	531	515	154	92	229	166	-3.95	-69.87	-2.88	15161.10	-413.13	5936.48	112.10	-348.12	6.01 2
89	532	515	154	92	228	167	-4.20	-70.11	-2.91	15176.85	-422.27	5901.85	86.25	-374.87	-9.59 2
89	532	515	154	92	228	165	-4.28	-70.28	-2.94	15189.00	-431.16	5865.36	68.83	-389.78	-30.17 2
89	532	515	155	92	227	166	-4.39	-70.32	-2.99	15195.75	-444.40	5842.89	85.44	-387.49	-59.51 2
88	532	515	155	91	228	166	-3.97	-70.39	-2.91	15201.17	-423.38	5841.55	109.17	-403.46	-90.73 2
88	532	515	155	92	228	166	-3.67	-70.57	-2.81	15220.91	-398.21	5828.67	96.06	-434.54	-108.59 2
89	532	515	155	90	230	165	-3.74	-70.76	-2.79	15236.06	-394.10	5803.44	66.61	-457.21	-115.37 2
89	532	515	154	91	228	166	-3.72	-70.94	-2.77	15254.86	-390.39	5778.26	63.58	-479.35	-126.80 2
89	531	515	155	92	228	165	-3.49	-71.13	-2.73	15260.32	-378.28	5754.15	72.15	-505.48	-143.86 2
88	532	515	155	92	227	165	-3.11	-71.44	-2.60	15277.30	-346.36	5705.04	54.79	-533.91	-153.96 2
89	532	515	155	92	229	165	-3.16	-71.66	-2.59	15286.23	-344.44	5660.19	38.05	-549.76	-163.42 2
90	532	515	154	91	229	166	-3.04	-71.88	-2.56	15301.12	-335.22	5612.18	47.25	-554.28	-179.30 2
89	532	515	155	92	228	164	-2.62	-72.07	-2.44	15313.47	-306.46	5566.57	43.69	-557.16	-191.28 2
89	532	515	155	92	229	164	-2.60	-72.20	-2.42	15317.39	-300.14	5525.44	38.45	-561.20	-196.97 2
90	532	515	155	90	229	165	-2.35	-72.37	-2.33	15326.32	-278.13	5483.77	30.53	-564.49	-202.57 2
89	532	515	155	92	229	164	-2.21	-72.52	-2.26	15334.61	-260.82	5443.58	23.85	-556.97	-202.44 2
89	532	515	155	91	229	165	-2.13	-72.60	-2.24	15337.47	-254.98	5419.60	32.91	-553.67	-206.22 2
89	532	515	155	92	229	164	-1.92	-72.70	-2.18	15355.20	-238.43	5392.82	28.66	-552.74	-207.86 2
89	532	515	155	92	228	164	-2.05	-72.79	-2.18	15362.04	-239.51	5368.18	16.93	-550.65	-210.56 2
89	532	515	155	91	227	164	-1.98	-72.90	-2.15	15378.34	-231.94	5341.37	11.49	-555.47	-216.04 2
89	532	515	155	92	229	164	-1.90	-73.04	-2.12	15388.82	-225.14	5304.30	10.36	-556.39	-226.93 2
89	532	514	155	92	228	164	-1.77	-73.17	-2.08	15401.58	-215.68	5272.29	10.69	-560.72	-241.64 2
89	532	515	155	92	229	164	-1.47	-73.30	-1.99	15411.10	-192.70	5231.87	-3.99	-555.09	-248.11 2
89	532	515	155	92	228	164	-1.78	-73.43	-2.01	15427.95	-196.66	5185.88	-20.29	-546.93	-252.30 2
89	532	514	155	92	230	164	-2.26	-73.56	-2.09	15440.15	-219.83	5153.59	-16.73	-545.34	-275.64 2
90	532	515	155	92	229	163	-2.24	-73.75	-2.09	15461.34	-218.64	5106.51	0.06	-541.92	-308.90 2
89	531	514	155	92	229	163	-2.14	-73.82	-2.04	15472.07	-207.71	5079.18	-16.09	-534.27	-341.01 2
89	532	515	155	92	228	162	-1.96	-73.97	-1.96	15489.27	-185.72	5042.22	-48.64	-527.96	-369.66 2
89	532	515	155	91	228	163	-1.67	-74.08	-1.87	15497.60	-163.84	5006.91	-69.81	-522.66	-400.77 2
89	532	514	155	92	229	160	-1.33	-74.17	-1.78	15507.52	-138.24	4969.97	-92.92	-509.73	-430.74 2
89	532	515	155	92	229	162	-0.94	-74.16	-1.69	15515.95	-116.93	4951.07	-99.32	-499.04	-462.20 2
89	532	514	155	91	229	161	-0.11	-74.16	-1.53	15527.55	-72.48	4922.11	-88.46	-482.34	-495.69 2
90	532	515	155	91	229	161	1.03	-74.16	-1.27	15530.77	-5.86	4898.41	-72.53	-469.57	-518.60 2
89	532	514	155	93	229	161	2.08	-74.20	-1.02	15541.63	62.83	4873.89	-93.56	-468.05	-524.67 2
89	532	515	155	92	229	160	3.05	-74.30	-0.77	15552.15	128.89	4841.19	-135.13	-468.69	-510.59 2
89	532	515	155	92	228	161	4.00	-74.36	-0.53	15556.14	192.05	4806.93	-166.62	-462.51	-481.66 2
90	532	514	155	91	228	161	4.26	-74.37	-0.45	15550.93	213.44	4783.79	-152.39	-451.23	-452.88 2
89	532	514	155	91	228	162	4.90	-74.40	-0.32	15563.19	249.97	4755.00	-121.87	-437.47	-423.28 2
89	532	514	156	91	228	161	4.96	-74.46	-0.30	15568.03	253.87	4732.85	-104.23	-422.00	-390.07 2
89	532	514	155	92	229	162	4.82	-74.47	-0.30	15571.83	253.98	4713.61	-88.77	-412.65	-372.02 2
89	532	514	155	91	228	161	4.73	-74.56	-0.29	15589.24	256.08	4681.93	-88.73	-404.02	-358.07 2
89	532	514	155	91	228	162	4.41	-74.51	-0.35	15595.77	240.28	4671.03	-57.59	-388.36	-354.21 2
89	532	514	155	91	228	162	4.58	-74.52	-0.31	15607.58	250.66	4658.28	-26.81	-376.20	-357.40 2
89	532	514	155	92	228	161	4.62	-74.56	-0.27	15616.20	261.33	4641.16	-24.42	-370.64	-356.43 2
89	532	514	155	92	230	162	4.75	-74.62	-0.21	15626.59	277.46	4629.50	-39.90	-376.55	-358.66 2
89	532	514	155	92	229	162	4.87	-74.77	-0.17	15632.46	289.19	4610.23	-50.31	-394.28	-363.73 2
89	532	514	155	91	229	161	5.44	-74.93	-0.05	15648.04	320.93	4575.92	-53.24	-405.26	-367.24 2
89	532	514	155	92	229	161	6.23	-75.03	0.10	15656.04	361.68	4546.12	-61.23	-402.15	-360.98 2
89	532	513	155	92	228	162	7.04	-75.19	0.27	15655.04	407.20	4508.02	-74.52	-416.94	-349.98 2
89	532	514	155	92	229	162	7.49	-75.34	0.38	15663.09	434.64	4469.02	-77.19	-423.35	-331.13 2
89	532	514	155	92	229	162	7.60	-75.41	0.42	15667.73	446.51	4444.16	-62.78	-417.08	-312.82 2
89	533	515	155	92	230	162	7.77	-75.39	0.47	15675.14	460.78	4436.16	-52.69	-405.72	-291.73 2
89	532	514	154	92	229	162	7.61	-75.46	0.47	15677.99	460.94	4426.15	-49.16	-415.64	-275.90 2
89	532	514	155	92	229	162	7.57	-75.55	0.47	15701.29	461.30	4403.04	-39.45	-407.26	-259.65 2
89	532	514	156	92	228	162	7.53	-75.56	0.48	15698.82	462.03	4388.49	-29.98	-398.39	-244.22 2
89	532	514	156	91	229	161	7.35	-75.64	0.45	15715.08	453.73	4375.66	-15.43	-403.97	-240.01 2
90	532	514	155	92	229	161	7.45	-75.75	0.45	15729.33	456.84	4359.68	3.74	-407.12	-240.26 2
89	532	514	155	92	230	162	7.71	-75.82	0.51	15741.46	470.20	4335.50	24.51	-408.02	-239.24 2
89	532	514	155	92	229	161	7.90	-75.82	0.55	15742.79	483.29	4329.72	42.73	-421.82	-241.53 2
89	532	514	155	91	230	161	8.19	-75.91	0.63	15756.85	504.93	4322.04	33.84	-441.93	-232.16 2
89	532	514	155	90	229	161	8.00	-76.00	0.62	15767.00	501.68	4321.33	35.35	-467.33	-225.65 2
89	532	514	155	92	229	161	8.20	-76.19	0.65	15769.05	510.20	4302.47	59.73	-507.26	-229.32 2
89	532	514	155	92	229	161	8.59	-76.44	0.73	15778.20	532.29	4274.74	57.35	-544.75	-224.95 2
88	532	514	155	92	229	160	8.97	-76.81	0.77	15789.69	541.87	4229.21	48.78	-592.06	-221.15 2
89	532	514	155	92	229	161	9.56	-77.15	0.83	15809.01	558.98	4168.35	52.99	-619.31	-221.04 2
89	532	514	155	92	230	161	10.05	-77.44	0.88	15817.36	573.03	4104.73	55.19	-638.54	-222.49 2
89	532	514	156	93	229	159	10.94	-77.71	0.98	15829.29	600.18	4040.89	69.98	-647.72	-219.52 2
89	532	514	155	91	230	161	11.67	-77.96	1.06	15840.02	621.57	3971.25	70.38	-642.58	-213.74 2
89	532	514	155	92	229	161	12.28	-78.14	1.12	15859.62	637.29	3911.48	75.61	-629.80	-206.60 2
89	532	514	155	92	228	160	12.75	-78.21	1.17	15870.04	652.63	3863.31	77.63	-599.81	-197.22 2
89	532	514	155	92	229	160	12.79	-78.19	1.19	15866.74	657.59	3836.54	88.40	-570.12	-191.21 2
89	532	513	155	91	229	161	13.05	-78.22	1.24	15874.60	671.91	3806.72	95.53	-544.97	-184.70 2
89	532	514	155	92	229	160	13.31	-78.18	1.30	15883.67	687.32	3774.98	97.85	-513.07	-168.82 2
89	532	514	155	92	230	161	13.50	-78.20	1.33	15891.89	696.95	3742.63	99.51	-487.96	-151.33 2
89	532	514	155	92	228	160	13.40	-78.21	1.33	15900.09	696.71	3710.50	97.94	-458.37	-134.36 2
89	532	513	155	92	228	161	13.22	-78.20	1.32	15903.49	693.07	3689.98	101.94	-435.55	-126.64 2
89	532	513	155	92	228	161	13.19	-78.19	1.33	15913.11	697.02	3675.68	95.44	-421.92	-121.01 2
89	532	514	155	93	229	162	12.91	-78.19	1.31	15926.46	691.37	3667.89	87.67	-414.52	-117.41 2
89	532	514	155	92	230	161	12.93	-78.23	1.33	15936.54	696.60	3642.10	91.14	-407.25	-119.09 2
89	532	513	155	91	229	160	13.31	-78.30	1.39	15944.91	712.17	3596.39	89.88	-385.44	-118.38 2
89	532	513	155	92	230	162	13.55	-78.26	1.42	15943.46	722.16	3574.17	96.94	-354.01	-117.87 2
89	532	514	156	92	229	161	13.81	-78.20	1.47	15945.29	734.45	3565.86	111.69	-334.51	-121.52 2
89	532	514	155	90	228	161	14.14	-78.17	1.54	15958.62	754.13	3561.97	100.05	-326.64	-114.45 2
89	532	514	156	92	229	161	14.37	-78.26	1.57	15968.29	762.82	3543.87	81.80	-327.41	-103.77 2
90	532	513	155	92	230	161	14.56	-78.35	1.56	15979.88	759.88	3516.68	81.71	-320.44	-95.04 2
89	532	514	156	91	229	160	15.06	-78.44	1.61	15983.68	774.69	3491.45	79.98	-309.96	-86.53 2
90	532	513	155	92	229	161	15.41	-78.55	1.66	15994.30	788.15	3456.87	70.18	-301.82	-74.76 2
89	532	513	155	92	229	161	15.38	-78.58	1.64	16005.98	783.15	3435.63	68.12	-283.62	-65.47 2
89	532	513	156	92	229	161	15.39	-78.59	1.63	16011.68	781.59	3415.85	80.16	-260.44	-54.30 2
88	531	514	155	92	230	161	15.35	-78.58	1.62	16002.90	778.51	3409.66	97.90	-263.22	-49.38 2
89	530	513	155	92	230	161	15.54	-78.63	1.71	16011.55	801.98	3403.37	64.46	-283.21	-36.86 2
89	530	514	155	92	229	161	14.82	-78.69	1.63	16028.98	779.88	3395.00	40.84	-283.35	-23.22 2
89	530	513	156	92	229	161	14.50	-78.73	1.57	16031.73	765.89	3383.85	45.29	-276.93	-22.71 2
89	530	513	156	91	228	162	14.72	-78.78	1.60	16023.74	773.20	3365.26	62.43	-275.04	-25.02 2
89	530	514	155	91	229	161	15.20	-78.88	1.67	16032.15	792.94	3335.80	53.51	-280.78	-25.92 2
89	530	513	156	92	230	161	15.37	-78.97	1.71	16040.75	802.69	3302.61	42.73	-269.54	-19.63 2
89	529	513	155	92	230	162	15.47	-79.03	1.70	16045.71	801.55	3272.08	54.45	-251.22	-16.19 2
89	529	513	156	92	230	161	15.78	-79.04	1.73	16046.82	808.28	3249.87	69.37	-227.61	-16.38 2
89	530	513	156	92	229	161	16.02	-78.95	1.77	16050.48	820.86	3243.78	76.31	-204.28	-13.01 2
89	529	513	155	91	229	162	15.96	-78.95	1.78	16058.16	822.22	3240.59	72.34	-192.16	-6.41 2
89	529	513	155	92	230	161	15.36	-78.94	1.70	16058.05	800.71	3238.76	82.87	-183.75	-1.94 2
88	529	513	155	92	230	161	15.36	-78.99	1.70	16061.35	800.47	3224.22	93.38	-184.67	-4.05 2
89	529	513	155	91	230	162	15.59	-79.11	1.72	16063.68	807.65	3204.41	89.41	-195.33	-1.89 2
89	529	513	156	92	231	161	15.44	-79.22	1.70	16064.09	802.27	3189.79	82.74	-212.02	-2.95 2
89	528	514	156	92	229	161	15.58	-79.36	1.72	16068.09	805.15	3166.70	78.60	-226.97	-6.90 2
89	529	514	155	92	229	161	15.93	-79.46	1.76	16072.09	817.10	3139.97	76.57	-233.27	-6.21 2
88	528	513	156	91	229	162	15.93	-79.49	1.75	16078.28	815.24	3130.57	74.44	-237.90	-7.55 2
90	528	513	156	92	230	162	15.84	-79.49	1.74	16081.77	811.68	3128.64	82.27	-238.21	-18.22 2
89	528	513	156	92	230	162	16.42	-79.57	1.80	16088.88	830.50	3105.61	80.36	-243.25	-26.46 2
89	528	513	156	91	229	162	16.57	-79.60	1.84	16097.03	839.37	3079.33	74.14	-234.04	-25.24 2
88	528	513	156	91	230	161	16.66	-79.60	1.86	16093.18	847.20	3085.56	74.38	-247.98	-27.52 2
89	529	514	156	92	230	162	16.47	-79.70	1.86	16102.92	845.44	3069.88	62.06	-264.63	-25.15 2
88	528	513	156	92	230	162	16.27	-79.80	1.82	16108.78	836.77	3055.99	73.26	-274.85	-24.14 2
89	528	513	156	92	230	162	16.49	-79.87	1.85	16116.54	843.93	3042.79	71.45	-282.36	-28.93 2
88	528	513	156	92	230	162	16.64	-79.99	1.84	16124.91	842.13	3023.45	67.93	-295.69	-32.94 2
89	528	513	156	92	231	162	17.17	-80.17	1.87	16130.07	849.23	2988.28	64.88	-306.31	-38.94 2
89	528	513	156	92	231	162	17.12	-80.26	1.85	16134.96	845.57	2955.86	56.19	-295.79	-42.74 2
88	528	513	156	92	230	162	17.43	-80.33	1.86	16138.61	848.29	2935.07	58.58	-292.60	-49.81 2
89	528	513	156	91	230	162	17.59	-80.43	1.86	16139.28	848.27	2902.92	43.30	-284.32	-50.52 2
88	528	513	156	92	229	161	17.52	-80.53	1.85	16131.12	844.46	2864.57	23.68	-284.86	-50.69 2
89	528	513	156	90	231	161	18.22	-80.67	1.88	16132.76	852.44	2817.74	23.30	-274.11	-53.25 2
89	528	513	156	92	231	162	19.64	-80.71	1.98	16130.33	881.82	2773.66	27.98	-258.16	-51.14 2
89	529	514	156	91	231	162	21.35	-80.78	2.10	16133.81	914.32	2715.77	27.08	-237.65	-35.79 2
90	528	514	156	91	230	161	23.66	-80.80	2.26	16130.12	957.41	2643.98	29.58	-200.77	-11.55 2
89	529	513	156	92	230	161	25.79	-80.78	2.36	16131.21	986.14	2559.98	21.10	-131.18	24.23 2
88	528	513	156	91	229	162	26.14	-80.63	2.35	16127.45	983.03	2506.39	29.05	-21.57	63.42 2
89	528	513	156	92	230	163	26.49	-80.42	2.37	16111.48	988.28	2475.47	47.79	74.41	90.00 2
89	529	513	156	92	230	164	26.80	-80.15	2.42	16104.90	1000.87	2445.49	35.35	182.24	126.25 2
89	529	514	156	92	230	164	26.31	-79.82	2.37	16098.66	988.42	2437.22	26.74	304.48	170.24 2
89	528	513	156	92	230	164	24.91	-79.30	2.26	16084.33	956.60	2473.96	27.35	429.25	208.22 2
89	528	513	156	92	230	165	23.79	-78.77	2.19	16086.71	935.97	2526.66	28.68	533.54	239.46 2
90	527	513	156	92	229	166	22.65	-78.26	2.12	16075.17	916.97	2583.93	6.15	618.76	268.89 2
89	528	513	156	92	230	165	21.36	-77.85	2.02	16069.01	888.52	2638.13	-21.71	687.07	294.05 2
90	528	513	156	91	230	166	20.36	-77.61	1.96	16069.16	871.30	2663.02	-44.72	744.27	320.24 2
88	528	513	156	92	230	166	18.96	-77.17	1.80	16071.90	829.73	2720.87	-59.39	818.21	348.63 2
89	529	513	156	91	231	167	17.76	-76.73	1.69	16066.51	798.85	2787.83	-60.77	883.05	361.85 2
89	528	513	156	92	230	167	16.51	-76.38	1.57	16050.78	764.10	2845.84	-83.28	927.74	370.56 2
90	528	513	156	92	231	167	15.58	-76.10	1.48	16047.04	740.90	2902.74	-102.12	956.06	374.23 2
89	529	513	156	92	231	167	15.24	-75.92	1.50	16038.49	744.25	2935.21	-125.26	979.85	378.12 2
89	529	513	156	92	230	167	14.53	-75.59	1.46	16033.97	735.24	2989.25	-138.55	1021.56	390.86 2
89	529	513	156	92	230	167	13.81	-75.17	1.40	16038.47	717.28	3051.98	-142.82	1074.48	401.82 2
89	529	513	156	91	231	168	12.70	-74.58	1.24	16014.94	674.61	3156.19	-138.13	1117.16	409.73 2
90	529	513	156	90	230	167	11.70	-74.15	1.13	16008.60	643.48	3255.58	-155.12	1131.60	413.39 2
90	528	513	157	91	229	167	10.94	-73.94	1.04	15993.57	619.71	3327.20	-173.87	1119.92	414.37 2
90	529	513	156	92	230	167	9.99	-73.71	0.90	15989.09	580.92	3403.84	-179.57	1112.48	416.55 2
90	529	513	156	92	231	168	9.31	-73.54	0.79	15980.23	551.88	3464.45	-182.89	1105.40	413.53 2
89	529	513	157	91	230	167	8.59	-73.28	0.69	15969.02	521.68	3534.42	-173.65	1110.03	409.85 2
89	529	512	156	92	230	168	7.94	-73.10	0.59	15951.57	494.40	3604.10	-174.27	1091.98	394.71 2
90	529	513	157	91	230	168	7.39	-73.01	0.51	15945.59	473.68	3664.70	-185.80	1061.68	379.52 2
90	529	513	156	91	230	168	7.24	-72.95	0.50	15936.71	471.60	3702.06	-188.76	1037.10	371.20 2
89	528	513	156	92	230	167	6.87	-72.92	0.45	15922.88	457.82	3738.96	-190.78	1019.09	365.54 2
90	529	513	156	92	232	168	6.66	-72.91	0.42	15911.53	448.73	3762.41	-185.19	1012.89	364.76 2
90	529	513	156	92	231	167	6.29	-72.80	0.36	15896.56	432.09	3797.89	-167.38	1007.34	364.22 2
89	529	512	156	92	231	167	5.62	-72.62	0.23	15883.73	397.48	3852.20	-166.06	1005.98	361.86 2
90	529	513	156	92	230	168	4.92	-72.40	0.08	15869.34	356.61	3914.19	-154.76	1003.58	353.82 2
90	529	512	156	91	230	168	4.60	-72.26	0.01	15855.67	338.78	3960.88	-146.52	1002.45	339.38 2
89	529	513	156	90	231	168	4.08	-72.06	-0.09	15845.09	310.44	4019.63	-143.74	1001.88	324.76 2
90	529	512	156	92	231	168	3.86	-71.86	-0.14	15827.24	297.32	4082.65	-130.35	994.78	303.22 2
90	529	513	156	92	230	168	3.58	-71.69	-0.17	15817.27	287.25	4143.32	-133.74	974.84	292.76 2
90	529	513	156	91	229	168	3.35	-71.63	-0.24	15812.41	270.29	4198.55	-127.80	949.60	284.62 2
89	529	512	156	92	231	168	3.31	-71.57	-0.25	15800.19	265.18	4244.82	-102.66	923.67	275.34 2
90	529	512	156	92	231	168	3.04	-71.51	-0.32	15798.38	248.52	4297.98	-97.93	900.99	272.97 2
90	529	513	157	92	231	167	2.66	-71.41	-0.41	15783.26	223.69	4354.08	-88.23	868.29	266.12 2
90	529	512	156	91	230	168	2.52	-71.41	-0.45	15779.70	212.71	4401.18	-80.57	820.72	254.27 2
90	529	513	156	92	230	168	2.30	-71.44	-0.49	15772.71	200.47	4440.52	-79.49	775.29	242.55 2
90	529	512	155	92	229	169	2.30	-71.47	-0.49	15758.87	202.85	4477.89	-81.77	735.02	228.33 2
90	530	513	157	93	230	168	2.42	-71.61	-0.43	15741.13	218.71	4499.40	-99.43	673.77	216.66 2
90	529	512	156	92	231	168	2.37	-71.77	-0.39	15737.67	227.57	4510.43	-134.86	625.23	224.98 2
91	529	513	157	91	229	168	2.11	-71.72	-0.44	15712.99	215.59	4542.51	-160.36	589.62	235.18 2
89	529	512	157	92	230	168	2.01	-71.79	-0.43	15698.74	219.01	4572.98	-214.20	530.84	247.62 2
90	529	512	156	91	230	168	1.41	-71.89	-0.53	15704.80	191.06	4607.73	-246.69	473.85	264.09 2
90	530	513	156	91	229	168	1.04	-71.96	-0.64	15695.16	161.91	4621.75	-248.55	429.06	270.13 2
90	530	513	156	91	230	168	1.34	-72.11	-0.61	15682.40	171.81	4626.66	-257.67	373.15	279.98 2
90	529	512	156	91	230	168	1.74	-72.25	-0.45	15669.88	213.42	4637.33	-319.44	312.45	312.33 2
90	529	512	156	91	231	168	1.98	-72.50	-0.28	15646.99	259.35	4643.86	-453.87	226.37	371.26 2
90	529	513	156	91	230	168	0.83	-72.86	-0.45	15661.04	213.78	4636.07	-554.97	135.35	444.80 2
90	529	513	156	91	230	168	-0.26	-73.04	-0.70	15672.79	147.09	4616.26	-557.18	102.34	494.11 2
90	529	513	156	91	230	168	-1.06	-73.10	-0.96	15684.55	77.14	4610.45	-449.27	90.97	524.20 2
90	529	512	156	91	231	168	-1.19	-73.23	-1.07	15675.72	48.48	4590.93	-356.25	84.72	542.69 2
91	529	512	156	91	231	168	-1.81	-73.33	-1.23	15673.54	3.66	4578.78	-318.34	71.74	571.11 2
90	529	512	157	91	231	169	-2.78	-73.35	-1.49	15685.06	-65.92	4579.84	-278.72	59.05	590.05 2
90	529	513	156	91	230	168	-3.63	-73.38	-1.74	15691.41	-133.43	4573.65	-232.04	52.20	592.60 2
90	529	512	157	91	231	168	-4.25	-73.45	-1.93	15699.24	-184.56	4567.97	-171.94	36.19	585.97 2
91	529	513	157	91	231	168	-4.30	-73.58	-2.02	15700.27	-208.33	4554.97	-114.69	13.23	575.07 2
90	529	512	156	91	231	168	-4.33	-73.76	-2.05	15701.86	-216.91	4530.42	-86.10	-7.88	570.02 2
91	529	512	156	91	230	168	-4.67	-73.88	-2.17	15705.77	-248.47	4506.90	-56.95	-12.14	573.27 2
90	529	512	156	90	230	168	-5.02	-73.92	-2.31	15704.68	-286.44	4496.95	5.45	-9.63	563.70 2
90	529	512	156	91	230	168	-4.87	-73.94	-2.33	15695.84	-291.32	4480.71	52.73	-6.20	558.17 2
90	530	512	156	91	231	169	-4.96	-73.99	-2.36	15686.45	-301.76	4465.87	67.99	-8.89	564.31 2
90	529	512	156	91	231	169	-5.20	-74.06	-2.44	15678.53	-320.87	4452.18	82.44	-14.70	573.09 2
89	529	512	157	92	231	168	-5.48	-74.13	-2.52	15679.40	-343.62	4430.97	111.32	-9.16	588.34 2
90	529	512	157	91	230	168	-5.80	-74.14	-2.63	15681.03	-371.24	4418.82	157.75	9.60	603.67 2
90	529	512	156	92	230	168	-6.12	-74.07	-2.75	15678.18	-403.68	4412.68	211.81	31.42	615.24 2
90	529	512	157	92	230	169	-6.59	-73.99	-2.86	15681.47	-435.90	4416.45	245.02	46.95	621.68 2
90	529	512	157	92	230	168	-7.22	-73.88	-3.03	15691.60	-480.70	4423.82	251.97	60.50	622.14 2
90	529	512	156	92	231	169	-7.74	-73.80	-3.18	15695.42	-520.67	4424.23	271.02	78.62	616.59 2
90	529	512	157	91	231	169	-8.06	-73.75	-3.30	15697.25	-552.43	4421.62	290.87	90.24	604.56 2
90	529	512	156	92	230	169	-8.26	-73.70	-3.38	15706.18	-576.41	4423.74	312.68	102.83	593.13 2
90	529	512	157	91	230	169	-8.58	-73.64	-3.47	15713.47	-599.79	4427.15	324.15	112.74	585.17 2
89	529	512	156	92	231	169	-8.69	-73.61	-3.53	15723.20	-617.20	4437.00	338.09	113.00	576.36 2
91	529	512	156	92	229	169	-8.72	-73.55	-3.58	15720.24	-629.94	4446.35	354.13	116.85	572.40 2
91	529	512	157	90	231	169	-8.64	-73.59	-3.59	15720.63	-633.24	4450.83	359.53	105.56	570.53 2
90	529	512	156	91	231	170	-8.99	-73.57	-3.69	15717.60	-660.58	4445.09	373.45	113.13	574.30 2
90	529	512	157	92	231	169	-9.06	-73.48	-3.78	15710.12	-684.55	4442.43	427.63	131.52	575.28 2
90	530	512	157	91	231	169	-9.15	-73.32	-3.88	15702.21	-709.33	4453.71	482.55	155.15	575.57 2
90	529	512	157	91	230	169	-9.23	-73.17	-3.95	15690.90	-728.26	4492.22	501.87	147.69	575.79 2
90	529	512	156	90	231	170	-9.45	-73.17	-4.04	15694.36	-752.45	4505.61	498.98	125.86	576.70 2
90	529	512	157	91	230	169	-9.62	-73.27	-4.10	15703.84	-770.22	4502.13	519.28	108.51	574.07 2
90	529	512	157	92	230	170	-9.76	-73.38	-4.16	15706.45	-784.31	4484.83	539.96	100.84	569.66 2
90	530	512	157	92	230	169	-9.78	-73.48	-4.18	15704.72	-791.10	4470.18	564.56	101.05	565.43 2
90	529	512	156	90	230	169	-9.89	-73.51	-4.24	15699.89	-805.14	4464.88	576.74	102.84	559.51 2
90	529	512	157	91	231	169	-10.17	-73.40	-4.33	15702.29	-831.28	4465.83	600.25	118.20	556.28 2
90	529	512	157	92	231	170	-10.17	-73.27	-4.39	15692.38	-845.92	4480.94	631.29	127.99	548.57 2
90	530	512	157	92	230	170	-9.99	-73.22	-4.40	15683.36	-849.02	4490.49	649.92	125.24	550.44 2
90	529	512	157	91	230	170	-9.97	-73.24	-4.40	15678.99	-849.37	4481.97	655.48	127.93	564.22 2
90	529	512	156	91	231	170	-10.29	-73.27	-4.48	15671.04	-869.30	4474.07	673.40	133.18	575.11 2
91	529	512	156	91	231	170	-10.15	-73.27	-4.50	15674.09	-875.44	4463.57	716.88	153.22	577.90 2
90	529	512	157	91	230	169	-9.63	-73.19	-4.45	15672.78	-860.47	4462.39	777.64	185.36	593.01 2
90	529	512	156	91	231	170	-9.23	-73.01	-4.42	15659.94	-851.24	4480.07	843.26	205.09	619.31 2
90	529	512	156	90	230	171	-9.09	-72.96	-4.41	15659.55	-849.88	4493.07	878.69	206.49	655.24 2
90	529	512	157	91	231	171	-9.47	-72.92	-4.50	15667.17	-874.99	4497.41	878.61	214.77	696.98 2
90	529	512	156	91	231	171	-10.11	-72.80	-4.70	15668.21	-929.44	4502.14	908.58	226.73	721.28 2
90	529	512	157	91	231	171	-10.64	-72.67	-4.86	15665.00	-970.17	4508.43	932.60	243.79	728.52 2
90	529	512	156	92	230	171	-11.07	-72.52	-4.99	15659.75	-1004.46	4519.41	938.62	263.50	732.39 2
90	529	512	157	90	231	171	-11.44	-72.35	-5.11	15650.16	-1038.24	4545.84	939.29	273.33	735.32 2
91	529	512	157	91	231	171	-11.70	-72.23	-5.22	15644.65	-1064.32	4569.75	935.72	273.51	736.81 2
91	529	512	156	91	230	172	-11.82	-72.20	-5.25	15639.82	-1072.51	4584.06	914.84	270.13	742.11 2
90	530	512	157	91	231	172	-12.23	-72.21	-5.35	15629.43	-1099.28	4589.06	892.20	266.63	754.41 2
90	529	512	157	91	230	172	-12.40	-72.20	-5.37	15621.36	-1104.72	4582.41	870.69	266.50	763.19 2
90	529	512	157	91	232	172	-12.52	-72.27	-5.42	15611.29	-1115.48	4566.09	858.40	260.87	768.78 2
90	529	512	158	91	231	172	-12.22	-72.27	-5.36	15615.33	-1100.11	4552.98	845.43	284.58	784.14 2
90	530	512	157	90	231	172	-12.40	-72.00	-5.44	15600.96	-1120.10	4582.93	846.66	317.05	813.83 2
90	529	512	157	92	230	172	-12.65	-71.84	-5.54	15587.11	-1147.10	4602.79	853.48	329.00	839.29 2
90	529	512	158	91	230	172	-13.07	-71.72	-5.64	15573.16	-1173.94	4616.65	833.60	340.60	867.23 2
90	529	512	157	91	229	173	-13.60	-71.55	-5.80	15570.70	-1216.45	4633.21	823.77	358.32	891.07 2
90	529	512	157	91	231	172	-14.19	-71.23	-6.03	15561.36	-1275.02	4663.55	835.08	381.00	906.06 2
90	530	512	157	90	231	173	-14.58	-70.94	-6.21	15556.10	-1322.87	4701.78	847.13	403.55	912.66 2
90	529	512	157	91	231	173	-15.13	-70.74	-6.40	15551.29	-1375.13	4739.49	828.82	407.37	917.58 2
90	529	512	156	91	230	173	-15.62	-70.56	-6.60	15549.33	-1428.77	4773.71	806.03	402.80	911.65 2
90	529	512	157	91	231	173	-15.99	-70.47	-6.75	15545.66	-1466.73	4792.03	801.93	400.71	898.91 2
90	529	512	157	92	231	173	-16.33	-70.34	-6.88	15546.78	-1502.60	4820.03	789.28	397.83	885.67 2
90	529	512	157	91	230	173	-16.55	-70.30	-6.97	15540.24	-1525.27	4842.82	768.92	382.14	869.39 2
91	529	512	157	91	230	173	-16.76	-70.21	-7.09	15536.63	-1558.40	4865.48	756.32	368.28	853.12 2
90	530	512	157	90	230	171	-16.76	-70.18	-7.12	15531.59	-1565.08	4889.21	736.81	354.57	838.56 2
90	529	512	157	90	231	173	-17.04	-70.20	-7.21	15521.01	-1589.23	4910.95	701.92	328.04	827.48 2
91	529	512	157	91	231	174	-17.34	-70.21	-7.30	15513.56	-1610.37	4915.80	678.77	317.59	817.36 2
90	529	512	157	91	231	174	-17.65	-70.16	-7.39	15503.29	-1634.25	4927.01	662.58	307.06	806.94 2
90	529	512	157	90	231	173	-18.04	-70.10	-7.51	15491.72	-1665.94	4934.26	655.35	300.85	792.64 2
90	529	512	157	90	231	174	-18.26	-70.03	-7.61	15479.33	-1690.04	4951.55	642.54	296.36	777.66 2
90	529	511	157	91	231	173	-18.38	-69.99	-7.67	15465.97	-1704.34	4973.17	630.36	293.04	766.93 2
90	530	512	157	90	231	174	-18.73	-69.95	-7.77	15449.27	-1729.52	4989.51	606.29	283.84	764.08 2
90	529	512	157	91	231	174	-19.08	-69.93	-7.88	15440.80	-1757.44	4989.04	592.18	271.15	757.08 2
91	529	511	157	90	232	174	-19.37	-69.89	-7.99	15433.96	-1785.57	4990.58	593.07	274.29	749.42 2
89	529	512	157	91	231	174	-19.48	-69.87	-8.04	15418.67	-1799.89	4987.85	593.96	286.63	745.85 2
90	530	512	157	91	231	174	-19.67	-69.78	-8.13	15403.73	-1820.10	4997.86	580.47	290.25	745.01 2
90	529	512	157	92	232	174	-20.11	-69.69	-8.25	15392.75	-1851.89	5004.17	553.64	293.48	745.26 2
90	530	511	157	91	231	174	-20.69	-69.52	-8.47	15387.71	-1909.90	5015.56	558.16	301.31	732.90 2
90	529	512	157	91	231	174	-20.67	-69.32	-8.59	15372.52	-1939.80	5040.78	590.65	311.24	712.05 2
90	529	512	157	91	231	174	-20.75	-69.29	-8.64	15377.90	-1953.81	5068.54	573.52	303.28	702.50 2
90	529	512	157	90	230	174	-21.25	-69.22	-8.83	15372.60	-2003.32	5084.52	558.44	294.02	691.27 2
90	529	512	157	90	231	174	-21.47	-69.19	-8.94	15379.57	-2035.76	5100.89	544.07	281.87	670.46 2
89	529	512	157	90	230	174	-21.84	-69.11	-9.09	15377.39	-2074.37	5118.45	528.12	270.27	649.24 2
90	529	512	157	90	231	174	-22.12	-69.06	-9.21	15371.72	-2104.65	5133.72	501.91	262.71	617.68 2
90	530	511	157	90	233	174	-22.33	-69.00	-9.31	15365.94	-2131.82	5153.24	487.12	246.82	573.54 2
90	530	512	157	91	231	174	-22.31	-69.01	-9.33	15358.24	-2136.43	5162.78	472.41	236.73	527.86 2
90	529	512	157	90	231	174	-22.34	-69.03	-9.37	15351.73	-2144.21	5171.64	459.74	222.25	493.62 2
90	530	512	157	90	231	174	-22.22	-69.09	-9.34	15352.54	-2136.80	5175.05	449.45	213.38	471.19 2
89	530	512	157	91	232	174	-22.31	-69.06	-9.39	15339.31	-2150.76	5188.10	435.63	208.51	457.03 2
89	529	512	157	90	231	174	-22.55	-69.11	-9.46	15326.55	-2165.22	5189.50	412.85	186.79	433.63 2
89	529	511	157	91	231	174	-22.83	-69.23	-9.50	15331.22	-2176.56	5184.22	391.21	170.45	415.05 2
89	530	512	158	91	231	175	-23.08	-69.23	-9.57	15338.66	-2196.33	5176.81	385.60	172.08	392.20 2
89	530	512	157	91	232	174	-23.04	-69.22	-9.57	15330.53	-2196.51	5170.97	378.77	171.47	366.14 2
89	529	512	157	90	231	174	-23.26	-69.28	-9.61	15326.20	-2205.89	5160.22	348.73	164.05	349.33 2
90	529	512	158	91	231	174	-23.54	-69.31	-9.67	15330.29	-2223.39	5152.81	331.34	160.55	326.66 2
90	529	512	158	90	231	175	-23.53	-69.31	-9.67	15330.58	-2222.42	5151.97	313.07	165.07	308.43 2
89	529	512	158	90	230	174	-23.77	-69.31	-9.76	15324.45	-2245.50	5153.77	277.47	156.22	297.16 2
89	529	512	157	90	231	174	-23.89	-69.31	-9.80	15324.42	-2256.63	5158.28	259.30	147.36	276.45 2
89	529	512	157	90	232	174	-24.11	-69.31	-9.83	15317.40	-2262.80	5155.97	213.23	142.69	263.78 2
90	529	512	157	91	231	174	-24.41	-69.26	-9.94	15315.33	-2293.06	5170.77	183.67	132.35	239.54 2
89	529	512	157	90	231	174	-24.54	-69.22	-10.00	15312.37	-2307.20	5179.63	169.39	127.54	207.26 2
89	529	512	157	90	231	174	-24.80	-69.24	-10.05	15312.15	-2320.84	5179.25	126.67	114.91	177.15 2
89	529	512	157	90	232	174	-25.08	-69.20	-10.15	15315.54	-2350.20	5186.09	93.38	106.21	143.49 2
89	529	512	157	91	231	174	-25.16	-69.18	-10.18	15319.96	-2358.69	5190.38	72.02	108.30	103.72 2
88	529	512	157	91	231	174	-25.04	-69.19	-10.17	15322.96	-2354.16	5199.26	55.21	94.79	64.53 2
89	529	512	157	91	230	174	-25.08	-69.23	-10.17	15325.82	-2357.85	5213.30	28.95	73.05	26.00 2
89	529	512	157	91	232	174	-25.19	-69.33	-10.18	15340.33	-2362.96	5212.44	20.01	50.50	-12.90 2
89	529	512	157	91	232	173	-25.25	-69.36	-10.22	15338.71	-2372.01	5212.01	14.46	42.57	-53.30 2
90	529	512	158	91	231	174	-25.20	-69.41	-10.22	15343.17	-2373.41	5214.61	6.88	25.44	-101.79 2
90	529	512	158	92	230	174	-24.77	-69.61	-10.11	15343.81	-2342.54	5208.88	4.09	-8.03	-150.85 2
89	529	512	157	92	231	173	-24.43	-69.83	-9.95	15351.62	-2302.61	5190.64	-49.92	-35.08	-186.95 2
90	529	512	157	91	232	174	-24.33	-69.97	-9.89	15356.44	-2285.08	5185.71	-90.07	-57.07	-210.66 2
90	529	512	158	91	231	174	-24.18	-70.18	-9.80	15349.82	-2260.83	5170.62	-108.77	-87.92	-236.47 2
90	529	512	157	92	231	173	-24.07	-70.34	-9.70	15354.93	-2235.38	5147.69	-128.83	-94.57	-259.60 2
90	529	512	157	91	230	174	-23.74	-70.40	-9.60	15349.78	-2207.01	5146.51	-135.29	-94.10	-280.52 2
90	529	512	158	91	231	174	-23.38	-70.43	-9.47	15347.09	-2170.66	5127.58	-153.97	-84.29	-293.39 2
90	529	512	158	91	231	174	-23.43	-70.47	-9.43	15339.74	-2158.73	5123.00	-187.37	-84.58	-302.47 2
91	529	512	158	92	230	174	-23.47	-70.49	-9.42	15346.35	-2157.59	5109.25	-193.40	-80.00	-318.55 2
90	530	512	157	92	231	174	-23.14	-70.54	-9.30	15348.43	-2127.71	5084.99	-196.43	-57.75	-328.42 2
90	529	512	157	91	232	173	-22.95	-70.73	-9.17	15358.01	-2091.93	5052.94	-227.66	-47.51	-325.85 2
90	529	512	157	91	231	173	-23.05	-70.79	-9.15	15368.91	-2087.13	5042.09	-256.03	-42.33	-331.91 2
90	529	512	157	92	231	174	-22.68	-70.78	-9.04	15383.47	-2062.38	5033.79	-258.93	-19.17	-333.26 2
90	529	512	158	92	231	173	-22.68	-70.67	-9.06	15381.89	-2067.86	5051.70	-266.13	-1.41	-325.45 2
90	529	512	158	92	231	174	-22.63	-70.56	-9.08	15381.00	-2073.26	5072.51	-258.53	-3.89	-331.93 2
90	529	512	158	92	231	174	-22.36	-70.69	-8.99	15384.75	-2048.40	5072.69	-277.60	-29.84	-340.38 2
91	529	512	158	91	231	173	-22.58	-70.78	-8.98	15387.11	-2046.38	5060.65	-316.62	-48.35	-345.36 2
90	529	512	157	91	230	174	-22.78	-70.83	-8.99	15398.15	-2049.06	5047.22	-320.84	-43.93	-356.19 2
89	529	511	157	92	230	174	-22.69	-70.83	-8.96	15391.25	-2041.61	5033.06	-314.10	-32.79	-372.88 2
89	529	511	158	91	230	174	-22.46	-70.95	-8.88	15400.88	-2022.13	5019.01	-324.24	-37.90	-393.44 2
90	529	512	157	91	230	173	-22.37	-71.03	-8.81	15418.04	-2004.02	5002.86	-347.78	-29.65	-405.97 2
90	529	512	158	92	230	174	-22.23	-71.07	-8.73	15416.34	-1984.82	4988.91	-355.74	-13.52	-420.02 2
90	529	512	157	91	230	173	-21.94	-71.17	-8.62	15429.12	-1955.58	4979.27	-363.85	-11.55	-436.87 2
90	529	511	157	92	232	173	-21.78	-71.20	-8.54	15439.26	-1936.60	4967.10	-380.16	1.03	-444.43 2
90	529	511	158	92	231	174	-21.80	-71.16	-8.52	15442.30	-1930.37	4968.35	-401.70	10.03	-458.85 2
90	529	512	157	92	231	174	-21.57	-71.12	-8.48	15441.39	-1920.85	4969.53	-399.87	17.48	-475.41 2
90	529	511	158	92	231	173	-21.29	-71.15	-8.39	15439.52	-1895.81	4970.45	-412.62	19.26	-483.64 2
90	529	511	158	92	231	173	-21.16	-71.11	-8.36	15438.74	-1886.02	4978.53	-416.34	21.14	-495.06 2
90	530	511	158	92	232	173	-20.63	-71.15	-8.22	15441.00	-1848.52	4981.81	-401.98	18.44	-503.96 2
90	529	512	158	92	231	173	-20.14	-71.21	-8.11	15444.15	-1819.49	4981.31	-411.78	5.21	-503.31 2
90	529	511	158	91	230	172	-19.89	-71.32	-8.01	15456.35	-1796.72	4977.45	-409.99	-9.75	-504.84 2
90	529	511	158	91	231	172	-19.46	-71.47	-7.87	15465.93	-1758.88	4967.58	-398.49	-17.06	-505.10 2
90	529	511	158	91	231	172	-19.14	-71.48	-7.79	15461.83	-1737.54	4972.20	-391.21	-21.31	-507.90 2
91	529	511	158	91	229	172	-18.65	-71.57	-7.65	15466.54	-1698.06	4960.99	-369.20	-26.64	-509.95 2
91	529	511	158	92	231	173	-18.29	-71.61	-7.51	15460.41	-1660.76	4958.74	-357.54	-23.91	-499.55 2
90	529	511	158	92	231	173	-18.14	-71.69	-7.45	15462.19	-1645.92	4955.60	-346.52	-35.46	-483.53 2
91	530	511	158	91	232	172	-17.95	-71.75	-7.39	15461.48	-1629.62	4954.62	-327.09	-44.14	-472.50 2
90	529	511	158	92	230	172	-17.77	-71.80	-7.33	15467.61	-1612.54	4948.29	-308.74	-50.58	-463.42 2
90	530	511	158	92	230	172	-17.65	-71.94	-7.26	15468.83	-1594.92	4934.47	-301.75	-60.50	-454.20 2
90	529	511	157	92	231	172	-17.57	-72.12	-7.19	15477.59	-1577.97	4900.15	-296.71	-64.53	-448.39 2
90	529	511	157	92	231	172	-17.32	-72.26	-7.08	15473.91	-1546.27	4860.94	-298.48	-49.85	-444.57 2
90	530	511	157	92	231	172	-17.16	-72.29	-6.96	15473.41	-1515.16	4828.50	-309.15	-22.86	-442.24 2
90	529	511	157	92	231	172	-16.82	-72.13	-6.91	15470.94	-1502.40	4837.47	-272.29	15.13	-437.03 2
91	530	511	158	91	230	172	-16.41	-71.99	-6.83	15471.19	-1480.88	4859.80	-249.38	27.68	-421.03 2
89	530	511	158	92	231	172	-16.35	-71.94	-6.82	15476.04	-1477.84	4870.41	-252.51	21.29	-397.33 2
91	530	511	157	92	232	172	-16.66	-71.98	-6.84	15496.23	-1487.94	4861.69	-259.99	13.28	-382.91 2
90	530	511	158	92	231	172	-16.85	-72.02	-6.87	15508.42	-1495.35	4851.20	-252.89	11.21	-379.32 2
90	530	511	158	92	231	172	-16.92	-72.08	-6.86	15522.60	-1494.98	4843.44	-246.34	8.95	-385.20 2
90	530	511	157	92	231	172	-16.82	-72.16	-6.82	15538.27	-1485.43	4825.67	-243.02	4.91	-395.84 2
90	530	511	158	91	233	172	-16.61	-72.28	-6.73	15553.36	-1462.16	4808.19	-246.52	3.66	-408.85 2
90	530	511	158	92	231	170	-16.33	-72.34	-6.65	15552.89	-1440.45	4797.18	-244.75	6.68	-417.91 2
90	530	511	158	92	231	172	-16.10	-72.42	-6.54	15555.44	-1412.83	4788.92	-235.96	1.94	-419.96 2
90	529	511	158	92	232	172	-15.59	-72.44	-6.42	15562.27	-1379.99	4788.47	-230.96	6.35	-411.26 2
90	530	511	158	92	231	171	-15.33	-72.49	-6.35	15563.16	-1360.59	4783.65	-228.81	5.98	-399.05 2
90	530	511	157	92	232	172	-15.32	-72.50	-6.31	15567.20	-1352.56	4779.27	-235.72	10.18	-388.25 2
90	530	511	157	92	230	171	-15.43	-72.53	-6.30	15571.64	-1350.73	4773.30	-237.49	10.62	-388.64 2
90	530	511	157	92	231	171	-15.48	-72.59	-6.27	15571.06	-1342.59	4764.64	-241.86	11.94	-395.40 2
90	530	511	158	92	231	171	-15.50	-72.60	-6.23	15579.70	-1330.46	4756.41	-257.97	30.84	-407.23 2
89	529	511	157	91	231	170	-15.34	-72.55	-6.15	15588.72	-1312.54	4742.79	-264.07	67.00	-417.67 2
90	529	511	157	91	231	170	-15.10	-72.42	-6.09	15576.48	-1294.51	4753.05	-277.57	95.85	-429.19 2
90	529	511	157	91	230	171	-14.71	-72.33	-5.98	15573.06	-1264.39	4749.59	-278.24	117.21	-425.53 2
89	529	511	157	91	231	171	-14.55	-72.23	-5.93	15568.21	-1250.77	4759.91	-292.28	132.95	-417.40 2
89	529	511	157	91	231	170	-14.43	-72.17	-5.92	15554.60	-1246.43	4761.52	-279.36	132.25	-416.23 2
90	529	511	157	91	231	170	-14.08	-72.22	-5.85	15560.67	-1227.31	4769.04	-273.05	117.19	-418.67 2
90	529	510	157	91	230	171	-13.86	-72.24	-5.78	15560.23	-1209.14	4768.79	-276.84	110.23	-418.99 2
90	529	510	157	91	231	169	-13.55	-72.31	-5.70	15557.82	-1185.89	4762.75	-279.55	96.72	-417.49 2
89	530	511	157	90	231	171	-13.44	-72.41	-5.64	15566.93	-1171.59	4754.21	-283.37	86.28	-416.66 2
89	529	510	157	91	231	170	-13.24	-72.44	-5.58	15569.98	-1156.41	4755.10	-269.75	84.02	-411.43 2
88	529	511	157	91	230	169	-13.02	-72.55	-5.50	15572.08	-1134.79	4743.35	-275.52	73.27	-403.86 2
89	529	510	157	90	232	169	-12.96	-72.60	-5.46	15579.68	-1124.05	4738.58	-283.49	67.55	-396.02 2
89	529	511	157	90	231	170	-12.92	-72.64	-5.43	15577.69	-1115.05	4729.05	-284.27	68.28	-392.51 2
88	529	511	158	91	231	168	-12.64	-72.61	-5.37	15582.61	-1099.50	4727.40	-268.85	73.01	-392.44 2
89	529	511	157	91	230	170	-12.32	-72.57	-5.29	15577.48	-1078.52	4735.03	-265.81	71.61	-395.02 2
89	529	511	158	90	231	169	-12.02	-72.60	-5.19	15583.00	-1053.80	4733.08	-273.22	70.13	-394.52 2
88	529	511	157	91	231	169	-11.88	-72.60	-5.13	15585.05	-1037.11	4734.02	-276.51	77.02	-390.09 2
88	529	511	158	91	231	169	-11.70	-72.53	-5.10	15580.80	-1028.85	4740.52	-264.23	75.67	-389.94 2
89	529	511	158	91	230	170	-11.28	-72.58	-4.99	15580.76	-998.81	4739.89	-259.62	68.04	-385.14 2
88	529	510	157	91	231	168	-11.27	-72.70	-4.91	15585.52	-977.87	4722.90	-270.64	62.39	-371.63 2
89	529	511	157	92	231	170	-11.56	-72.80	-4.93	15595.05	-982.77	4698.56	-280.51	67.67	-357.35 2
89	529	511	157	92	232	170	-11.82	-72.78	-4.94	15591.69	-984.24	4680.63	-274.58	88.58	-353.08 2
88	529	511	158	91	231	169	-11.48	-72.77	-4.85	15586.51	-961.62	4671.20	-264.80	107.16	-349.83 2
89	530	511	157	91	231	170	-11.40	-72.72	-4.78	15591.78	-943.74	4678.44	-290.96	115.75	-338.74 2
88	530	511	157	90	230	169	-11.44	-72.59	-4.77	15591.39	-940.76	4696.71	-307.22	124.16	-331.55 2
88	529	511	158	91	232	170	-11.08	-72.58	-4.68	15595.02	-915.72	4706.68	-314.55	121.55	-329.87 2
89	530	511	157	91	231	169	-10.83	-72.62	-4.59	15598.47	-893.73	4709.74	-333.53	115.67	-326.73 2
89	530	510	157	91	231	169	-10.89	-72.60	-4.57	15605.75	-888.24	4705.66	-347.70	123.89	-328.49 2
89	530	511	157	90	231	169	-10.83	-72.59	-4.55	15603.46	-882.03	4700.97	-343.47	135.65	-339.02 2
89	529	510	157	91	232	169	-10.53	-72.49	-4.49	15604.49	-867.53	4714.13	-334.74	145.21	-352.22 2
89	530	511	158	90	231	169	-10.23	-72.42	-4.41	15601.46	-844.55	4732.22	-337.11	144.85	-357.96 2
89	529	511	157	91	231	170	-10.07	-72.36	-4.34	15602.59	-827.93	4754.41	-352.55	138.46	-353.56 2
89	530	510	157	91	230	170	-10.08	-72.36	-4.33	15595.66	-823.13	4760.89	-369.52	131.99	-350.43 2
89	529	511	158	92	232	170	-10.19	-72.37	-4.33	15582.48	-821.77	4766.44	-391.80	117.49	-355.26 2
89	529	510	157	92	232	169	-10.07	-72.49	-4.29	15579.15	-810.09	4758.32	-419.36	107.06	-364.20 2
89	530	511	157	91	230	169	-9.81	-72.51	-4.21	15574.80	-789.58	4749.61	-426.89	115.21	-364.34 2
89	530	510	157	91	230	169	-9.44	-72.52	-4.14	15564.06	-768.50	4742.52	-421.44	125.80	-360.12 2
88	529	510	157	92	232	169	-8.89	-72.55	-4.00	15557.65	-732.08	4733.20	-420.62	133.81	-350.46 2
88	529	510	157	92	232	169	-8.51	-72.50	-3.91	15559.17	-708.87	4734.54	-412.39	143.07	-335.79 2
89	529	511	158	92	232	169	-8.15	-72.47	-3.82	15567.21	-683.63	4735.61	-408.77	159.72	-316.30 2
88	530	511	157	91	229	169	-8.13	-72.37	-3.82	15568.25	-683.45	4749.43	-387.38	173.13	-297.89 2
89	529	511	158	91	231	169	-7.85	-72.34	-3.77	15579.44	-671.48	4763.36	-356.26	172.97	-290.44 2
88	530	510	157	92	232	169	-7.53	-72.28	-3.70	15583.67	-653.90	4787.79	-330.80	167.68	-278.67 2
89	529	510	157	91	232	169	-7.39	-72.28	-3.64	15588.08	-637.81	4802.40	-319.31	151.14	-260.84 2
89	529	510	158	91	230	168	-7.48	-72.29	-3.68	15593.48	-649.92	4819.48	-280.99	139.63	-248.64 2
89	530	510	158	92	231	169	-7.32	-72.33	-3.68	15596.80	-649.42	4832.31	-232.70	117.70	-246.41 2
88	530	510	157	92	231	169	-7.34	-72.42	-3.68	15599.76	-649.95	4830.89	-217.01	93.72	-237.59 2
89	529	511	157	90	231	169	-7.69	-72.53	-3.73	15599.57	-663.85	4816.75	-198.76	76.78	-235.31 2
89	529	511	157	92	232	168	-7.85	-72.67	-3.78	15599.00	-676.26	4797.91	-159.72	62.79	-245.60 2
89	530	510	157	91	231	168	-7.73	-72.80	-3.77	15597.25	-672.65	4781.61	-112.19	49.30	-262.72 2
89	530	511	158	91	231	168	-7.57	-72.86	-3.75	15600.58	-666.01	4766.73	-81.68	50.74	-279.78 2
90	530	511	157	92	231	169	-7.52	-72.85	-3.74	15593.95	-665.71	4769.20	-56.39	52.65	-296.74 2
89	529	511	158	92	231	168	-7.12	-72.87	-3.68	15594.86	-649.03	4777.54	-37.42	46.32	-314.35 2
89	530	511	157	92	231	167	-6.51	-72.90	-3.53	15592.31	-608.58	4771.26	-31.15	41.50	-319.89 2
89	530	510	158	91	232	168	-6.25	-72.99	-3.45	15599.30	-588.15	4762.10	-31.44	32.53	-318.64 2
89	530	511	158	92	231	167	-6.10	-73.04	-3.40	15599.13	-574.34	4758.39	-17.47	30.15	-311.71 2
89	530	511	158	92	230	168	-5.97	-73.08	-3.36	15610.37	-563.22	4752.67	-7.10	32.29	-304.52 2
89	530	511	158	92	231	168	-5.91	-73.09	-3.33	15623.86	-557.26	4752.64	-2.59	31.73	-305.95 2
90	530	510	158	92	231	167	-5.71	-73.09	-3.29	15624.66	-545.20	4756.81	-9.81	22.89	-317.80 2
89	530	510	158	92	231	167	-5.43	-73.17	-3.20	15625.23	-523.14	4744.37	-35.82	10.85	-327.71 2
89	529	511	158	92	232	167	-5.22	-73.23	-3.11	15631.37	-499.98	4733.35	-59.73	4.71	-332.68 2
90	530	510	158	92	230	167	-5.06	-73.25	-3.05	15632.00	-481.98	4724.48	-80.30	8.67	-343.24 2
89	530	510	157	92	231	167	-4.75	-73.23	-2.96	15630.40	-457.08	4729.06	-94.08	2.44	-347.88 2
89	530	510	158	92	231	167	-4.59	-73.29	-2.87	15635.88	-435.83	4726.60	-110.18	-9.04	-347.64 2
89	530	510	158	91	233	167	-4.40	-73.31	-2.81	15634.08	-419.84	4718.47	-119.02	-16.88	-349.50 2
89	530	510	158	92	230	166	-4.08	-73.42	-2.71	15636.78	-392.25	4707.55	-145.32	-32.49	-347.83 2
89	530	510	158	92	230	167	-4.55	-73.49	-2.75	15641.14	-402.83	4695.97	-184.90	-46.21	-348.19 2
89	530	510	157	92	231	166	-4.74	-73.54	-2.77	15647.08	-407.69	4685.97	-193.01	-48.45	-359.03 2
89	529	510	157	92	231	166	-4.74	-73.64	-2.72	15644.53	-395.31	4667.27	-221.26	-55.13	-376.28 2
89	529	511	158	92	231	166	-5.06	-73.70	-2.72	15650.50	-394.34	4648.31	-260.29	-50.42	-389.76 2
89	529	510	158	92	231	166	-5.07	-73.72	-2.70	15650.58	-390.42	4641.10	-280.93	-45.25	-415.02 2
90	529	510	157	92	229	165	-4.65	-73.72	-2.58	15659.25	-358.30	4630.24	-302.18	-44.54	-437.02 2
89	529	510	157	91	232	165	-4.30	-73.74	-2.47	15660.89	-328.99	4622.13	-330.27	-40.31	-451.07 2
89	530	510	158	92	231	165	-3.97	-73.77	-2.38	15660.04	-304.94	4610.82	-353.01	-35.45	-459.02 2
89	529	510	158	92	231	166	-3.99	-73.81	-2.35	15663.84	-296.49	4597.08	-384.36	-28.98	-461.27 2
89	529	510	158	92	232	166	-4.04	-73.79	-2.32	15661.45	-288.67	4588.43	-412.54	-20.58	-477.10 2
89	529	510	158	91	230	165	-3.67	-73.73	-2.22	15664.97	-262.03	4580.41	-429.51	7.40	-497.15 2
89	529	510	158	92	231	165	-3.23	-73.62	-2.11	15655.72	-232.93	4580.98	-435.89	32.13	-510.09 2
90	530	510	158	92	231	165	-2.83	-73.52	-2.02	15647.14	-206.69	4596.54	-434.79	36.68	-519.04 2
89	529	510	157	92	230	164	-2.32	-73.51	-1.89	15649.58	-173.75	4600.71	-443.25	36.79	-519.54 2
89	529	510	158	92	230	164	-2.14	-73.45	-1.83	15655.90	-157.66	4604.67	-446.39	48.15	-510.56 2
90	529	510	156	92	230	164	-2.15	-73.39	-1.83	15658.71	-158.58	4618.24	-424.52	56.89	-509.78 2
89	529	510	157	92	231	164	-1.84	-73.35	-1.78	15658.57	-144.45	4633.73	-386.30	46.25	-527.04 2
90	529	510	158	91	231	163	-1.13	-73.39	-1.63	15670.84	-104.03	4633.64	-365.53	39.39	-538.49 2
89	528	511	157	92	231	164	-0.76	-73.38	-1.54	15673.30	-80.03	4637.36	-364.35	37.87	-540.21 2
89	529	510	157	92	231	164	-0.40	-73.41	-1.45	15676.04	-55.83	4634.69	-360.49	25.37	-549.65 2
89	529	510	157	92	231	164	0.32	-73.55	-1.28	15679.23	-10.43	4621.36	-365.96	1.06	-559.62 2
89	528	510	157	92	231	164	0.67	-73.71	-1.18	15682.07	16.09	4608.69	-395.26	-11.05	-556.44 2
89	527	510	158	92	231	163	1.03	-73.75	-1.11	15678.57	37.08	4615.25	-373.65	-26.94	-565.02 2
90	527	511	157	91	230	163	1.82	-73.75	-0.95	15695.44	79.63	4616.09	-325.32	-30.00	-577.37 2
89	526	511	157	92	230	164	2.59	-73.76	-0.76	15694.07	129.25	4610.29	-304.75	-38.75	-571.20 2
89	526	512	157	91	232	164	2.96	-73.85	-0.67	15691.96	153.78	4602.97	-302.36	-53.96	-559.89 2
88	526	512	157	91	230	164	3.21	-73.91	-0.60	15693.96	172.10	4594.62	-288.45	-61.01	-547.19 2
89	526	512	157	92	231	164	3.30	-73.96	-0.56	15693.87	182.69	4590.09	-266.52	-69.21	-537.28 2
90	526	512	157	91	229	164	3.50	-74.01	-0.51	15694.37	195.36	4582.19	-248.90	-78.40	-531.37 2
89	526	512	157	92	231	164	3.64	-74.05	-0.46	15695.25	210.19	4573.48	-256.60	-90.98	-525.60 2
88	526	511	157	92	230	164	3.26	-74.13	-0.50	15698.89	200.28	4564.80	-283.72	-102.08	-522.92 2
89	526	511	157	90	231	163	3.27	-74.23	-0.48	15704.35	205.86	4546.16	-296.54	-107.08	-535.68 2
89	526	512	157	92	231	163	3.50	-74.35	-0.41	15703.73	223.57	4524.06	-306.76	-112.47	-549.89 2
90	525	511	157	91	231	164	3.94	-74.43	-0.28	15702.14	258.39	4496.85	-328.47	-109.85	-560.40 2
89	525	512	157	92	231	163	4.54	-74.52	-0.15	15702.43	294.87	4470.61	-341.20	-109.61	-563.68 2
90	524	512	157	92	230	163	4.94	-74.62	-0.05	15710.71	321.73	4442.28	-360.49	-106.38	-557.69 2
89	524	512	157	92	230	163	5.48	-74.66	0.05	15715.98	348.84	4419.17	-368.96	-88.21	-549.41 2
89	525	512	157	92	231	162	5.70	-74.59	0.12	15710.38	367.20	4414.61	-367.27	-71.15	-546.94 2
89	525	512	158	92	231	162	6.25	-74.55	0.24	15709.06	398.44	4405.28	-377.65	-57.24	-544.29 2
90	525	511	157	92	230	163	6.33	-74.45	0.28	15705.81	409.92	4411.41	-387.82	-46.38	-539.53 2
90	525	512	158	91	230	162	6.36	-74.43	0.32	15705.72	419.22	4413.44	-387.58	-45.06	-542.55 2
90	525	511	157	92	231	163	6.59	-74.45	0.41	15708.43	444.86	4400.77	-396.15	-39.01	-540.27 2
90	525	512	157	92	231	162	6.81	-74.41	0.45	15705.01	456.42	4399.33	-394.29	-29.46	-538.16 2
90	525	511	158	92	232	162	6.98	-74.44	0.51	15703.76	473.00	4392.16	-401.43	-32.18	-542.35 2
89	525	511	157	93	231	162	6.93	-74.36	0.54	15696.77	478.75	4409.56	-401.76	-38.72	-551.93 2
90	525	511	157	92	230	162	7.43	-74.32	0.68	15703.93	515.81	4416.88	-401.37	-53.84	-563.89 2
90	525	511	158	91	230	162	7.89	-74.41	0.79	15708.93	547.62	4402.63	-414.75	-65.50	-564.69 2
89	525	511	157	92	230	161	8.23	-74.48	0.87	15705.49	567.04	4383.70	-430.11	-70.02	-562.41 2
89	525	511	158	92	231	160	8.84	-74.56	0.99	15700.81	600.49	4358.92	-434.01	-80.27	-560.04 2
90	525	511	158	92	230	161	9.30	-74.61	1.10	15698.57	630.46	4343.17	-435.41	-82.41	-553.44 2
90	525	511	158	92	230	161	9.71	-74.66	1.21	15701.04	659.74	4325.81	-441.84	-81.39	-550.46 2
90	525	511	158	92	230	161	10.41	-74.68	1.34	15690.59	694.35	4300.12	-452.89	-61.87	-538.24 2
90	526	511	158	91	230	161	10.96	-74.63	1.45	15672.86	723.83	4282.52	-443.40	-49.67	-526.13 2
89	525	512	158	92	231	162	11.57	-74.55	1.61	15669.82	765.84	4276.79	-429.58	-39.19	-507.57 2
90	526	512	158	92	232	161	12.12	-74.49	1.76	15666.92	804.35	4264.15	-437.05	-20.43	-474.74 2
89	525	511	158	92	231	161	12.55	-74.47	1.85	15666.38	830.33	4245.54	-427.45	2.34	-434.86 2
90	526	511	158	91	230	162	13.60	-74.50	2.04	15659.86	879.82	4203.87	-417.73	19.72	-394.31 2
90	525	511	158	92	230	162	14.72	-74.55	2.21	15672.06	926.43	4147.87	-421.49	62.89	-341.55 2
90	525	511	158	92	230	162	15.20	-74.37	2.28	15659.86	945.10	4111.08	-399.62	148.74	-281.92 2
90	526	511	158	92	231	164	15.21	-74.08	2.31	15656.87	951.25	4110.33	-356.73	241.01	-220.77 2
90	526	511	158	91	232	164	14.37	-73.53	2.16	15649.02	912.89	4161.81	-315.45	336.61	-164.49 2
90	526	512	158	92	231	164	13.54	-73.04	2.04	15640.97	879.04	4227.72	-295.33	400.83	-125.81 2
90	526	511	158	92	230	164	12.61	-72.65	1.88	15636.12	837.89	4293.73	-297.61	440.33	-92.42 2
90	525	511	158	92	231	165	11.83	-72.35	1.75	15642.52	803.00	4352.45	-286.23	468.87	-72.95 2
90	525	511	158	92	231	164	11.55	-72.14	1.76	15642.99	804.85	4408.42	-292.02	469.17	-62.05 2
90	526	511	158	92	231	164	11.47	-72.05	1.80	15648.84	814.20	4428.60	-303.02	467.52	-46.10 2
90	526	511	158	92	231	164	11.50	-72.03	1.84	15652.80	825.69	4430.97	-302.87	474.44	-29.89 2
90	525	511	159	92	230	164	11.41	-71.93	1.84	15656.36	827.41	4451.22	-285.52	492.97	-14.45 2
90	525	511	157	92	231	164	11.55	-71.81	1.90	15653.14	841.24	4473.26	-265.40	512.92	-1.18 2
90	525	511	158	92	231	165	11.26	-71.63	1.87	15645.28	835.18	4514.20	-261.38	523.07	15.33 2
90	525	511	158	92	231	165	11.07	-71.61	1.86	15646.82	830.82	4536.29	-254.36	530.67	29.26 2
90	525	511	158	92	231	164	10.82	-71.54	1.81	15645.08	819.28	4545.47	-239.19	543.99	45.20 2
90	525	511	158	92	230	165	10.51	-71.42	1.77	15640.42	808.91	4558.20	-226.78	579.24	63.49 2
90	525	511	158	92	231	165	10.03	-71.21	1.71	15623.20	789.47	4580.29	-202.09	622.87	77.47 2
90	526	511	158	91	230	166	10.06	-71.05	1.71	15596.04	790.39	4593.87	-171.54	657.33	84.69 2
90	525	511	158	92	231	165	10.31	-71.03	1.77	15585.64	805.47	4592.98	-169.06	679.56	99.66 2
91	525	511	158	92	231	166	9.99	-70.80	1.71	15573.76	790.60	4607.13	-169.66	732.94	126.78 2
90	525	511	159	92	232	167	9.50	-70.41	1.63	15560.27	767.67	4660.38	-150.92	785.69	148.64 2
90	525	511	158	92	230	166	9.19	-70.11	1.59	15541.06	757.09	4718.96	-136.13	811.16	166.81 2
90	525	511	158	92	231	166	8.79	-69.89	1.52	15537.20	738.23	4767.61	-135.32	829.85	180.21 2
90	525	511	158	92	231	166	8.56	-69.63	1.46	15521.54	722.92	4807.43	-128.26	846.35	193.95 2
91	525	511	158	92	231	167	8.36	-69.51	1.45	15514.07	718.17	4842.06	-138.99	853.84	212.46 2
91	525	511	158	92	231	167	8.04	-69.36	1.38	15509.16	699.47	4881.35	-144.04	866.05	229.23 2
91	525	511	158	92	231	167	7.79	-69.18	1.35	15494.30	692.29	4919.89	-144.44	870.44	240.77 2
90	525	510	158	92	230	166	7.64	-69.07	1.34	15492.79	689.08	4952.89	-153.52	877.77	256.03 2
91	525	511	158	92	230	167	7.23	-68.88	1.25	15486.95	666.02	5007.05	-152.74	883.08	266.33 2
91	525	510	158	92	231	167	6.75	-68.54	1.14	15476.40	636.12	5088.69	-149.81	891.83	267.12 2
90	525	511	158	92	230	166	6.31	-68.19	1.04	15465.38	609.32	5179.86	-147.52	887.14	269.86 2
90	525	511	158	92	231	167	5.77	-67.94	0.90	15457.11	571.05	5285.67	-152.39	849.28	263.82 2
91	525	510	158	92	232	167	5.37	-67.81	0.78	15456.45	540.70	5368.38	-159.22	792.62	250.68 2
90	524	510	158	92	230	167	5.10	-67.87	0.71	15452.23	520.46	5430.76	-160.91	719.89	237.19 2
90	525	511	158	92	230	167	4.99	-67.97	0.70	15446.62	518.84	5470.63	-172.36	650.89	221.73 2
90	525	511	158	91	230	166	4.90	-68.07	0.70	15435.29	517.50	5510.09	-181.25	575.60	208.60 2
91	524	510	158	92	231	167	4.78	-68.34	0.68	15428.12	513.62	5523.99	-175.38	496.37	193.07 2
90	525	510	158	92	231	167	4.81	-68.56	0.66	15424.12	507.54	5523.99	-156.01	439.95	174.16 2
91	524	510	158	92	230	167	4.92	-68.68	0.67	15407.31	510.97	5534.59	-144.06	391.20	162.25 2
90	525	510	158	92	231	167	4.83	-68.78	0.65	15394.55	506.42	5555.26	-145.11	338.74	161.54 2
91	525	510	159	92	230	166	4.39	-68.99	0.53	15385.62	474.90	5573.50	-141.55	267.75	158.01 2
92	525	511	159	92	231	167	4.31	-69.26	0.49	15386.54	463.95	5570.22	-120.33	201.17	147.01 2
91	526	511	158	92	231	166	4.30	-69.53	0.48	15382.81	460.55	5559.91	-126.76	142.41	143.66 2
91	525	511	159	92	231	166	3.98	-69.80	0.44	15379.27	449.93	5547.12	-161.02	81.84	139.58 2
90	525	511	158	92	231	166	3.59	-70.04	0.34	15384.10	422.03	5534.16	-172.32	29.45	129.00 2
90	525	511	159	92	231	165	3.45	-70.21	0.29	15381.90	410.93	5529.85	-172.91	-15.73	113.30 2
90	525	511	158	92	231	165	3.50	-70.39	0.30	15383.80	414.58	5523.96	-176.26	-60.89	96.04 2
90	525	511	158	92	231	165	3.80	-70.53	0.40	15394.81	439.85	5519.96	-210.50	-90.40	95.48 2
90	525	511	159	93	231	165	3.60	-70.73	0.39	15394.47	437.06	5512.36	-283.17	-130.83	108.86 2
90	525	511	159	92	231	164	2.85	-70.96	0.22	15400.55	391.21	5498.54	-294.06	-176.93	106.92 2
90	525	511	159	92	228	165	3.09	-71.23	0.23	15414.92	393.05	5465.62	-252.61	-210.99	87.67 2
91	525	511	158	91	230	165	3.40	-71.45	0.28	15418.98	408.59	5425.94	-255.43	-231.54	86.74 2
91	525	511	158	92	231	164	3.07	-71.65	0.21	15419.43	388.96	5394.24	-274.66	-253.96	81.40 2
91	525	511	158	92	230	166	2.64	-71.78	0.08	15423.66	356.12	5374.53	-249.73	-274.36	62.38 2
90	525	511	159	93	231	164	2.70	-71.93	0.04	15430.27	344.51	5350.40	-215.49	-295.15	32.86 2
91	526	511	158	92	231	164	2.96	-72.10	0.08	15425.76	354.08	5316.88	-209.31	-311.94	17.92 2
91	526	511	159	93	231	164	3.19	-72.23	0.13	15420.27	367.38	5292.04	-213.30	-330.04	12.12 2
91	526	511	159	93	231	164	3.17	-72.39	0.10	15431.06	360.61	5268.84	-200.33	-349.74	10.47 2
91	526	511	158	92	231	164	3.55	-72.52	0.16	15437.10	377.78	5241.79	-174.27	-358.75	9.79 2
90	525	511	160	92	230	162	3.97	-72.63	0.24	15444.45	397.09	5220.10	-158.50	-372.91	15.30 2
91	526	511	159	93	231	164	4.16	-72.70	0.27	15447.03	404.44	5204.90	-141.23	-380.57	21.74 2
91	526	511	158	92	231	163	4.66	-72.80	0.35	15454.87	427.82	5181.05	-115.22	-393.49	35.35 2
90	526	511	158	92	232	164	5.11	-72.95	0.41	15457.53	443.62	5151.80	-94.46	-405.67	51.38 2
90	526	511	159	92	231	164	5.43	-73.16	0.45	15469.65	452.24	5110.81	-55.93	-417.53	74.71 2
91	526	511	159	92	231	164	5.36	-73.29	0.40	15475.97	440.43	5078.47	-17.59	-418.61	106.13 2
90	526	511	159	93	231	164	4.90	-73.36	0.28	15488.37	409.21	5056.75	23.99	-420.68	128.17 2
91	526	511	159	92	231	165	4.70	-73.42	0.19	15500.95	385.15	5040.71	77.44	-417.34	138.86 2
91	526	511	159	92	231	164	4.44	-73.50	0.09	15507.71	357.29	5032.67	109.97	-431.07	143.97 2
91	526	512	159	93	231	164	4.12	-73.66	0.03	15530.52	342.43	5014.44	108.87	-448.72	150.12 2
91	526	511	159	94	232	164	3.65	-73.84	-0.07	15547.19	316.91	4992.92	119.88	-474.94	152.52 2
91	526	511	159	93	231	164	3.34	-74.08	-0.14	15570.63	296.26	4964.27	136.18	-506.09	137.39 2
91	526	510	159	92	231	164	3.43	-74.38	-0.14	15593.90	296.05	4918.46	142.53	-534.28	122.97 2
91	526	511	159	92	232	164	3.35	-74.72	-0.17	15605.61	288.25	4863.73	153.10	-567.72	107.97 2
90	526	511	159	93	231	164	3.52	-75.05	-0.15	15626.93	294.43	4798.15	158.59	-582.33	90.37 2
90	526	512	159	93	231	163	3.82	-75.30	-0.11	15629.38	305.71	4731.24	154.91	-588.07	80.65 2
91	526	511	159	92	231	164	3.79	-75.43	-0.12	15637.71	301.23	4685.68	150.97	-575.11	71.37 2
91	525	511	159	92	230	164	3.68	-75.56	-0.15	15640.62	294.76	4636.19	162.37	-561.41	55.80 2
90	526	511	159	93	230	164	3.76	-75.67	-0.16	15652.39	292.63	4593.18	175.20	-543.49	36.76 2
91	526	511	159	93	231	164	4.01	-75.72	-0.12	15654.17	303.39	4560.13	174.14	-524.46	21.23 2
91	526	511	159	93	231	164	4.27	-75.64	-0.06	15660.86	318.83	4539.72	168.63	-488.89	15.36 2
91	526	511	159	92	232	164	4.27	-75.58	-0.06	15664.42	317.68	4530.33	167.05	-468.85	13.05 2
91	525	511	159	93	230	163	4.27	-75.53	-0.07	15680.60	314.20	4526.82	164.70	-453.20	6.39 2
91	526	511	159	91	231	163	4.11	-75.50	-0.10	15687.37	308.29	4525.08	171.72	-442.94	-3.98 2
91	526	511	159	93	231	164	4.16	-75.59	-0.09	15707.00	311.28	4511.42	161.28	-455.35	-20.93 2
91	526	511	159	92	232	164	4.30	-75.67	-0.07	15731.25	314.31	4491.65	159.92	-458.63	-32.98 2
91	526	511	159	93	232	163	4.89	-75.77	0.00	15734.89	335.60	4466.07	159.27	-455.30	-40.88 2
91	526	511	159	92	232	164	5.51	-75.94	0.12	15738.54	365.22	4428.56	153.06	-470.73	-45.84 2
91	526	511	159	92	231	164	6.22	-76.19	0.19	15754.82	384.76	4369.94	168.05	-479.15	-47.35 2
91	526	511	158	93	231	164	6.86	-76.31	0.28	15763.48	409.92	4323.24	181.30	-467.04	-38.78 2
91	526	511	159	93	231	164	7.19	-76.45	0.32	15766.50	421.82	4277.08	189.04	-456.19	-23.49 2
91	526	511	159	93	232	164	7.26	-76.56	0.33	15773.58	422.13	4237.82	204.28	-439.98	-10.82 2
91	526	511	159	92	231	163	7.05	-76.54	0.29	15776.70	411.22	4221.53	223.47	-422.18	1.13 2
91	526	511	159	92	232	163	6.67	-76.54	0.21	15781.46	391.86	4208.66	228.20	-412.32	15.07 2
91	526	511	158	92	231	164	6.35	-76.63	0.15	15794.59	375.47	4182.62	238.49	-406.00	20.72 2
91	526	511	159	93	231	163	6.34	-76.66	0.15	15797.06	374.50	4160.49	245.31	-396.40	24.73 2
91	526	511	159	93	231	164	6.35	-76.75	0.14	15801.41	372.37	4137.47	242.55	-392.68	25.34 2
91	526	511	158	93	231	163	6.54	-76.81	0.17	15807.54	381.35	4109.19	239.42	-393.45	22.33 2
91	526	511	159	93	231	164	6.73	-76.89	0.23	15817.96	395.29	4087.53	227.00	-394.83	23.56 2
91	526	511	159	93	231	164	6.88	-76.93	0.26	15821.86	404.52	4068.36	221.00	-391.74	22.23 2
91	526	511	159	92	230	164	7.01	-76.99	0.28	15824.17	410.49	4044.54	230.90	-388.40	24.22 2
91	526	511	159	92	231	164	7.14	-77.08	0.29	15836.36	413.17	4016.31	247.20	-380.38	26.01 2
91	526	511	159	93	232	163	7.38	-77.11	0.33	15837.14	423.11	3995.70	253.79	-371.96	29.56 2
90	526	511	159	93	231	164	7.54	-77.16	0.36	15840.68	431.16	3979.11	253.45	-376.36	35.68 2
91	526	512	159	91	231	163	7.43	-77.26	0.33	15858.85	424.20	3965.76	257.28	-384.19	37.55 2
91	526	511	160	93	232	164	7.70	-77.33	0.36	15871.91	432.99	3941.07	266.12	-386.83	38.82 2
91	526	511	159	92	232	163	7.81	-77.44	0.41	15865.51	444.54	3912.61	256.06	-391.74	48.28 2
91	526	511	159	93	231	163	8.14	-77.70	0.44	15879.24	454.31	3860.98	243.21	-403.30	60.01 2
91	526	511	159	92	231	164	7.80	-77.84	0.39	15888.68	439.40	3817.93	239.35	-389.84	74.46 2
91	526	511	159	92	230	163	8.01	-77.96	0.39	15883.64	440.03	3776.84	248.13	-374.45	84.79 2
91	526	511	159	92	231	164	7.57	-78.00	0.34	15898.66	425.83	3752.80	248.02	-354.08	92.15 2
91	526	511	159	93	231	163	7.34	-77.97	0.28	15903.33	411.73	3734.16	260.82	-327.97	92.44 2
91	526	511	159	92	232	164	7.36	-78.00	0.30	15911.96	416.35	3716.45	253.23	-313.27	93.97 2
91	526	511	159	93	232	163	7.05	-78.08	0.26	15918.36	404.73	3696.03	233.57	-304.31	102.07 2
91	526	511	159	92	230	164	6.98	-78.17	0.26	15930.24	405.69	3667.42	216.34	-290.69	108.22 2
91	526	511	159	92	231	163	6.72	-78.18	0.22	15941.33	394.41	3645.05	210.57	-266.36	113.11 2
91	526	511	159	92	230	163	6.56	-78.12	0.19	15948.06	385.69	3633.80	215.75	-240.04	102.95 2
91	526	511	159	93	232	163	6.86	-78.09	0.23	15958.06	397.80	3616.71	205.46	-221.34	95.61 2
91	526	511	159	92	232	163	6.89	-78.09	0.24	15960.36	399.51	3611.67	190.49	-215.47	89.07 2
90	526	511	159	93	232	163	7.15	-78.03	0.26	15969.14	404.34	3603.49	185.01	-197.80	82.47 2
90	526	511	158	92	231	163	7.37	-77.98	0.29	15968.68	414.12	3597.32	186.11	-183.61	77.90 2
91	526	511	159	92	231	163	7.53	-77.96	0.32	15959.05	420.42	3596.85	200.80	-188.53	77.05 2
91	526	511	158	92	231	163	7.66	-78.01	0.34	15968.90	427.99	3588.21	199.91	-191.30	86.75 2
90	526	512	159	92	230	162	7.67	-77.96	0.32	15971.85	422.39	3577.60	200.27	-168.34	101.16 2
90	526	511	158	92	232	163	7.79	-77.96	0.32	15972.06	422.67	3567.92	196.26	-151.37	113.20 2
90	526	511	158	92	232	163	7.44	-78.03	0.28	15966.25	409.94	3545.12	166.39	-137.85	122.54 2
89	526	511	157	92	232	163	6.75	-78.13	0.16	15964.34	378.04	3526.27	167.82	-145.11	119.77 2
90	526	511	158	92	231	163	7.01	-78.18	0.18	15974.72	382.74	3496.75	188.13	-121.70	112.58 2
89	526	511	158	92	231	163	7.25	-78.17	0.20	15971.59	388.40	3489.51	186.18	-109.37	109.60 2
90	526	512	158	92	231	163	7.34	-78.14	0.21	15977.21	391.78	3476.04	183.27	-89.60	113.12 2
89	526	511	158	93	232	161	6.94	-78.12	0.16	15979.55	377.40	3470.64	171.35	-79.32	118.41 2
89	526	511	158	92	232	162	6.72	-78.11	0.13	15990.57	368.53	3464.70	169.74	-70.10	122.39 2
90	526	512	158	92	232	163	6.87	-78.09	0.14	16001.24	372.10	3456.07	177.95	-62.15	124.57 2
89	526	511	158	93	232	162	7.08	-78.02	0.16	16009.58	378.49	3456.07	178.75	-47.74	129.89 2
89	526	512	158	92	232	163	7.14	-77.99	0.18	16007.50	382.77	3454.66	166.06	-47.75	138.95 2
90	527	512	158	92	230	162	6.92	-78.06	0.15	16020.33	375.63	3441.13	153.91	-42.77	148.35 2
89	526	512	158	92	232	162	6.71	-78.07	0.12	16020.71	366.05	3431.47	160.57	-33.88	155.18 2
89	526	512	158	92	232	163	6.68	-78.12	0.11	16023.47	364.95	3414.50	151.14	-27.18	163.98 2
89	526	511	158	93	231	163	6.40	-78.11	0.07	16016.50	354.10	3411.77	143.23	-19.82	172.23 2
90	526	512	158	93	232	163	6.35	-78.15	0.07	16004.68	353.19	3398.79	136.12	-14.83	178.82 2
89	526	512	158	92	231	162	6.38	-78.16	0.09	16009.04	359.13	3386.65	125.51	-8.99	191.42 2
89	526	511	158	92	231	163	6.33	-78.18	0.08	16014.19	357.98	3371.11	109.94	5.36	208.55 2
