181	504	497	224	180	214	159	57.09	-23.57	62.98	6414.99	12256.00	7900.48	-244.55	260.66	-68.97 13
181	505	497	224	180	215	159	57.12	-23.51	63.00	6413.24	12262.00	7893.45	-234.07	262.08	-71.07 13
181	505	497	224	179	214	159	57.12	-23.42	63.03	6398.98	12249.90	7903.98	-209.51	266.18	-63.56 13
180	504	497	224	180	214	159	57.19	-23.33	63.06	6387.23	12244.81	7905.98	-170.99	265.87	-55.59 13
181	504	497	224	179	215	159	57.29	-23.28	63.10	6381.87	12251.16	7899.08	-146.14	266.97	-50.21 13
181	504	498	224	179	215	158	57.37	-23.23	63.13	6377.97	12262.41	7888.13	-136.18	267.23	-49.20 13
180	504	497	224	179	214	158	57.42	-23.15	63.19	6365.88	12269.09	7882.92	-121.17	273.16	-43.69 13
181	504	497	224	179	214	158	57.50	-23.13	63.19	6360.78	12260.83	7869.97	-102.31	275.16	-38.50 13
181	504	497	224	178	214	158	57.44	-23.13	63.18	6357.34	12248.59	7876.88	-88.25	275.50	-36.38 13
181	504	497	224	180	214	159	57.41	-23.15	63.19	6358.68	12255.96	7881.03	-86.79	265.87	-39.41 13
181	505	497	223	179	214	159	57.31	-23.13	63.20	6356.54	12257.76	7887.18	-98.40	257.18	-43.29 13
181	504	497	224	179	213	159	57.29	-23.11	63.23	6349.51	12256.27	7887.22	-96.73	249.47	-45.47 13
181	505	497	224	179	214	159	57.36	-23.11	63.26	6344.44	12265.86	7883.26	-85.04	236.15	-44.50 13
181	504	497	223	180	213	159	57.38	-23.10	63.28	6340.82	12265.37	7879.50	-79.09	229.94	-42.37 13
181	504	497	223	179	214	158	57.35	-23.11	63.28	6338.18	12260.90	7885.12	-75.28	223.94	-41.86 13
181	505	497	223	179	215	160	57.32	-23.13	63.27	6339.07	12258.65	7879.27	-84.77	218.40	-42.41 13
181	504	497	223	179	214	159	57.22	-23.09	63.30	6331.31	12256.52	7893.70	-93.33	211.98	-47.14 13
181	504	497	223	179	214	159	57.20	-23.04	63.33	6323.35	12260.29	7905.22	-89.57	209.08	-47.69 13
181	505	497	223	180	214	159	57.23	-23.00	63.37	6314.98	12262.08	7911.96	-72.59	204.57	-43.95 13
182	505	497	223	179	214	159	57.29	-22.95	63.42	6308.83	12273.37	7905.96	-62.66	202.54	-41.25 13
181	504	497	223	179	212	159	57.35	-23.02	63.38	6313.19	12265.91	7890.26	-56.72	196.22	-37.19 13
181	505	497	223	180	214	160	57.43	-23.06	63.36	6317.33	12261.21	7877.35	-53.04	195.01	-34.58 13
182	504	497	223	180	214	158	57.40	-23.04	63.38	6315.26	12265.35	7875.68	-60.64	193.96	-34.85 13
180	505	497	223	180	214	159	57.33	-23.04	63.40	6307.70	12263.28	7882.70	-66.30	184.66	-36.51 13
181	504	496	223	179	214	159	57.31	-23.03	63.41	6300.31	12252.52	7887.76	-50.54	178.13	-34.98 13
181	505	497	223	179	213	159	57.37	-22.98	63.45	6294.10	12262.69	7886.17	-29.66	184.67	-27.34 13
181	505	497	223	179	214	159	57.36	-22.93	63.49	6290.39	12274.36	7885.66	-36.43	186.74	-17.97 13
182	505	497	222	180	214	158	57.35	-22.96	63.44	6293.07	12257.84	7892.78	-27.36	187.75	-4.07 13
181	504	497	223	180	214	159	57.39	-22.97	63.44	6294.02	12256.55	7890.34	-12.74	183.61	4.88 13
182	505	497	223	179	214	159	57.34	-22.99	63.43	6295.32	12256.52	7893.22	-18.35	173.93	10.39 13
181	505	497	223	179	213	159	57.31	-23.04	63.44	6288.95	12247.89	7892.36	-22.24	162.78	13.67 13
181	505	496	223	179	215	159	57.30	-23.07	63.44	6288.70	12244.30	7889.95	-10.02	152.44	16.24 13
181	505	497	223	180	213	160	57.38	-23.07	63.46	6285.47	12248.48	7883.65	3.08	145.87	22.27 13
181	505	496	222	179	214	160	57.37	-23.10	63.45	6286.40	12246.06	7880.27	-3.08	143.53	26.26 13
181	505	497	223	180	213	159	57.37	-23.09	63.44	6285.48	12241.36	7877.45	0.63	143.80	31.95 13
181	505	497	223	179	213	159	57.43	-23.09	63.46	6286.00	12253.49	7865.78	-2.15	148.81	37.00 13
181	504	497	223	179	213	159	57.49	-23.06	63.48	6284.10	12256.41	7859.29	-7.55	156.97	45.90 13
181	505	497	223	180	214	160	57.48	-23.02	63.46	6285.70	12251.59	7854.93	-10.72	172.02	58.66 13
180	505	497	223	180	214	159	57.43	-23.04	63.44	6291.81	12250.81	7854.18	-15.58	176.22	63.67 13
181	505	497	223	179	214	160	57.40	-23.07	63.39	6301.22	12247.27	7847.87	-35.60	177.06	62.74 13
180	505	497	223	180	212	160	57.32	-23.04	63.37	6308.76	12248.31	7855.68	-42.87	185.26	64.50 13
181	505	497	223	180	214	160	57.36	-22.93	63.43	6301.92	12264.89	7860.49	-37.63	197.75	63.38 13
181	505	497	223	179	212	158	57.27	-22.86	63.42	6304.43	12266.45	7872.87	-44.60	214.06	62.26 13
181	505	497	223	180	213	159	57.26	-22.91	63.38	6310.20	12260.92	7857.62	-53.77	222.65	61.45 13
181	505	497	223	179	213	159	57.27	-22.93	63.37	6314.89	12262.08	7852.94	-58.98	228.67	56.72 13
181	505	496	223	179	212	159	57.26	-22.91	63.38	6312.95	12263.17	7858.70	-55.33	229.04	55.14 13
181	505	496	223	179	213	159	57.25	-22.86	63.40	6305.10	12260.22	7864.76	-45.11	226.34	57.68 13
181	505	497	223	180	213	159	57.29	-22.88	63.41	6304.45	12262.80	7863.52	-37.71	218.42	61.15 13
181	504	496	222	179	213	159	57.25	-22.91	63.42	6303.82	12265.86	7867.55	-47.87	208.80	57.24 13
181	504	497	223	180	213	159	57.28	-22.87	63.46	6296.63	12270.17	7857.77	-55.08	203.56	56.18 13
181	504	496	223	180	213	159	57.27	-22.85	63.53	6286.40	12287.66	7848.88	-76.03	190.43	52.77 13
181	505	496	222	179	213	160	57.19	-22.95	63.48	6295.88	12278.08	7838.44	-101.87	174.36	52.43 13
181	505	496	222	180	213	160	57.08	-23.05	63.43	6300.49	12264.58	7852.51	-102.73	160.44	54.11 13
181	505	497	223	179	213	161	57.02	-23.11	63.44	6296.06	12261.55	7861.09	-101.04	142.37	55.70 13
181	505	497	223	179	212	160	56.89	-23.12	63.43	6290.46	12247.07	7870.63	-116.14	132.65	47.17 13
182	505	497	222	179	213	160	56.72	-23.10	63.44	6284.34	12237.92	7893.10	-133.33	124.57	36.56 13
181	505	497	222	179	213	160	56.67	-23.06	63.49	6275.72	12243.62	7901.25	-145.62	117.44	27.03 13
181	505	497	223	179	213	160	56.65	-23.04	63.52	6267.93	12244.64	7894.98	-156.39	110.77	18.48 13
181	505	497	223	179	213	160	56.67	-23.04	63.50	6262.74	12223.81	7885.63	-147.87	113.88	21.41 13
181	505	497	222	179	213	160	56.49	-23.05	63.41	6271.20	12195.42	7899.95	-154.27	129.44	19.14 13
181	505	497	223	179	213	159	56.32	-23.04	63.39	6266.44	12177.25	7923.75	-164.51	133.46	12.43 13
181	505	497	223	180	214	160	56.23	-23.00	63.42	6261.92	12178.58	7939.77	-167.09	128.44	7.16 13
181	505	497	223	180	213	160	56.24	-22.97	63.41	6265.62	12185.05	7955.18	-158.28	131.17	9.50 13
181	505	497	223	179	213	160	56.28	-22.93	63.43	6261.74	12183.40	7961.62	-142.22	136.16	14.27 13
181	505	497	223	179	214	161	56.33	-22.92	63.43	6256.45	12178.03	7959.94	-131.01	137.60	7.71 13
181	505	497	223	179	213	160	56.34	-22.95	63.42	6260.83	12176.13	7967.74	-121.71	137.37	-2.57 13
181	505	497	223	178	213	160	56.32	-22.97	63.41	6263.59	12178.12	7981.95	-124.32	130.90	-13.90 13
181	505	497	223	179	212	160	56.34	-23.03	63.41	6260.81	12172.82	7977.06	-116.50	121.06	-20.40 13
181	505	497	223	179	213	161	56.34	-23.02	63.40	6261.37	12168.18	7974.80	-106.58	120.36	-28.83 13
182	505	497	224	179	212	160	56.39	-22.98	63.44	6252.30	12174.77	7972.46	-103.95	116.54	-36.44 13
182	505	497	224	179	213	160	56.45	-22.93	63.47	6249.88	12182.43	7963.44	-108.30	117.01	-42.62 13
182	505	497	224	180	212	160	56.44	-22.88	63.49	6245.79	12181.31	7960.27	-106.39	126.01	-47.44 13
181	505	498	224	179	212	160	56.47	-22.88	63.49	6243.50	12180.44	7963.25	-96.82	123.86	-50.97 13
181	505	498	223	180	212	160	56.50	-22.83	63.53	6233.13	12180.82	7962.69	-86.58	122.87	-48.07 13
181	505	498	224	180	213	160	56.53	-22.79	63.56	6227.87	12184.18	7967.76	-77.35	125.17	-46.76 13
181	505	498	224	180	213	160	56.55	-22.75	63.59	6222.08	12188.97	7966.37	-81.43	130.56	-52.13 13
182	505	498	224	180	212	160	56.55	-22.74	63.59	6220.57	12187.92	7970.45	-85.46	130.04	-59.52 13
181	505	498	224	180	213	160	56.58	-22.77	63.59	6224.54	12192.33	7960.53	-85.79	121.18	-64.39 13
181	505	498	224	179	212	160	56.66	-22.78	63.61	6224.52	12206.91	7952.50	-87.35	114.63	-65.77 13
181	505	498	224	180	214	159	56.63	-22.70	63.64	6220.49	12212.16	7955.28	-97.63	122.14	-67.43 13
182	505	498	224	179	213	160	56.53	-22.67	63.67	6213.07	12211.56	7967.11	-112.25	121.44	-73.81 13
182	505	498	224	180	211	160	56.41	-22.66	63.65	6213.41	12202.78	7973.16	-124.09	119.56	-69.87 13
182	505	499	225	180	213	160	56.41	-22.66	63.65	6211.14	12201.44	7973.70	-123.28	119.29	-69.33 13
181	505	498	225	180	212	160	56.41	-22.64	63.69	6201.78	12201.57	7976.81	-113.42	123.47	-70.11 13
181	505	498	225	179	212	160	56.44	-22.55	63.74	6190.70	12203.49	7985.17	-97.45	132.80	-74.51 13
182	506	498	225	179	213	160	56.45	-22.47	63.77	6180.76	12199.51	7993.91	-80.77	142.56	-71.88 13
181	505	498	225	180	212	160	56.44	-22.46	63.81	6174.92	12206.54	8007.42	-75.34	145.43	-74.49 13
182	505	498	226	180	213	160	56.45	-22.44	63.83	6171.58	12213.61	8011.25	-75.52	148.26	-75.91 13
182	506	499	225	178	212	160	56.41	-22.42	63.82	6169.40	12205.33	8021.69	-68.14	149.45	-78.67 13
182	506	498	225	180	212	160	56.41	-22.36	63.87	6153.13	12197.26	8026.40	-54.99	153.97	-80.53 13
182	505	498	225	180	213	160	56.46	-22.34	63.94	6139.07	12202.20	8035.68	-33.09	145.63	-84.61 13
182	506	498	225	180	213	160	56.50	-22.35	63.97	6139.32	12218.09	8026.70	-41.78	140.74	-86.73 13
182	506	498	225	180	213	159	56.41	-22.40	63.93	6142.15	12204.79	8032.36	-50.34	135.71	-88.14 13
182	506	498	225	180	212	160	56.43	-22.41	63.92	6139.04	12194.35	8034.94	-27.93	131.82	-88.03 13
182	506	498	225	180	212	160	56.46	-22.35	63.98	6123.29	12194.63	8048.20	-5.38	125.88	-87.73 13
181	506	498	225	180	212	160	56.54	-22.35	64.02	6116.13	12199.30	8054.79	9.64	116.69	-85.75 13
182	506	498	225	180	213	160	56.52	-22.33	64.02	6110.72	12189.73	8069.85	31.86	115.75	-79.21 13
182	506	498	226	180	212	161	56.58	-22.34	64.06	6105.58	12195.25	8079.55	59.21	100.66	-77.05 13
181	506	498	225	180	212	160	56.63	-22.41	64.08	6105.31	12206.08	8076.18	61.80	78.28	-83.25 13
182	506	497	226	180	212	160	56.77	-22.49	64.09	6103.44	12211.98	8058.37	67.76	61.47	-85.33 13
182	506	497	225	180	212	160	56.89	-22.54	64.09	6105.87	12212.18	8046.45	80.18	58.99	-82.97 13
181	506	497	225	179	213	160	57.06	-22.57	64.12	6106.37	12230.37	8025.13	89.22	52.49	-81.97 13
181	506	497	226	180	213	160	57.04	-22.55	64.14	6102.86	12233.45	8015.47	72.36	53.62	-84.12 13
182	507	497	225	180	212	161	57.06	-22.59	64.14	6100.31	12232.38	8008.50	81.64	39.09	-86.41 13
181	506	497	225	180	212	160	57.08	-22.66	64.13	6108.50	12239.56	7997.47	67.71	28.63	-96.79 13
181	506	497	225	180	213	161	56.99	-22.65	64.12	6112.27	12243.18	7993.40	33.27	36.75	-108.80 13
181	506	497	225	180	212	160	56.90	-22.51	64.16	6101.86	12242.62	8005.33	30.41	47.16	-113.86 13
181	507	497	226	180	213	160	56.98	-22.44	64.25	6085.57	12257.29	8009.06	48.84	44.46	-114.82 13
182	506	497	225	180	212	160	56.96	-22.44	64.26	6083.89	12257.83	8006.01	44.55	36.93	-120.18 13
181	507	498	225	179	212	160	57.00	-22.58	64.30	6072.89	12255.73	8025.91	42.62	13.04	-127.92 13
182	507	497	225	179	212	159	56.99	-22.76	64.25	6083.45	12252.55	8011.61	24.99	-18.86	-136.62 13
181	507	497	225	180	213	160	56.91	-22.82	64.21	6086.68	12237.12	8009.43	7.44	-33.77	-148.24 13
182	507	497	226	180	213	160	56.99	-22.85	64.25	6081.14	12247.46	8001.76	14.67	-51.28	-173.63 13
182	507	497	226	180	212	161	57.08	-22.83	64.30	6083.09	12278.89	7994.47	7.03	-57.17	-190.70 13
181	507	498	225	180	212	160	57.16	-22.72	64.35	6077.13	12294.95	7983.55	6.93	-43.91	-180.41 13
182	507	497	226	180	212	160	57.25	-22.63	64.42	6064.47	12304.40	7971.17	12.58	-35.76	-169.64 13
180	507	497	226	180	213	160	57.19	-22.59	64.44	6059.05	12305.78	7971.01	-2.24	-32.63	-164.11 13
181	507	497	225	180	213	159	57.08	-22.56	64.42	6054.10	12285.49	7976.06	-13.53	-28.60	-157.46 13
181	507	497	225	180	212	160	57.02	-22.57	64.40	6056.59	12278.41	7980.26	-18.16	-27.57	-154.28 13
181	507	497	225	180	212	161	56.98	-22.50	64.45	6045.36	12283.09	7987.04	-23.15	-25.79	-152.82 13
182	507	498	226	180	212	160	56.93	-22.43	64.56	6025.70	12297.74	7999.29	-37.59	-39.25	-151.83 13
180	507	497	226	180	213	161	56.81	-22.51	64.58	6025.01	12307.25	8017.73	-61.86	-59.19	-146.34 13
182	507	497	226	180	212	160	56.74	-22.58	64.55	6030.36	12301.89	8026.44	-63.32	-71.38	-133.32 13
182	507	497	225	180	213	160	56.71	-22.59	64.56	6029.84	12309.59	8018.12	-80.95	-82.26	-134.25 13
182	507	497	225	180	213	160	56.70	-22.69	64.60	6026.55	12320.52	8016.01	-107.30	-107.99	-144.09 13
182	507	497	225	180	213	160	56.59	-22.75	64.59	6029.42	12324.29	8011.81	-138.74	-121.74	-149.84 13
183	507	497	226	180	212	160	56.41	-22.83	64.55	6035.35	12317.27	8011.42	-175.80	-136.26	-151.74 13
183	507	498	225	180	213	161	56.34	-22.90	64.49	6039.98	12290.21	8001.05	-187.36	-137.44	-149.71 13
183	507	498	225	180	213	160	56.37	-22.94	64.45	6042.39	12275.50	8002.60	-181.54	-135.77	-161.77 13
183	508	498	226	180	212	160	56.40	-22.97	64.40	6052.07	12270.12	8001.67	-173.67	-138.78	-169.58 13
183	507	497	226	180	213	160	56.44	-22.99	64.39	6058.06	12277.22	7998.18	-173.43	-144.39	-165.80 13
183	507	497	225	180	213	160	56.37	-23.01	64.38	6062.16	12279.96	7999.27	-195.61	-148.42	-169.86 13
184	507	498	226	180	213	160	56.31	-22.97	64.37	6060.45	12270.36	7996.51	-204.83	-136.90	-175.57 13
184	508	498	225	180	213	160	56.38	-22.91	64.37	6061.03	12274.04	7996.69	-193.89	-128.11	-183.49 13
184	507	498	226	180	212	160	56.38	-22.90	64.36	6069.98	12284.74	7999.85	-199.15	-126.10	-188.97 13
186	508	498	226	181	213	160	56.35	-22.81	64.36	6068.28	12282.70	8010.06	-193.19	-106.95	-184.92 13
185	507	497	225	180	213	160	56.34	-22.75	64.34	6072.66	12278.77	8016.76	-184.88	-87.15	-185.92 13
185	508	498	225	180	212	160	56.31	-22.70	64.30	6076.83	12265.83	8020.92	-176.53	-62.94	-193.48 13
185	507	498	225	180	213	160	56.30	-22.67	64.26	6077.59	12248.74	8029.87	-154.26	-49.15	-205.05 13
186	507	498	225	180	212	160	56.38	-22.60	64.29	6072.51	12249.90	8032.58	-131.35	-35.44	-219.40 13
185	507	498	225	180	212	160	56.38	-22.51	64.33	6058.88	12245.41	8028.35	-133.43	-26.97	-245.53 13
186	508	497	225	180	211	160	56.39	-22.42	64.37	6048.34	12244.93	8026.53	-132.56	-12.47	-265.60 13
185	507	498	226	180	211	160	56.46	-22.25	64.46	6028.12	12250.49	8031.21	-112.68	5.96	-277.17 13
186	508	498	226	180	212	159	56.58	-22.08	64.60	6005.72	12278.56	8029.85	-99.74	13.11	-278.62 13
186	507	497	226	180	213	160	56.57	-22.04	64.65	5996.03	12287.03	8037.75	-106.71	21.00	-261.63 13
185	507	497	225	180	212	160	56.53	-21.97	64.68	5987.63	12280.08	8041.07	-110.82	31.75	-251.20 13
186	508	498	225	180	212	160	56.56	-21.95	64.69	5985.45	12283.48	8034.61	-93.73	38.01	-235.99 13
186	508	498	226	180	211	160	56.53	-21.91	64.68	5988.18	12285.51	8036.88	-94.04	52.66	-225.94 13
186	507	497	226	181	211	160	56.52	-21.84	64.72	5975.37	12277.83	8044.24	-80.04	64.68	-219.40 13
185	507	497	225	180	213	161	56.53	-21.75	64.76	5967.00	12280.14	8053.83	-69.84	81.85	-221.08 13
186	507	497	226	180	212	161	56.55	-21.62	64.85	5948.45	12289.33	8055.13	-71.20	92.85	-220.72 13
186	508	497	225	180	211	160	56.51	-21.57	64.88	5940.23	12294.07	8061.38	-70.94	99.51	-216.89 13
186	507	498	225	180	212	161	56.55	-21.49	64.95	5925.41	12295.96	8067.31	-55.79	103.49	-211.89 13
186	508	498	225	180	212	161	56.57	-21.44	65.03	5908.14	12304.56	8065.54	-49.50	98.96	-208.25 13
186	508	498	225	180	212	160	56.54	-21.44	65.05	5905.14	12308.74	8066.47	-60.43	96.21	-202.93 13
186	508	498	225	180	211	160	56.55	-21.44	65.05	5900.28	12297.70	8066.14	-56.56	100.10	-197.14 13
186	508	498	225	181	211	160	56.64	-21.34	65.08	5894.87	12300.22	8059.44	-36.63	114.05	-190.18 13
186	508	497	226	180	211	161	56.65	-21.25	65.14	5882.92	12310.41	8064.46	-34.15	124.60	-189.42 13
186	508	497	225	180	212	161	56.65	-21.20	65.20	5871.38	12316.29	8073.84	-38.84	124.97	-189.80 13
186	508	497	226	180	212	160	56.67	-21.16	65.23	5864.61	12318.07	8078.35	-28.00	133.07	-180.91 13
186	507	497	225	181	211	160	56.67	-21.08	65.29	5850.78	12319.37	8089.43	-15.75	140.06	-174.47 13
186	508	497	225	180	212	160	56.67	-21.08	65.33	5839.24	12317.80	8095.96	-14.81	133.26	-170.34 13
186	508	497	225	180	212	161	56.66	-21.07	65.37	5830.48	12319.11	8092.56	-21.97	129.15	-174.53 13
186	508	498	225	180	211	160	56.66	-21.09	65.40	5822.95	12319.15	8086.33	-19.07	121.04	-185.90 13
186	508	497	226	180	212	160	56.74	-21.06	65.45	5814.60	12330.40	8081.62	-13.22	118.84	-187.30 13
186	508	497	226	180	211	160	56.75	-21.02	65.48	5807.47	12334.08	8071.34	-18.31	119.95	-186.84 13
186	508	497	225	180	211	161	56.82	-20.96	65.52	5795.90	12328.57	8068.57	-0.84	130.20	-186.90 13
187	508	498	225	180	211	160	56.83	-20.89	65.57	5784.50	12334.14	8075.94	7.30	133.19	-185.35 13
186	508	497	225	180	211	161	56.77	-20.87	65.64	5764.68	12326.44	8074.14	-5.76	121.08	-189.58 13
186	507	497	225	180	211	160	56.76	-20.88	65.65	5758.85	12322.51	8057.84	-11.98	113.48	-200.16 13
187	508	497	225	180	212	160	56.82	-20.85	65.70	5746.30	12322.59	8054.94	3.42	114.60	-203.90 13
186	508	497	225	180	213	160	56.91	-20.78	65.78	5733.79	12339.66	8054.00	11.85	113.27	-201.55 13
187	508	497	225	180	211	161	56.90	-20.75	65.85	5722.70	12350.28	8052.10	5.01	103.66	-197.57 13
187	508	497	225	181	211	161	56.97	-20.71	65.93	5701.56	12349.36	8051.09	23.56	90.43	-183.95 13
187	508	498	225	180	212	161	57.05	-20.66	66.00	5691.09	12366.89	8050.34	38.18	85.25	-165.60 13
187	508	497	226	180	212	160	57.08	-20.60	66.08	5676.33	12377.75	8051.02	40.17	78.54	-154.42 13
187	508	497	225	180	212	161	57.10	-20.58	66.18	5658.91	12394.66	8053.67	38.31	61.06	-143.80 13
187	508	497	225	180	211	160	57.14	-20.64	66.21	5658.57	12411.93	8044.18	23.70	42.31	-123.61 13
187	508	497	225	181	212	161	57.11	-20.70	66.18	5661.04	12402.93	8040.98	19.61	39.15	-103.38 13
187	508	497	225	180	212	161	57.13	-20.75	66.13	5672.59	12398.38	8032.93	22.68	45.54	-93.16 13
186	508	497	225	180	212	160	57.08	-20.75	66.10	5675.16	12390.66	8037.28	21.25	53.91	-87.80 13
187	508	497	225	180	212	159	57.10	-20.72	66.12	5673.20	12393.13	8038.22	25.94	63.12	-85.56 13
186	508	497	225	180	212	160	57.15	-20.69	66.14	5672.94	12405.27	8033.31	24.89	68.96	-82.78 13
187	508	497	225	180	212	160	57.10	-20.65	66.17	5668.49	12412.81	8034.64	5.24	75.01	-80.29 13
186	508	497	225	180	211	161	57.02	-20.65	66.13	5669.87	12394.17	8037.11	-2.87	82.86	-77.03 13
187	508	497	225	180	213	160	57.04	-20.59	66.12	5668.77	12381.66	8042.25	15.83	98.72	-75.38 13
187	508	497	226	180	211	160	57.07	-20.53	66.17	5658.34	12388.38	8046.34	27.83	103.33	-76.56 13
187	508	497	225	180	211	160	57.13	-20.50	66.22	5650.02	12399.96	8046.42	31.84	91.92	-76.58 13
186	508	497	225	181	211	161	57.23	-20.55	66.21	5653.72	12402.56	8046.70	52.45	86.12	-66.95 13
187	508	497	225	180	211	160	57.46	-20.53	66.20	5653.23	12397.23	8038.77	114.33	97.36	-49.25 13
187	508	497	225	180	212	160	57.78	-20.48	66.23	5654.57	12413.77	8021.43	174.16	109.80	-29.54 13
187	508	497	225	181	212	160	57.88	-20.45	66.28	5646.64	12426.28	8003.96	174.75	112.56	-23.26 13
187	508	497	225	180	212	161	57.84	-20.50	66.29	5644.71	12424.97	7987.56	153.57	107.08	-28.10 13
186	508	497	225	180	211	161	57.83	-20.57	66.25	5656.67	12429.32	7983.38	145.64	107.22	-31.30 13
187	508	497	226	180	212	161	57.86	-20.52	66.23	5659.04	12425.45	7978.41	148.51	121.81	-30.38 13
187	508	497	225	180	212	161	57.93	-20.43	66.27	5648.29	12423.18	7972.09	167.93	139.92	-30.56 13
187	508	497	225	180	211	161	57.97	-20.34	66.31	5639.07	12425.02	7978.89	192.38	158.18	-24.03 13
187	508	497	225	180	211	160	58.10	-20.28	66.33	5638.32	12436.17	7981.14	222.76	167.22	-13.73 13
186	508	497	226	181	212	161	58.16	-20.22	66.41	5630.41	12459.96	7981.29	231.13	164.86	-12.95 13
187	508	497	225	181	212	161	58.18	-20.23	66.46	5627.48	12483.76	7963.22	208.92	144.66	-15.10 13
187	508	497	225	180	211	160	58.16	-20.26	66.45	5634.91	12497.17	7956.66	192.77	134.68	-11.74 13
188	508	497	225	180	211	160	58.22	-20.32	66.44	5640.96	12502.72	7953.83	212.34	135.75	-2.11 13
187	508	497	226	180	211	160	58.25	-20.31	66.45	5641.52	12512.38	7951.54	218.52	139.56	2.25 13
186	508	497	225	180	211	161	58.22	-20.33	66.45	5637.64	12502.36	7945.96	217.09	139.18	-5.41 13
187	508	497	225	180	211	160	58.26	-20.38	66.46	5637.16	12505.84	7936.66	213.89	128.27	-21.59 13
186	508	497	225	181	211	161	58.30	-20.41	66.49	5634.90	12518.35	7925.23	206.79	122.36	-35.51 13
187	508	497	225	180	211	161	58.41	-20.40	66.53	5629.16	12531.03	7905.37	202.75	120.09	-40.89 13
187	508	497	225	181	211	161	58.40	-20.37	66.55	5625.90	12532.28	7896.10	196.22	125.59	-40.19 13
187	508	497	225	180	211	161	58.43	-20.32	66.59	5615.20	12535.26	7889.09	193.01	129.01	-38.83 13
187	508	496	225	180	212	161	58.45	-20.32	66.61	5613.84	12540.10	7877.44	179.21	126.41	-39.54 13
186	508	497	225	180	211	161	58.37	-20.30	66.62	5607.75	12530.10	7873.37	164.04	128.39	-41.11 13
187	508	496	225	180	211	161	58.39	-20.31	66.61	5606.36	12523.99	7864.10	162.69	131.87	-43.96 13
186	508	497	225	180	211	160	58.38	-20.27	66.67	5596.64	12534.19	7867.29	159.01	129.52	-50.06 13
187	508	497	225	180	211	161	58.42	-20.23	66.75	5583.21	12553.08	7862.53	152.41	118.85	-48.86 13
187	508	497	225	180	210	160	58.45	-20.28	66.77	5582.65	12562.83	7846.40	136.44	100.80	-42.67 13
187	508	497	225	180	211	160	58.43	-20.40	66.71	5595.52	12554.89	7834.28	123.87	93.31	-34.83 13
187	508	497	225	180	211	161	58.41	-20.40	66.69	5594.14	12539.34	7833.37	131.62	98.45	-34.54 13
187	508	497	225	181	211	161	58.45	-20.39	66.72	5591.24	12550.37	7833.90	131.49	92.93	-43.41 13
187	508	496	226	180	211	161	58.50	-20.39	66.78	5585.27	12574.66	7831.60	120.22	74.13	-50.14 13
187	508	496	225	180	210	161	58.50	-20.44	66.82	5586.81	12603.52	7828.62	101.01	59.32	-48.69 13
186	508	496	225	180	210	161	58.52	-20.49	66.80	5591.87	12601.15	7819.19	97.41	56.91	-42.00 13
187	508	497	225	180	211	161	58.56	-20.50	66.79	5596.88	12604.89	7803.83	95.44	62.46	-31.60 13
187	508	496	225	180	211	161	58.41	-20.53	66.72	5605.63	12584.84	7803.64	84.21	65.64	-34.42 13
187	508	497	225	180	211	161	58.39	-20.52	66.70	5606.95	12578.40	7820.06	93.65	65.31	-40.70 13
188	508	497	225	180	211	160	58.41	-20.51	66.72	5607.40	12588.28	7820.66	91.37	55.79	-56.76 13
187	508	497	225	180	210	161	58.38	-20.51	66.76	5601.23	12600.27	7819.02	81.00	50.55	-62.83 13
187	508	497	226	181	211	162	58.40	-20.48	66.79	5594.77	12601.45	7821.27	89.65	44.12	-69.34 13
186	508	496	225	180	211	161	58.57	-20.43	66.87	5584.43	12622.78	7816.61	109.02	36.92	-66.32 13
187	508	496	225	179	211	161	58.59	-20.47	66.88	5584.81	12632.84	7806.78	95.47	30.32	-61.30 13
187	508	496	225	181	211	161	58.61	-20.55	66.83	5592.17	12617.80	7793.84	91.29	30.91	-52.79 13
187	508	496	225	180	211	161	58.73	-20.56	66.81	5594.76	12615.11	7780.75	108.78	32.91	-49.15 13
187	508	497	225	180	211	160	58.76	-20.57	66.82	5596.22	12624.35	7770.91	98.69	27.22	-57.39 13
187	508	496	225	180	211	162	58.71	-20.62	66.82	5598.21	12627.34	7765.56	78.81	24.70	-68.32 13
187	508	496	225	180	211	161	58.67	-20.60	66.81	5601.30	12629.57	7765.49	68.87	28.22	-83.16 13
187	508	496	225	180	211	161	58.72	-20.54	66.86	5593.84	12638.89	7767.61	76.27	37.41	-91.90 13
187	508	496	225	178	211	161	58.80	-20.49	66.90	5588.35	12649.54	7757.43	83.56	44.94	-97.80 13
187	508	496	225	180	211	161	58.86	-20.43	66.95	5581.93	12665.87	7760.76	83.03	42.29	-106.56 13
187	508	496	225	180	212	161	58.84	-20.43	66.94	5584.83	12668.57	7756.32	80.18	48.68	-116.78 13
187	508	496	225	180	211	161	58.90	-20.36	66.97	5577.39	12669.94	7758.91	90.22	56.99	-129.15 13
188	508	496	225	180	210	161	59.07	-20.40	66.99	5578.32	12680.25	7739.96	110.01	51.19	-138.99 13
187	508	496	225	180	210	162	59.02	-20.41	67.00	5579.40	12691.43	7731.36	92.06	47.58	-150.09 13
188	508	496	225	180	211	161	59.04	-20.40	67.02	5572.23	12688.66	7722.39	91.06	50.20	-159.48 13
188	508	496	225	180	211	162	59.15	-20.38	67.05	5570.82	12699.43	7701.87	101.95	45.89	-165.46 13
188	508	496	225	180	212	162	59.19	-20.40	67.05	5568.28	12696.66	7685.18	97.61	43.55	-174.69 13
187	508	496	225	180	211	161	59.22	-20.39	67.07	5561.87	12692.82	7680.52	103.23	46.32	-180.05 13
187	509	496	225	179	210	162	59.22	-20.34	67.11	5553.77	12694.18	7681.69	104.21	48.26	-188.00 13
187	508	496	225	179	211	161	59.24	-20.29	67.16	5541.68	12695.47	7672.61	102.15	44.04	-195.00 13
187	508	496	225	180	212	161	59.33	-20.25	67.24	5525.60	12708.90	7666.98	102.70	36.44	-199.70 13
187	508	496	225	180	210	161	59.41	-20.15	67.34	5511.72	12736.05	7654.83	99.06	31.12	-201.56 13
187	508	496	225	180	211	161	59.46	-20.10	67.39	5504.93	12751.05	7639.49	84.66	35.86	-193.24 13
187	508	496	225	181	210	161	59.47	-20.06	67.41	5502.89	12754.90	7634.91	76.37	40.62	-184.52 13
188	508	496	225	181	211	162	59.49	-20.03	67.42	5500.94	12755.95	7631.97	82.01	51.89	-172.50 13
187	508	496	225	180	211	161	59.48	-19.99	67.45	5495.90	12761.36	7633.17	81.61	57.39	-165.37 13
187	509	496	225	179	211	161	59.40	-19.97	67.46	5491.10	12759.69	7636.91	66.68	59.47	-163.50 13
186	508	496	225	180	211	162	59.35	-19.91	67.50	5480.35	12758.30	7638.86	61.74	59.90	-167.33 13
187	509	496	225	180	211	161	59.37	-19.85	67.56	5471.13	12776.59	7639.12	63.35	64.36	-167.56 13
187	509	496	225	180	211	161	59.44	-19.74	67.65	5455.37	12788.56	7640.57	73.74	70.74	-159.44 13
187	509	496	225	180	211	162	59.51	-19.69	67.69	5446.60	12791.33	7639.74	94.90	74.95	-144.06 13
187	508	496	225	180	212	161	59.54	-19.67	67.70	5443.67	12793.36	7630.95	90.61	82.30	-141.56 13
187	508	496	224	180	211	161	59.49	-19.69	67.68	5443.69	12778.70	7625.00	86.22	87.04	-145.48 13
187	509	496	225	180	211	162	59.48	-19.63	67.69	5435.10	12765.16	7627.55	96.01	101.54	-151.01 13
187	508	495	224	180	211	161	59.56	-19.53	67.77	5420.95	12780.10	7625.37	107.86	109.81	-167.36 13
187	509	495	224	179	211	161	59.60	-19.40	67.87	5403.50	12801.30	7627.51	113.87	118.62	-174.89 13
187	508	495	224	180	211	162	59.69	-19.31	67.99	5383.73	12826.43	7627.13	123.28	122.39	-169.50 13
187	509	496	224	180	211	161	59.73	-19.29	68.06	5368.54	12833.71	7616.77	118.46	110.82	-159.52 13
187	509	495	224	180	211	161	59.76	-19.28	68.10	5355.71	12827.43	7611.33	121.34	96.33	-148.74 13
187	509	495	224	180	211	161	59.85	-19.34	68.15	5347.73	12834.45	7600.57	124.47	83.56	-135.96 13
186	509	496	224	180	211	162	59.83	-19.36	68.15	5344.94	12832.73	7584.54	110.05	79.63	-126.16 13
187	509	495	224	180	211	162	59.82	-19.35	68.17	5339.09	12827.90	7576.51	102.85	82.50	-119.50 13
186	508	495	224	180	212	161	59.81	-19.29	68.19	5336.54	12831.30	7572.29	99.25	97.03	-110.68 13
187	508	495	224	180	212	162	59.75	-19.25	68.21	5329.71	12828.14	7565.27	84.74	111.08	-107.94 13
186	509	495	224	179	210	162	59.69	-19.18	68.22	5325.43	12825.13	7568.01	71.70	126.82	-104.20 13
187	508	495	224	179	211	161	59.69	-19.07	68.25	5318.15	12827.67	7573.21	70.47	142.83	-98.19 13
187	509	495	225	180	211	161	59.70	-18.98	68.31	5307.05	12838.09	7576.55	74.30	153.54	-88.88 13
187	508	495	224	181	212	162	59.65	-18.94	68.36	5296.49	12843.18	7584.92	66.28	150.91	-82.58 13
186	508	495	224	180	212	162	59.66	-18.94	68.41	5288.67	12855.62	7584.87	65.52	144.02	-75.90 13
187	509	495	224	180	211	161	59.78	-18.92	68.48	5280.84	12881.84	7573.43	70.09	136.87	-60.06 13
187	508	495	224	180	211	162	59.90	-18.87	68.56	5276.19	12917.15	7562.36	70.89	134.32	-31.41 13
186	508	495	224	181	212	161	59.96	-18.87	68.61	5268.18	12932.29	7554.04	61.64	135.56	7.96 13
187	508	495	224	180	211	162	59.96	-18.92	68.60	5270.37	12926.08	7546.34	58.86	131.78	48.62 13
187	508	495	224	180	211	161	59.88	-18.97	68.59	5271.86	12928.57	7545.62	39.92	130.54	74.49 13
187	509	495	225	180	212	161	59.73	-18.99	68.62	5271.66	12946.75	7540.74	-19.58	122.61	79.21 13
187	509	495	224	180	211	161	59.60	-18.97	68.69	5266.28	12978.61	7551.10	-77.70	100.58	95.35 13
187	508	495	224	180	211	161	59.78	-18.90	68.80	5263.37	13038.08	7543.15	-86.56	91.30	157.93 13
188	508	494	224	180	212	161	59.80	-18.89	68.77	5274.20	13050.17	7533.99	-102.74	109.44	253.34 13
187	508	495	224	179	212	160	59.69	-18.95	68.62	5295.69	13004.06	7537.09	-94.80	135.27	366.87 13
187	508	495	224	179	212	160	59.43	-19.02	68.42	5317.10	12935.66	7554.04	-89.11	173.65	443.28 13
187	508	494	224	180	212	161	59.11	-19.24	68.16	5352.25	12853.68	7578.73	-77.75	195.42	480.81 13
188	508	495	224	180	212	161	58.89	-19.41	67.98	5376.24	12802.19	7590.80	-87.37	199.50	484.62 13
187	508	495	224	180	212	161	58.66	-19.62	67.82	5403.22	12765.88	7598.26	-121.95	179.52	452.29 13
188	508	495	224	179	211	161	58.46	-19.75	67.74	5416.86	12749.39	7608.54	-155.85	163.05	421.08 13
188	508	495	224	180	212	161	58.47	-19.78	67.76	5414.62	12758.92	7620.92	-145.91	150.90	409.02 13
188	508	494	224	180	212	161	58.50	-19.83	67.80	5415.29	12782.37	7628.67	-152.21	126.40	401.57 13
188	508	494	224	179	212	161	58.49	-19.91	67.80	5426.52	12814.25	7619.84	-193.00	102.33	406.69 13
188	508	494	224	179	213	161	58.38	-19.99	67.80	5433.20	12828.14	7621.64	-238.45	79.86	421.36 13
188	508	494	224	179	212	161	58.39	-20.09	67.76	5449.54	12841.93	7614.36	-260.33	62.17	452.89 13
188	508	494	224	179	211	160	58.39	-20.16	67.70	5468.26	12851.24	7609.44	-281.91	60.31	486.55 13
187	508	494	224	180	212	160	58.26	-20.24	67.64	5490.05	12865.88	7615.97	-323.27	57.25	519.72 13
188	508	494	224	179	212	161	58.02	-20.46	67.45	5528.75	12840.98	7613.97	-374.30	58.93	570.43 13
188	508	494	224	179	212	160	57.71	-20.70	67.15	5575.51	12769.33	7621.87	-397.39	79.64	624.36 13
188	508	494	224	179	212	161	57.44	-20.91	66.84	5621.93	12692.47	7632.98	-398.02	103.51	646.24 13
188	508	494	224	179	211	160	57.13	-21.12	66.53	5664.24	12612.04	7655.53	-393.22	127.13	641.98 13
188	508	494	224	180	213	160	56.82	-21.21	66.30	5695.42	12549.44	7701.75	-377.06	149.07	621.53 13
188	507	494	224	179	213	161	56.58	-21.27	66.20	5710.85	12523.77	7739.67	-383.75	142.87	579.35 13
188	508	494	224	178	212	161	56.25	-21.39	66.12	5724.91	12511.98	7784.08	-426.57	120.68	532.34 13
188	507	494	224	179	212	161	55.94	-21.45	66.10	5722.86	12494.98	7828.88	-466.19	90.79	494.67 13
188	508	494	225	179	212	161	55.78	-21.56	66.05	5731.92	12485.03	7860.64	-481.83	54.95	473.84 13
188	507	493	224	180	213	161	55.75	-21.71	65.99	5748.93	12489.78	7870.80	-500.09	20.36	472.10 13
188	507	494	224	179	212	161	55.55	-21.83	65.90	5761.28	12470.69	7875.46	-541.03	0.29	471.44 13
188	507	493	224	179	211	161	55.47	-20.90	67.04	5552.62	12654.56	7911.49	-605.43	-17.08	495.12 13
188	507	493	224	179	212	161	55.32	-21.35	66.71	5618.58	12608.03	7905.52	-635.56	-40.32	497.31 13
188	507	493	224	179	212	161	55.10	-21.60	66.55	5598.86	12470.03	7745.44	-577.63	-121.31	521.40 13
188	507	492	224	179	212	160	54.87	-21.97	66.12	5672.11	12394.93	7760.37	-565.80	-107.34	511.18 13
188	507	492	224	179	213	162	54.90	-22.13	65.87	5717.71	12350.78	7779.15	-526.56	-86.67	483.77 13
188	507	492	224	178	212	161	54.87	-22.19	65.70	5747.42	12325.24	7808.39	-506.38	-68.19	455.93 13
188	507	492	224	179	213	162	54.79	-22.25	65.53	5780.25	12301.78	7844.17	-488.21	-52.38	426.43 13
188	507	492	224	179	212	161	54.81	-22.25	65.45	5799.04	12297.29	7872.56	-463.90	-38.91	402.11 13
188	507	492	224	178	212	161	54.85	-22.27	65.38	5818.89	12299.02	7900.74	-447.21	-38.72	387.36 13
189	507	493	224	179	211	161	54.83	-22.36	65.23	5847.14	12282.47	7928.30	-438.55	-37.28	384.19 13
188	507	493	224	179	213	161	54.82	-22.50	65.06	5876.79	12252.15	7950.28	-414.57	-34.47	387.73 13
188	507	492	225	179	212	161	54.80	-22.57	64.91	5899.95	12221.34	7971.17	-390.29	-27.24	383.44 13
189	507	492	224	179	213	161	54.73	-22.69	64.73	5930.95	12189.47	7998.41	-374.08	-17.58	370.32 13
188	507	492	224	179	212	162	54.66	-22.83	64.54	5964.40	12157.60	8023.69	-357.37	-13.25	351.45 13
189	507	492	224	178	212	161	54.63	-22.87	64.42	5987.58	12144.12	8045.51	-341.45	-7.89	333.48 13
189	507	492	224	179	212	161	54.68	-22.91	64.33	6006.80	12137.51	8060.23	-320.78	-11.39	320.26 13
188	507	492	224	179	212	161	54.75	-22.91	64.28	6020.86	12139.84	8073.22	-306.79	-8.38	307.29 13
189	507	492	224	179	211	161	54.78	-22.97	64.18	6040.62	12129.25	8088.56	-284.40	-7.26	309.63 13
188	507	492	224	179	212	162	54.77	-23.08	64.03	6071.19	12111.38	8098.93	-263.83	-7.79	312.35 13
188	507	492	224	178	213	161	54.80	-23.14	63.90	6095.43	12091.21	8112.78	-234.69	0.20	312.93 13
189	508	492	224	179	212	160	54.85	-23.23	63.77	6123.06	12082.05	8125.34	-209.16	4.14	307.53 13
188	507	492	224	179	213	161	54.76	-23.30	63.65	6141.50	12059.75	8130.08	-219.90	7.23	300.11 13
189	507	492	224	179	213	161	54.70	-23.37	63.49	6163.63	12022.56	8134.37	-210.95	15.27	283.20 13
189	507	492	224	179	213	160	54.84	-23.41	63.38	6186.85	12010.04	8144.65	-167.11	26.60	276.29 13
188	507	492	224	178	213	161	54.90	-23.40	63.34	6198.70	12013.73	8157.42	-154.50	31.07	271.18 13
188	507	492	224	179	212	161	54.82	-23.44	63.30	6202.97	12003.25	8168.75	-170.73	21.72	264.47 13
188	507	492	224	179	212	161	54.79	-23.52	63.23	6214.62	11989.09	8180.71	-161.29	8.13	261.25 13
188	507	492	224	179	212	162	54.92	-23.60	63.16	6231.69	11986.83	8183.28	-139.72	-0.12	273.53 13
188	507	492	224	179	213	161	54.90	-23.66	63.06	6251.70	11977.09	8188.71	-130.94	-1.42	284.21 13
189	507	492	224	179	213	161	54.88	-23.88	62.93	6271.52	11953.44	8195.48	-121.64	-7.30	300.30 13
188	507	492	224	179	212	160	54.88	-23.94	62.85	6289.74	11946.16	8190.30	-120.91	-8.83	303.93 13
189	507	492	224	179	211	161	54.94	-24.01	62.77	6307.46	11939.26	8190.19	-106.11	-9.29	309.23 13
189	507	492	223	179	212	162	54.94	-24.04	62.68	6326.68	11935.49	8187.08	-100.21	-7.57	314.42 13
188	507	492	224	179	213	161	54.89	-24.13	62.56	6353.35	11925.32	8184.72	-116.65	-0.05	309.40 13
189	507	492	223	178	212	161	54.88	-24.17	62.43	6379.88	11911.45	8191.89	-113.77	9.91	308.38 13
188	507	492	224	179	212	161	54.91	-24.21	62.36	6392.49	11902.08	8197.09	-100.38	22.41	311.16 13
188	507	492	224	179	212	161	54.87	-24.22	62.28	6411.46	11900.18	8213.64	-94.66	31.59	312.10 13
188	507	492	224	179	213	161	54.79	-24.25	62.19	6427.09	11888.77	8228.96	-92.88	38.56	311.10 13
188	507	491	224	179	213	161	54.76	-24.29	62.10	6447.94	11882.33	8231.91	-93.98	45.28	310.94 13
188	507	491	224	179	212	161	54.66	-24.34	62.01	6458.74	11856.21	8243.71	-97.93	54.07	306.60 13
188	507	492	223	179	212	161	54.63	-24.39	61.94	6471.80	11846.60	8256.93	-86.84	49.87	304.97 13
189	507	492	224	179	212	160	54.59	-24.51	61.82	6495.01	11834.27	8258.48	-89.09	42.72	293.42 13
188	507	492	224	179	212	161	54.60	-24.59	61.72	6513.06	11819.76	8248.76	-86.49	41.29	281.10 13
189	507	491	224	179	214	161	54.59	-24.63	61.66	6524.21	11812.57	8244.32	-85.37	37.47	264.99 13
189	507	491	224	178	213	161	54.62	-24.68	61.62	6539.20	11819.54	8245.70	-96.15	30.80	248.59 13
188	507	492	224	179	212	161	54.59	-24.69	61.60	6548.64	11827.56	8243.82	-119.49	29.46	237.66 13
189	507	491	224	179	213	161	54.63	-24.65	61.60	6555.60	11838.18	8258.03	-115.66	34.14	239.33 13
188	507	491	224	179	212	160	54.65	-24.65	61.57	6561.22	11837.68	8267.92	-101.13	41.08	256.41 13
188	507	491	224	179	212	161	54.56	-24.67	61.49	6573.56	11818.39	8277.53	-97.08	50.97	272.54 13
188	507	491	224	179	212	161	54.51	-24.70	61.40	6581.68	11794.07	8283.85	-77.17	57.73	284.47 13
188	507	491	224	179	211	161	54.45	-24.69	61.36	6588.20	11783.57	8303.26	-54.16	57.84	301.39 13
188	507	491	224	180	212	161	54.41	-24.76	61.33	6594.99	11780.59	8316.70	-43.55	41.65	317.82 13
188	507	491	224	179	212	161	54.35	-24.96	61.20	6618.84	11767.36	8317.66	-53.13	14.42	327.88 13
189	507	491	224	179	212	161	54.31	-25.14	61.06	6641.10	11741.79	8318.78	-46.92	5.19	339.59 13
188	506	491	223	178	212	161	54.36	-25.26	60.93	6662.24	11715.90	8324.64	-3.87	-0.17	348.81 13
188	507	491	224	179	212	160	54.43	-25.39	60.82	6684.33	11705.91	8331.21	32.17	-13.66	349.02 13
188	506	490	223	178	212	161	54.41	-25.60	60.69	6711.51	11694.01	8333.25	37.81	-36.77	343.32 13
189	506	491	224	178	212	161	54.39	-25.80	60.55	6735.74	11669.91	8320.58	43.22	-55.69	326.05 13
188	506	490	223	178	212	162	54.48	-25.86	60.46	6755.55	11666.01	8308.35	59.01	-55.30	307.15 13
188	506	491	224	178	212	161	54.61	-25.86	60.43	6766.97	11668.91	8297.14	70.91	-45.09	290.39 13
188	506	490	223	179	213	161	54.71	-25.85	60.41	6773.83	11675.27	8274.08	59.01	-38.88	272.67 13
188	506	491	223	177	213	161	54.75	-25.87	60.34	6791.93	11674.10	8258.78	50.16	-26.79	263.39 13
188	506	490	223	178	213	161	54.79	-25.85	60.30	6803.94	11678.40	8244.44	37.00	-12.50	257.62 13
188	506	491	223	178	212	162	54.76	-25.85	60.25	6813.94	11670.08	8238.41	26.75	5.03	251.39 13
188	506	490	223	179	212	162	54.78	-25.83	60.20	6826.24	11668.57	8236.69	30.12	19.78	251.67 13
188	506	490	223	178	212	161	54.71	-25.80	60.16	6834.33	11663.35	8238.26	24.26	35.79	251.03 13
188	506	490	223	178	213	162	54.63	-25.74	60.13	6832.81	11648.18	8253.15	31.50	48.70	253.23 13
188	506	491	223	178	213	161	54.63	-25.74	60.11	6838.37	11648.37	8262.09	42.12	46.06	256.27 13
188	506	490	223	178	212	162	54.60	-25.79	60.09	6843.85	11651.95	8259.58	24.17	32.96	258.16 13
188	506	491	224	179	212	161	54.61	-25.92	59.99	6862.86	11638.95	8244.60	14.56	26.71	260.40 13
188	506	491	223	178	212	161	54.63	-25.95	59.92	6876.12	11627.60	8246.57	32.53	34.88	260.43 13
188	506	490	223	178	212	161	54.72	-25.97	59.91	6886.51	11642.62	8248.45	45.75	34.53	258.36 13
188	506	491	223	179	213	160	54.71	-26.02	59.86	6901.19	11645.49	8246.82	34.92	29.46	255.69 13
188	506	490	224	178	211	162	54.62	-26.12	59.79	6913.13	11632.22	8245.68	28.02	24.88	255.21 13
188	506	490	223	179	212	161	54.63	-26.17	59.68	6929.27	11611.61	8234.80	28.42	33.39	248.65 13
188	506	490	223	178	211	161	54.60	-26.23	59.58	6942.01	11586.43	8233.06	38.10	35.07	239.31 13
187	506	490	223	179	212	161	54.59	-26.28	59.55	6946.51	11583.31	8224.60	35.04	28.87	219.75 13
188	506	490	223	178	212	161	54.59	-26.32	59.52	6953.58	11579.54	8225.97	32.59	22.72	201.06 13
188	506	491	223	179	213	162	54.68	-26.37	59.51	6962.10	11591.56	8212.47	27.71	13.34	187.46 13
188	506	490	224	178	211	161	54.68	-26.38	59.47	6976.60	11595.79	8212.05	22.13	15.52	179.43 13
187	506	490	223	179	212	162	54.72	-26.37	59.43	6983.77	11591.80	8212.85	38.42	24.39	177.51 13
188	506	490	223	178	212	162	54.82	-26.37	59.44	6991.18	11609.41	8212.41	48.35	21.47	175.19 13
187	506	490	223	178	213	162	54.82	-26.43	59.42	7001.22	11616.14	8206.59	35.83	11.10	175.38 13
188	506	490	224	179	213	162	54.76	-26.52	59.31	7019.56	11599.13	8210.06	38.94	11.75	178.66 13
188	506	490	223	178	212	161	54.78	-26.61	59.23	7034.18	11588.37	8212.35	55.44	11.61	173.08 13
188	506	490	224	178	212	161	54.78	-26.73	59.12	7053.27	11572.75	8201.54	49.87	14.38	151.92 13
188	506	490	223	178	213	161	54.73	-26.78	59.03	7067.01	11551.92	8190.86	48.43	19.56	113.78 13
188	506	490	223	178	213	161	54.87	-26.72	59.03	7071.06	11562.12	8192.12	76.21	24.58	73.99 13
188	506	490	223	178	213	161	55.03	-26.56	59.17	7062.50	11608.01	8192.31	81.10	26.50	46.64 13
188	506	490	223	178	212	162	55.17	-26.45	59.33	7047.58	11652.81	8179.49	65.19	18.03	33.31 13
188	506	490	223	178	211	161	55.31	-26.38	59.43	7042.60	11691.57	8166.12	52.68	10.28	40.84 13
188	506	490	222	178	212	162	55.37	-26.40	59.49	7040.67	11713.39	8138.21	20.20	-1.34	63.15 13
188	506	490	223	178	212	161	55.28	-26.43	59.46	7041.64	11703.92	8116.70	-25.41	0.63	87.84 13
188	506	490	223	178	212	161	55.13	-26.45	59.37	7043.95	11663.73	8116.67	-26.04	10.15	120.60 13
188	506	490	223	178	212	162	55.13	-26.55	59.28	7049.56	11633.94	8153.23	22.11	11.19	159.47 13
188	506	490	223	178	212	161	55.06	-26.55	59.27	7051.48	11631.84	8174.37	37.80	1.38	184.05 13
188	506	490	223	177	212	162	54.88	-26.72	59.20	7058.70	11614.45	8187.85	8.01	-28.34	192.14 13
188	506	490	223	178	212	162	54.77	-26.91	59.05	7082.77	11586.73	8185.26	-3.24	-54.42	197.04 13
188	506	490	223	179	213	162	54.81	-27.02	58.92	7105.63	11567.79	8186.20	28.38	-54.30	200.13 13
188	506	490	224	178	213	162	54.97	-27.02	58.88	7125.95	11583.60	8180.69	49.91	-45.89	192.08 13
188	506	490	223	178	211	162	55.02	-27.05	58.87	7137.65	11600.62	8164.05	27.36	-47.29	179.32 13
188	506	490	223	178	211	161	54.97	-27.10	58.81	7154.17	11598.39	8146.05	-12.31	-40.08	161.56 13
188	506	490	223	178	213	161	55.05	-27.10	58.74	7166.26	11588.67	8140.35	1.81	-19.32	157.33 13
188	506	490	223	178	212	162	55.20	-27.05	58.73	7172.75	11592.24	8130.93	26.97	1.19	157.56 13
188	506	490	223	177	213	162	55.18	-27.08	58.71	7177.71	11594.43	8122.98	12.77	1.73	149.79 13
188	506	490	223	178	211	162	55.14	-27.19	58.63	7191.82	11582.90	8106.23	-9.97	-5.00	142.00 13
188	506	490	223	178	212	162	55.10	-27.32	58.55	7206.23	11569.96	8102.32	-25.62	-12.60	138.45 13
188	506	490	223	178	212	162	55.07	-27.52	58.45	7226.52	11558.86	8081.01	-52.94	-30.62	127.47 13
188	506	490	223	178	211	161	54.92	-27.62	58.34	7238.59	11530.32	8074.76	-77.49	-29.34	112.85 13
188	506	490	223	178	212	161	54.91	-27.61	58.30	7237.46	11513.60	8088.42	-54.12	-17.77	99.41 13
188	506	490	223	177	211	161	54.99	-27.50	58.36	7228.79	11523.72	8096.20	-32.46	-10.54	86.19 13
188	506	490	223	178	212	161	54.84	-27.44	58.41	7222.75	11536.74	8116.99	-51.74	-16.21	77.58 13
188	506	490	224	178	213	161	54.59	-27.41	58.42	7217.01	11530.90	8145.74	-72.45	-32.20	62.80 13
187	506	490	223	178	213	162	54.48	-27.37	58.45	7209.36	11531.35	8180.45	-61.28	-48.49	49.76 13
188	506	490	223	178	212	162	54.47	-27.41	58.47	7211.90	11542.79	8194.03	-55.17	-73.31	40.72 13
188	506	490	223	178	212	161	54.46	-27.43	58.45	7217.30	11544.65	8210.53	-36.16	-86.90	41.23 13
188	506	489	223	178	212	160	54.55	-27.53	58.39	7232.64	11543.61	8206.00	-14.35	-98.70	29.12 13
188	506	490	223	178	213	163	54.57	-27.61	58.33	7246.40	11539.03	8198.10	-10.73	-106.32	15.47 13
188	506	489	223	178	212	162	54.65	-27.65	58.30	7247.48	11526.28	8180.59	2.10	-109.05	0.39 13
188	506	489	223	178	212	160	54.77	-27.66	58.29	7248.31	11522.17	8159.16	14.25	-105.90	-15.53 13
188	506	490	223	178	212	162	54.87	-27.61	58.31	7242.09	11523.46	8142.41	21.74	-98.70	-28.90 13
187	506	489	223	178	213	162	54.99	-27.59	58.33	7245.39	11537.09	8119.29	18.20	-89.02	-33.35 13
188	506	490	223	178	214	161	55.03	-27.57	58.33	7245.32	11537.43	8102.12	16.94	-78.17	-31.89 13
187	506	489	223	178	213	162	55.18	-27.54	58.35	7246.25	11548.76	8079.61	27.69	-68.11	-22.69 13
188	506	489	223	178	212	162	55.25	-27.56	58.35	7257.94	11563.12	8059.83	10.76	-60.50	-17.01 13
188	506	489	223	178	213	162	55.27	-27.55	58.31	7266.64	11562.76	8050.24	2.32	-40.18	-1.16 13
188	506	489	223	178	213	162	55.31	-27.53	58.26	7275.11	11555.63	8036.93	4.95	-17.77	8.60 13
188	506	489	223	177	214	161	55.31	-27.53	58.18	7293.16	11549.44	8028.68	0.86	1.42	16.82 13
188	506	489	223	178	213	162	55.25	-27.52	58.11	7307.70	11543.77	8036.05	-0.64	20.60	24.43 13
188	506	489	223	178	213	162	55.22	-27.44	58.14	7304.91	11548.38	8041.05	-7.60	31.82	26.06 13
188	507	489	223	178	213	162	55.09	-27.40	58.14	7304.47	11550.56	8059.59	-15.82	34.28	21.20 13
187	506	489	223	178	213	162	55.04	-27.42	58.14	7307.04	11555.24	8079.21	-18.53	22.51	13.69 13
188	506	489	223	178	213	162	54.96	-27.47	58.13	7311.89	11558.07	8082.65	-34.61	8.54	1.81 13
188	506	490	223	178	213	162	54.97	-27.53	58.10	7317.30	11553.17	8085.12	-23.28	-1.59	-10.43 13
188	506	489	223	178	212	162	55.03	-27.55	58.06	7332.23	11560.31	8086.86	-5.96	-8.51	-25.56 13
188	506	489	223	177	212	162	55.08	-27.55	58.05	7341.62	11569.90	8083.12	-5.86	-14.93	-45.83 13
188	506	489	223	177	212	161	55.14	-27.52	58.08	7334.34	11572.40	8082.16	8.63	-15.69	-61.39 13
188	506	489	223	178	213	162	55.23	-27.53	58.11	7333.22	11584.38	8065.06	7.30	-25.75	-77.47 13
188	506	489	223	178	213	162	55.24	-27.57	58.15	7326.36	11591.76	8052.40	-22.97	-39.47	-90.65 13
187	507	489	223	177	212	163	55.25	-27.58	58.19	7317.64	11593.17	8030.98	-35.47	-48.09	-90.36 13
188	506	490	223	178	212	162	55.24	-27.52	58.23	7308.36	11594.71	8026.43	-44.60	-41.64	-80.95 13
188	506	489	223	178	213	162	55.23	-27.46	58.25	7300.74	11590.78	8038.31	-35.52	-33.51	-72.80 13
188	506	489	223	178	213	162	55.25	-27.45	58.25	7309.70	11603.64	8038.80	-38.14	-27.08	-67.26 13
188	506	490	223	178	213	164	55.22	-27.47	58.23	7309.42	11595.06	8024.46	-59.53	-20.88	-65.00 13
188	506	489	223	178	212	162	55.17	-27.50	58.18	7309.15	11574.50	8018.43	-60.56	-14.38	-65.85 13
188	507	490	223	178	212	162	55.17	-27.50	58.17	7308.69	11568.38	8018.11	-59.53	-12.91	-72.90 13
188	506	489	223	178	213	162	55.14	-27.46	58.19	7305.86	11573.36	8009.41	-72.50	-9.22	-84.21 13
188	506	489	223	177	213	164	55.12	-27.45	58.20	7304.16	11578.89	8007.34	-85.08	-10.21	-89.15 13
187	506	489	223	178	211	163	55.10	-27.44	58.20	7308.76	11583.55	8006.57	-91.77	-8.40	-89.34 13
188	506	490	223	178	213	162	55.10	-27.45	58.18	7311.72	11576.17	8011.64	-88.28	-9.53	-89.97 13
188	507	489	223	178	213	163	55.02	-27.50	58.10	7323.13	11563.36	8022.26	-85.67	-4.55	-98.77 13
188	506	489	223	178	213	163	54.97	-27.54	58.03	7329.97	11542.99	8034.75	-62.14	-1.77	-118.69 13
188	506	489	223	178	213	163	55.04	-27.57	57.98	7339.08	11535.44	8039.41	-32.03	3.72	-147.20 13
188	506	489	223	178	212	163	55.19	-27.49	58.04	7333.12	11553.47	8036.24	-10.38	9.18	-181.64 13
188	506	489	223	178	212	163	55.30	-27.43	58.18	7320.27	11595.00	8024.23	-30.86	-7.98	-218.71 13
188	507	489	223	178	214	162	55.20	-27.42	58.27	7315.45	11625.85	8009.01	-95.17	-23.68	-237.47 13
189	506	489	223	178	213	163	54.96	-27.49	58.23	7308.08	11594.15	8005.16	-138.11	-31.70	-253.30 13
188	506	489	223	178	212	163	54.88	-27.53	58.20	7306.08	11578.65	8013.91	-136.55	-39.91	-273.99 13
188	506	489	223	178	212	162	54.80	-27.50	58.23	7288.37	11565.71	8026.21	-133.08	-53.87	-297.49 13
188	507	489	223	178	214	162	54.76	-27.43	58.40	7255.75	11582.43	8036.70	-146.52	-87.27	-324.76 13
188	507	489	223	178	213	162	54.78	-27.39	58.50	7239.77	11604.71	8042.26	-155.65	-108.81	-336.42 13
188	507	489	223	178	213	163	54.86	-27.27	58.61	7228.38	11631.27	8047.95	-139.11	-119.07	-330.45 13
188	507	489	223	178	212	163	54.99	-27.19	58.68	7221.36	11655.51	8048.95	-125.86	-118.22	-318.58 13
187	507	489	222	178	212	163	55.09	-27.16	58.70	7221.29	11663.73	8049.11	-109.31	-113.35	-299.55 13
188	506	489	222	178	213	163	55.19	-27.19	58.68	7226.43	11659.35	8041.45	-88.70	-107.59	-281.77 13
188	507	489	222	178	212	163	55.28	-27.20	58.64	7235.70	11658.78	8023.98	-81.96	-91.96	-277.28 13
188	506	489	223	178	212	163	55.41	-27.13	58.65	7235.92	11662.04	8014.78	-62.02	-65.06	-277.87 13
188	507	489	222	178	212	163	55.50	-26.99	58.72	7229.32	11682.94	8008.24	-65.06	-42.51	-283.03 13
188	507	489	223	178	212	163	55.47	-26.90	58.76	7221.26	11689.39	8005.83	-78.86	-25.73	-279.93 13
188	507	489	222	178	213	163	55.47	-26.78	58.78	7210.39	11678.72	8003.14	-66.57	0.21	-266.78 13
187	507	489	223	178	212	163	55.55	-26.65	58.80	7198.27	11669.38	8007.78	-28.04	30.15	-257.54 13
187	506	489	222	177	212	162	55.71	-26.50	58.85	7185.56	11669.91	8014.79	23.66	59.69	-241.86 13
188	506	489	223	178	212	163	55.87	-26.48	58.87	7178.08	11665.62	8002.05	61.73	74.95	-223.62 13
188	506	489	222	177	213	164	55.94	-26.61	58.81	7175.58	11634.74	7978.95	80.69	77.56	-209.64 13
187	506	489	223	178	213	163	56.01	-26.78	58.62	7181.80	11559.20	7958.40	152.81	92.33	-207.61 13
187	507	489	222	178	211	162	56.47	-26.69	58.51	7188.51	11523.44	7956.28	311.32	143.01	-216.18 13
188	507	489	223	178	212	163	56.95	-26.35	58.73	7165.08	11581.47	7969.27	420.70	179.16	-245.82 13
188	507	489	223	178	213	163	56.92	-26.04	59.13	7127.63	11697.39	7989.40	357.32	165.50	-280.93 13
188	507	489	222	177	212	163	56.47	-25.99	59.39	7095.05	11760.52	8001.53	201.50	108.18	-308.98 13
188	507	489	222	178	212	162	56.22	-26.06	59.49	7080.50	11781.10	7998.46	107.23	68.17	-313.78 13
187	507	489	222	178	213	163	56.35	-26.05	59.51	7083.87	11795.24	7993.93	124.06	62.46	-292.79 13
188	507	489	222	178	213	163	56.61	-25.97	59.59	7077.48	11824.08	7980.04	159.16	71.49	-270.35 13
188	507	489	222	177	212	163	56.78	-25.91	59.67	7067.60	11843.68	7966.23	170.05	77.71	-259.79 13
188	507	489	222	178	212	163	56.87	-25.87	59.71	7064.02	11857.89	7953.12	173.75	86.28	-247.80 13
188	507	489	223	177	212	162	56.97	-25.81	59.78	7058.82	11877.20	7933.47	165.71	94.71	-238.91 13
188	506	489	223	178	213	163	56.95	-25.75	59.82	7051.88	11885.14	7920.79	142.73	108.08	-234.96 13
187	507	489	223	178	212	162	56.94	-25.67	59.87	7033.89	11878.68	7911.55	138.84	121.52	-223.31 13
188	507	489	222	177	212	163	56.95	-25.56	59.94	7013.79	11874.15	7915.18	153.05	135.35	-210.15 13
187	507	489	222	178	213	163	56.95	-25.48	60.01	6994.50	11877.44	7918.42	160.35	137.53	-196.14 13
188	507	489	223	178	213	163	56.88	-25.52	60.04	6983.38	11867.97	7917.70	141.33	121.70	-189.63 13
187	507	489	223	178	213	162	56.80	-25.58	60.00	6978.81	11844.57	7914.01	133.11	111.27	-188.05 13
188	507	489	222	178	213	163	56.84	-25.61	59.99	6977.47	11835.74	7911.51	145.41	110.26	-194.15 13
188	507	489	222	178	213	162	56.94	-25.56	60.09	6963.39	11857.35	7902.74	149.39	102.34	-204.59 13
188	507	489	222	178	212	162	56.97	-25.58	60.18	6951.42	11881.29	7891.20	120.02	81.93	-216.56 13
188	507	489	222	178	213	162	56.90	-25.55	60.26	6932.25	11884.42	7885.04	94.02	68.38	-230.53 13
188	507	489	222	178	213	162	57.01	-25.56	60.30	6928.04	11894.00	7877.79	105.77	60.81	-238.66 13
187	507	489	223	178	212	163	57.13	-25.51	60.36	6920.04	11907.70	7869.30	124.33	60.12	-238.97 13
188	507	488	222	178	212	162	57.25	-25.48	60.43	6912.64	11930.91	7858.03	129.61	55.11	-241.38 13
188	507	489	222	178	212	162	57.34	-25.49	60.50	6895.40	11931.17	7844.33	122.18	50.76	-250.91 13
187	507	488	222	178	213	162	57.43	-25.48	60.54	6883.83	11931.81	7815.91	116.72	50.47	-265.21 13
187	507	489	222	178	212	162	57.61	-25.45	60.58	6872.04	11928.22	7789.52	136.64	56.70	-279.25 13
188	507	489	223	178	212	163	57.86	-25.38	60.57	6863.84	11908.21	7778.84	220.65	81.66	-287.94 13
187	507	489	223	178	213	163	58.33	-25.21	60.59	6858.85	11908.40	7769.30	345.07	131.28	-297.99 13
188	507	489	223	178	213	163	58.90	-24.89	60.77	6839.71	11958.58	7754.83	457.42	180.01	-302.04 13
187	507	489	223	178	213	163	59.09	-24.54	61.09	6797.12	12038.65	7744.89	462.55	205.21	-305.99 13
187	507	489	222	178	212	163	58.86	-24.45	61.29	6769.26	12084.32	7742.45	375.12	183.35	-309.69 13
188	507	489	222	178	211	162	58.67	-24.51	61.33	6765.20	12094.90	7732.92	308.01	162.94	-301.06 13
188	507	489	223	178	212	162	58.69	-24.43	61.38	6754.14	12100.36	7728.68	314.01	176.84	-280.90 13
188	507	489	222	176	213	163	58.83	-24.28	61.51	6734.23	12125.54	7730.24	342.11	192.15	-257.76 13
187	507	489	223	178	212	162	58.86	-24.26	61.58	6725.52	12144.86	7724.53	334.46	190.24	-237.27 13
188	507	489	223	178	212	162	58.82	-24.31	61.57	6725.85	12137.22	7724.51	337.78	185.73	-219.01 13
188	507	489	222	178	212	163	58.89	-24.32	61.54	6723.55	12121.95	7718.68	367.99	192.19	-215.61 13
188	507	489	222	177	213	162	59.08	-24.27	61.55	6714.58	12111.86	7711.95	434.99	206.93	-220.13 13
188	507	489	222	178	212	162	59.41	-24.16	61.61	6704.45	12123.06	7708.15	517.74	220.24	-225.87 13
187	507	489	223	178	212	162	59.71	-24.04	61.73	6688.62	12149.31	7696.74	578.51	229.22	-237.08 13
187	508	489	222	178	213	163	59.99	-23.94	61.87	6668.99	12182.85	7671.50	608.48	228.51	-245.92 13
187	507	488	222	178	213	162	60.19	-23.86	62.03	6645.74	12216.10	7638.73	614.41	220.44	-251.58 13
188	507	489	222	178	213	162	60.37	-23.81	62.13	6627.26	12235.70	7609.79	623.44	216.96	-251.30 13
188	507	489	222	178	212	162	60.62	-23.73	62.24	6613.49	12261.51	7581.30	644.97	218.07	-241.48 13
187	507	488	222	177	212	162	60.88	-23.67	62.33	6602.22	12287.84	7549.04	667.67	222.36	-230.36 13
188	507	489	222	178	213	162	61.07	-23.63	62.45	6583.91	12313.65	7517.18	677.98	214.89	-222.39 13
187	507	488	222	178	213	162	61.20	-23.61	62.56	6571.51	12346.36	7486.12	662.48	204.00	-220.97 13
187	507	489	222	178	212	162	61.34	-23.63	62.62	6565.14	12367.84	7451.62	651.36	195.50	-219.07 13
187	507	489	222	178	211	162	61.48	-23.56	62.69	6556.48	12385.25	7432.24	659.99	200.78	-217.12 13
187	507	489	222	178	213	162	61.69	-23.47	62.79	6543.26	12410.59	7409.63	685.64	208.19	-212.16 13
188	507	489	222	178	213	162	61.94	-23.42	62.89	6539.09	12455.86	7391.34	713.31	209.78	-198.25 13
188	507	488	222	178	212	162	62.10	-23.36	63.02	6522.34	12490.87	7366.78	713.90	202.04	-190.99 13
188	507	488	222	178	212	163	62.27	-23.27	63.14	6500.22	12508.72	7349.84	746.75	205.39	-179.69 13
188	507	488	222	178	213	162	62.51	-23.14	63.29	6480.61	12548.29	7326.75	773.01	212.27	-168.11 13
187	507	488	222	178	211	162	62.69	-23.06	63.42	6462.58	12581.67	7296.41	771.66	220.00	-155.50 13
188	507	488	222	178	213	162	62.78	-22.94	63.49	6455.25	12603.79	7263.59	759.43	239.70	-141.33 13
187	507	488	222	177	212	163	62.96	-22.81	63.55	6446.69	12621.40	7242.01	782.56	269.47	-121.36 13
188	507	489	222	177	211	162	63.19	-22.66	63.66	6439.55	12667.93	7215.31	797.93	298.69	-93.09 13
188	507	489	222	178	213	162	63.27	-22.59	63.75	6433.97	12699.33	7177.94	770.53	309.26	-62.39 13
188	507	488	222	178	213	163	63.23	-22.57	63.77	6430.48	12705.76	7153.45	740.71	322.90	-42.47 13
188	507	488	222	178	212	162	63.34	-22.52	63.82	6422.55	12719.68	7127.37	740.02	335.45	-18.35 13
187	507	488	222	178	212	162	63.43	-22.52	63.87	6419.62	12740.09	7089.20	719.17	339.88	4.37 13
188	507	488	222	177	213	163	63.44	-22.53	63.94	6415.04	12769.89	7053.34	659.36	333.24	22.55 13
187	507	488	222	179	212	163	63.32	-22.61	63.95	6421.49	12787.99	7002.68	559.49	330.32	39.08 13
187	507	488	222	178	214	163	63.21	-22.65	63.92	6423.02	12773.39	6957.94	487.72	349.21	53.62 13
187	507	488	222	178	212	162	63.25	-22.56	63.88	6430.87	12768.52	6935.05	481.48	402.25	71.14 13
187	507	488	222	178	213	163	63.38	-22.37	63.92	6427.32	12782.50	6905.69	482.86	455.38	86.03 13
188	507	488	222	178	212	162	63.36	-22.24	63.96	6427.16	12806.37	6898.41	460.02	494.67	102.23 13
187	507	488	222	177	214	162	63.23	-22.16	63.98	6422.20	12805.45	6899.49	436.22	519.68	113.17 13
187	507	488	222	177	212	163	63.19	-22.12	63.99	6418.09	12804.58	6898.91	432.15	533.20	117.66 13
187	507	488	222	177	213	163	63.18	-22.06	64.06	6412.98	12827.35	6898.17	418.10	543.64	121.58 13
188	507	488	222	178	213	163	63.09	-22.00	64.13	6401.53	12844.98	6905.66	392.74	547.86	131.35 13
188	507	488	222	178	213	163	63.04	-21.95	64.15	6399.46	12855.54	6910.98	374.35	558.76	144.68 13
187	507	488	222	178	213	162	63.04	-21.92	64.19	6391.08	12860.96	6900.83	362.94	564.73	159.30 13
187	507	488	222	178	213	163	63.05	-21.84	64.23	6382.53	12860.51	6885.99	347.49	586.89	170.43 13
187	507	488	222	178	212	162	63.06	-21.71	64.27	6369.80	12858.88	6879.29	348.67	615.29	187.31 13
187	507	488	222	178	213	163	63.08	-21.62	64.31	6365.91	12870.74	6873.52	342.18	642.98	198.70 13
188	507	488	222	178	212	164	63.03	-21.52	64.32	6362.62	12872.60	6871.65	332.22	673.23	208.56 13
188	507	488	222	178	212	162	63.03	-21.44	64.31	6361.69	12864.57	6873.06	340.56	708.87	225.23 13
187	507	488	222	178	213	163	62.99	-21.36	64.30	6361.40	12858.94	6872.61	342.63	738.18	233.97 13
187	507	488	222	177	212	162	62.91	-21.32	64.34	6352.13	12860.20	6873.18	339.70	752.17	234.47 13
187	507	488	222	178	213	163	62.94	-21.26	64.43	6329.33	12864.39	6886.32	351.77	756.01	237.05 13
188	506	488	222	177	213	162	62.94	-21.22	64.49	6317.06	12875.97	6889.00	355.93	751.96	240.65 13
187	507	488	222	178	213	163	62.89	-21.25	64.51	6314.81	12875.77	6883.75	343.23	736.91	240.21 13
188	506	488	222	178	212	163	62.84	-21.28	64.52	6305.07	12863.18	6881.37	338.37	727.66	232.90 13
188	507	488	222	177	213	162	62.99	-21.33	64.55	6297.81	12862.42	6874.10	361.60	713.28	229.46 13
187	507	488	222	178	213	163	63.10	-21.32	64.63	6287.32	12888.70	6853.99	350.57	699.52	227.89 13
188	507	488	222	177	213	162	63.18	-21.30	64.69	6278.36	12901.86	6831.89	331.49	690.24	235.34 13
188	506	488	222	178	212	163	63.23	-21.29	64.72	6266.24	12895.57	6815.10	329.57	688.18	248.62 13
187	507	488	222	178	213	163	63.22	-21.30	64.69	6271.13	12890.39	6816.94	336.54	695.57	269.54 13
187	507	488	222	178	213	162	63.18	-21.26	64.72	6263.57	12887.07	6816.70	331.26	693.89	284.52 13
187	507	488	222	178	213	162	63.11	-21.31	64.78	6246.39	12886.12	6808.66	298.50	675.50	290.29 13
187	507	488	222	178	212	163	63.03	-21.39	64.78	6247.47	12889.21	6806.03	279.53	661.52	294.28 13
187	506	488	222	178	212	162	63.01	-21.39	64.79	6255.10	12912.35	6802.73	269.65	663.85	304.21 13
188	507	488	222	178	214	163	62.97	-21.36	64.81	6251.14	12915.13	6810.79	265.32	673.90	318.00 13
188	507	488	222	178	213	162	62.96	-21.38	64.79	6258.38	12918.18	6818.25	274.15	676.41	331.80 13
188	507	488	222	177	214	163	62.86	-21.46	64.78	6261.47	12917.47	6832.34	265.89	668.14	341.91 13
187	507	488	222	177	212	163	62.75	-21.54	64.72	6268.79	12902.00	6841.32	259.95	661.78	334.02 13
187	506	488	222	178	213	163	62.77	-21.52	64.73	6264.75	12898.70	6839.26	276.40	663.49	327.26 13
188	506	488	222	178	213	163	62.80	-21.50	64.76	6263.71	12912.56	6837.89	274.03	664.57	322.70 13
188	507	488	221	178	213	162	62.81	-21.48	64.74	6265.33	12905.53	6838.00	271.73	672.74	320.77 13
188	507	488	222	177	213	163	62.77	-21.43	64.71	6264.86	12885.26	6858.90	308.74	692.70	317.08 13
187	507	488	222	176	212	163	62.83	-21.37	64.76	6253.42	12890.99	6872.95	336.16	694.92	309.92 13
188	506	488	222	177	213	162	62.78	-21.42	64.80	6242.35	12889.64	6875.91	330.45	666.97	296.38 13
187	506	488	222	178	213	163	62.76	-21.57	64.77	6242.03	12871.76	6875.51	337.83	636.02	281.86 13
187	506	487	222	178	213	163	62.86	-21.64	64.80	6234.33	12873.57	6874.93	363.63	602.97	268.67 13
188	507	488	221	177	213	163	62.96	-21.80	64.80	6237.01	12881.49	6865.19	374.00	558.67	256.13 13
187	507	488	221	177	212	163	63.10	-21.95	64.84	6236.36	12898.22	6856.53	382.75	505.49	240.63 13
188	507	488	222	177	213	163	63.29	-22.08	64.91	6231.34	12928.31	6825.90	375.91	453.01	228.29 13
187	507	488	222	178	213	163	63.50	-22.22	64.96	6233.38	12960.29	6783.81	368.22	411.36	229.53 13
187	507	488	222	178	213	163	63.79	-22.26	64.96	6241.51	12978.68	6746.02	393.71	408.70	247.35 13
187	507	488	222	178	213	163	63.95	-22.27	64.94	6251.63	12990.74	6730.32	416.97	414.91	263.24 13
188	507	488	222	178	214	162	63.99	-22.28	64.91	6260.45	12990.01	6723.20	423.67	422.32	265.72 13
187	506	487	222	177	214	163	63.94	-22.29	64.91	6262.63	12997.51	6717.24	418.19	413.80	249.89 13
187	506	487	222	178	213	163	63.98	-22.27	64.94	6259.10	13008.03	6709.78	412.83	411.36	234.69 13
188	507	487	222	178	213	163	64.11	-22.19	65.04	6249.34	13041.03	6695.09	414.14	407.04	226.81 13
188	507	488	222	177	213	162	64.15	-22.18	65.04	6255.47	13054.78	6679.33	403.08	412.54	230.32 13
188	507	487	222	178	213	163	64.20	-22.21	64.99	6262.30	13042.44	6669.17	417.03	419.71	233.30 13
187	506	487	222	178	213	163	64.29	-22.24	64.97	6272.79	13049.52	6651.91	414.33	422.43	228.49 13
187	506	487	222	178	213	162	64.26	-22.29	64.94	6276.55	13041.04	6628.91	383.81	423.46	216.91 13
188	506	487	221	178	213	163	64.30	-22.27	64.93	6273.12	13028.19	6607.27	383.02	432.33	200.37 13
187	507	488	221	177	213	164	64.41	-22.18	64.98	6268.06	13049.58	6592.70	389.42	443.77	187.85 13
187	506	487	222	178	213	163	64.50	-22.11	65.05	6261.06	13073.70	6563.67	360.60	448.23	176.96 13
187	506	487	221	177	213	163	64.44	-22.07	65.09	6249.81	13072.21	6547.48	323.22	449.82	170.41 13
187	507	487	221	177	214	163	64.46	-22.02	65.08	6246.72	13062.20	6540.71	337.61	459.83	176.94 13
187	506	487	222	178	213	164	64.42	-22.02	65.12	6240.58	13070.69	6536.27	328.13	454.53	188.94 13
187	506	487	222	178	213	162	64.19	-22.10	65.13	6231.55	13054.36	6542.26	284.62	426.81	184.94 13
188	506	487	222	177	213	162	64.09	-22.24	65.09	6236.57	13042.84	6541.15	261.49	399.52	182.95 13
188	506	487	222	177	212	163	64.06	-22.32	65.08	6242.34	13049.90	6538.29	246.71	380.24	178.80 13
187	507	487	222	177	213	164	63.98	-22.40	65.05	6253.23	13058.20	6539.58	221.83	365.63	170.56 13
187	506	487	222	178	213	163	63.97	-22.35	65.07	6252.17	13067.09	6542.40	219.24	370.85	163.63 13
187	506	487	221	178	213	162	64.12	-22.33	65.12	6254.16	13096.34	6526.48	213.73	368.36	156.00 13
187	506	487	221	177	213	163	64.03	-22.35	65.09	6265.45	13107.12	6519.75	177.54	371.14	156.30 13
187	506	487	221	178	213	163	63.97	-22.35	65.02	6272.78	13081.56	6510.77	170.76	388.33	148.94 13
187	506	487	222	178	213	162	64.06	-22.23	65.03	6271.74	13082.48	6514.83	203.52	412.41	142.14 13
187	506	487	221	178	213	163	64.07	-22.17	65.11	6262.55	13113.16	6510.69	179.90	401.39	142.33 13
187	506	487	221	178	214	163	63.71	-22.30	65.10	6258.02	13100.90	6499.95	78.70	366.82	129.96 13
187	506	487	221	178	213	163	63.47	-22.40	65.03	6256.52	13052.06	6508.95	50.42	355.73	121.77 13
187	506	487	221	178	212	163	63.56	-22.33	65.07	6247.90	13054.85	6516.51	83.55	360.70	120.53 13
187	506	487	221	177	214	162	63.61	-22.27	65.13	6239.90	13075.31	6512.88	76.32	356.16	116.50 13
187	506	487	222	177	213	163	63.59	-22.26	65.17	6239.51	13098.35	6515.44	47.95	343.80	122.63 13
188	506	487	221	177	213	163	63.55	-22.25	65.14	6248.33	13100.63	6516.46	24.76	348.71	133.35 13
187	506	487	222	177	213	163	63.61	-22.24	65.12	6255.11	13101.20	6505.24	26.22	360.48	143.88 13
187	506	487	221	178	213	162	63.72	-22.19	65.11	6259.16	13107.54	6502.38	47.86	380.35	153.98 13
187	506	487	222	177	212	163	63.78	-22.12	65.12	6267.60	13126.56	6515.06	68.86	399.69	163.59 13
187	506	487	221	177	213	163	63.72	-22.16	65.07	6279.22	13126.63	6534.51	79.47	403.70	164.01 13
187	506	487	221	177	212	162	63.61	-22.17	65.02	6285.06	13108.50	6554.58	87.65	409.92	154.81 13
187	506	487	222	177	212	163	63.60	-22.20	65.00	6283.01	13091.28	6569.25	119.07	403.57	140.22 13
187	506	487	221	177	212	162	63.63	-22.16	65.04	6275.26	13100.11	6589.99	149.36	394.34	123.20 13
187	506	487	221	178	213	163	63.66	-22.15	65.13	6260.29	13117.91	6608.09	165.19	365.42	107.14 13
188	506	487	221	177	213	164	63.68	-22.23	65.18	6249.48	13121.41	6600.89	156.63	330.70	101.29 13
187	506	487	221	178	212	162	63.78	-22.33	65.19	6240.80	13109.14	6595.84	182.90	292.57	101.12 13
187	506	487	221	178	212	162	63.95	-22.45	65.20	6238.96	13110.88	6580.05	210.26	259.59	99.77 13
187	506	487	222	177	213	164	64.12	-22.53	65.24	6234.82	13125.94	6563.45	227.54	226.46	103.28 13
188	506	487	221	177	212	163	64.24	-22.68	65.24	6238.07	13137.84	6543.27	224.07	183.94	112.66 13
187	506	486	221	177	213	163	64.32	-22.86	65.20	6247.77	13132.15	6523.11	226.11	151.09	117.73 13
187	506	487	221	177	212	163	64.55	-23.00	65.20	6256.58	13151.74	6482.56	232.91	121.54	120.74 13
187	506	486	221	177	212	163	64.62	-23.12	65.14	6275.55	13157.16	6457.23	217.81	109.46	120.46 13
187	506	487	222	177	213	163	64.63	-23.17	65.14	6275.98	13158.70	6459.57	222.87	85.79	110.03 13
187	506	486	221	177	213	163	64.56	-23.26	65.18	6266.98	13161.56	6476.39	225.23	43.85	85.18 13
186	506	486	221	177	213	163	64.51	-23.48	65.16	6272.23	13162.08	6484.17	218.92	-10.40	53.97 13
187	506	486	221	178	212	163	64.52	-23.65	65.12	6276.02	13148.58	6480.76	217.67	-50.18	33.52 13
187	506	487	221	177	212	163	64.72	-23.80	65.11	6286.82	13161.75	6449.72	225.59	-87.02	11.70 13
187	506	486	221	177	213	163	64.90	-23.85	65.13	6290.27	13185.26	6417.63	221.21	-110.47	-3.24 13
187	506	486	221	178	214	163	65.11	-23.86	65.17	6292.96	13208.20	6389.55	229.85	-114.94	5.23 13
187	506	486	221	177	212	163	65.22	-23.81	65.19	6292.11	13225.59	6362.87	218.06	-110.60	14.16 13
187	506	486	221	177	212	163	65.27	-23.77	65.18	6293.51	13222.91	6345.13	214.70	-99.12	26.31 13
187	506	486	221	178	213	163	65.34	-23.67	65.23	6290.43	13242.36	6327.67	199.47	-90.01	41.84 13
187	506	486	221	177	213	164	65.35	-23.59	65.32	6283.51	13279.65	6278.89	127.24	-98.46	61.90 13
187	506	486	222	178	213	163	65.26	-23.53	65.36	6275.13	13287.26	6248.75	59.93	-88.14	100.60 13
187	506	486	221	177	212	164	65.10	-23.47	65.37	6275.78	13295.30	6250.11	15.39	-79.58	161.42 13
187	506	486	221	177	212	164	64.76	-23.59	65.31	6292.39	13292.33	6245.80	-82.53	-91.70	216.55 13
187	506	486	221	177	212	163	64.07	-23.90	65.13	6318.97	13240.72	6263.51	-220.76	-117.62	242.47 13
187	505	487	221	177	213	164	63.38	-24.27	64.90	6349.42	13176.68	6279.74	-348.32	-145.28	240.40 13
187	506	486	221	177	212	164	62.94	-24.58	64.66	6385.75	13111.85	6304.15	-397.90	-158.22	228.28 13
186	505	486	221	177	211	163	62.88	-24.64	64.52	6412.26	13087.85	6324.34	-368.91	-143.96	207.02 13
187	506	486	221	177	213	164	62.90	-24.53	64.49	6429.65	13105.06	6350.52	-346.26	-118.56	191.32 13
186	506	486	221	177	213	164	62.79	-24.47	64.44	6445.16	13110.21	6374.20	-359.75	-103.83	172.00 13
187	506	487	221	177	211	164	62.68	-24.50	64.37	6463.11	13107.90	6392.69	-372.26	-95.49	150.35 13
187	506	486	221	177	213	164	62.66	-24.44	64.37	6463.95	13107.50	6410.05	-362.75	-88.67	135.23 13
187	506	486	221	177	212	164	62.65	-24.43	64.38	6462.75	13116.33	6424.55	-358.16	-90.48	125.87 13
187	506	486	221	178	212	164	62.43	-24.43	64.41	6468.62	13143.11	6435.32	-430.95	-107.56	113.83 13
186	505	486	221	177	212	164	61.94	-24.59	64.31	6481.79	13114.55	6451.76	-538.01	-134.63	106.74 13
187	505	486	221	178	212	164	61.61	-24.80	64.12	6497.90	13039.43	6470.17	-570.81	-142.05	108.75 13
186	506	486	221	177	212	164	61.66	-24.89	63.96	6520.40	12995.86	6478.46	-526.37	-126.80	104.81 13
187	506	486	221	177	213	164	61.71	-24.85	63.92	6528.98	12991.26	6493.34	-506.60	-113.36	95.62 13
187	506	486	221	177	213	164	61.50	-24.84	63.95	6530.13	13010.30	6509.87	-567.57	-130.09	77.19 13
187	506	486	221	177	212	164	61.15	-24.90	63.93	6532.43	13001.18	6533.38	-649.24	-151.74	61.88 13
187	506	486	221	177	212	163	60.99	-24.94	63.87	6530.00	12965.33	6542.91	-664.93	-154.60	62.44 13
187	506	486	221	177	213	164	61.06	-24.94	63.83	6537.30	12957.06	6551.36	-643.43	-135.52	69.81 13
187	506	486	221	177	212	164	60.99	-24.89	63.75	6553.24	12944.00	6575.39	-632.31	-109.24	81.47 13
187	505	486	221	177	212	164	60.92	-24.88	63.68	6563.18	12929.60	6598.82	-630.34	-93.53	84.80 13
186	505	486	221	177	211	164	60.86	-24.85	63.62	6574.42	12917.32	6611.08	-629.13	-74.10	85.56 13
187	506	486	221	178	212	164	60.80	-24.78	63.54	6586.50	12893.66	6634.53	-602.82	-44.60	96.88 13
187	505	486	221	177	213	163	60.74	-24.71	63.46	6597.97	12874.18	6670.60	-565.88	-12.47	105.34 13
187	505	486	221	177	212	164	60.56	-24.61	63.41	6599.67	12852.67	6709.87	-552.69	14.45	101.82 13
187	506	485	221	177	211	164	60.37	-24.60	63.34	6602.29	12819.63	6747.58	-540.55	28.08	96.93 13
187	506	486	221	177	212	163	60.18	-24.56	63.28	6603.17	12788.05	6783.80	-528.42	38.68	84.43 13
187	505	486	221	177	212	164	60.15	-24.51	63.28	6596.82	12773.65	6807.41	-509.20	37.19	65.36 13
187	505	486	221	177	212	164	60.09	-24.49	63.30	6593.57	12777.17	6826.24	-505.89	30.53	50.29 13
187	506	486	221	178	212	164	60.01	-24.54	63.28	6600.10	12784.31	6835.53	-534.40	16.01	45.23 13
186	506	486	222	177	211	164	59.82	-24.59	63.29	6602.69	12788.09	6841.95	-593.68	-0.54	37.27 13
187	506	486	221	177	212	163	59.50	-24.65	63.25	6604.96	12775.29	6859.25	-666.49	-20.27	28.75 13
187	506	486	222	177	213	164	59.30	-24.71	63.22	6605.31	12757.52	6873.49	-699.37	-35.30	35.52 13
187	505	486	221	178	213	164	59.27	-24.72	63.13	6611.04	12720.65	6889.62	-676.65	-24.04	57.69 13
187	505	486	221	178	212	164	59.30	-24.64	63.04	6618.29	12687.61	6915.53	-619.37	8.21	83.66 13
187	505	485	222	177	212	164	59.11	-24.56	63.00	6628.38	12686.63	6932.96	-646.05	35.65	84.37 13
186	506	486	221	177	213	164	58.71	-24.62	62.91	6630.16	12640.10	6968.71	-680.95	39.32	80.75 13
187	506	486	222	177	212	164	58.55	-24.65	62.81	6634.45	12600.70	7006.67	-658.10	45.71	71.52 13
187	506	486	221	178	212	164	58.57	-24.63	62.77	6636.33	12582.06	7046.54	-609.89	52.17	68.54 13
187	506	486	222	177	212	164	58.65	-24.63	62.77	6635.91	12581.56	7084.61	-563.25	50.96	69.11 13
186	505	486	221	178	213	164	58.54	-24.67	62.75	6632.11	12565.48	7116.78	-539.09	45.31	70.56 13
187	506	485	221	178	211	164	58.52	-24.70	62.68	6639.11	12537.80	7143.54	-488.18	41.85	71.23 13
186	505	486	222	177	213	164	58.64	-24.74	62.62	6642.75	12513.51	7166.77	-412.87	38.61	68.17 13
187	506	486	221	178	212	164	58.89	-24.80	62.53	6653.42	12486.24	7170.63	-315.08	45.77	67.51 13
187	506	486	222	177	211	163	59.33	-24.77	62.47	6661.94	12472.93	7164.70	-198.38	67.34	66.94 13
187	506	485	221	178	211	164	59.66	-24.67	62.49	6660.65	12483.48	7165.66	-116.41	82.67	59.64 13
187	506	486	221	178	212	164	59.86	-24.60	62.52	6658.22	12493.51	7160.58	-65.64	91.19	53.91 13
187	505	485	221	178	212	163	59.93	-24.54	62.55	6653.30	12500.63	7164.75	-46.41	97.33	44.91 13
186	506	485	221	177	212	164	59.96	-24.54	62.56	6652.24	12505.00	7169.31	-40.58	97.91	42.97 13
187	506	486	221	178	212	163	59.98	-24.52	62.57	6650.03	12505.95	7169.45	-35.41	94.86	38.67 13
187	506	486	221	178	212	164	59.98	-24.54	62.58	6650.73	12510.45	7168.17	-37.24	87.97	37.63 13
187	506	486	221	178	212	164	59.97	-24.53	62.60	6641.19	12503.93	7177.37	-35.97	86.17	41.15 13
187	506	485	221	177	213	164	60.02	-24.55	62.61	6639.13	12505.73	7174.10	-33.02	80.51	44.24 13
186	506	486	221	178	212	163	60.00	-24.60	62.55	6648.57	12491.65	7174.19	-31.47	78.69	49.43 13
187	506	486	221	177	212	164	60.02	-24.69	62.46	6665.14	12474.26	7173.48	-7.10	81.55	51.86 13
187	506	486	221	177	212	164	60.15	-24.78	62.36	6679.49	12452.95	7168.81	34.91	87.73	44.72 13
186	506	486	222	178	211	164	60.29	-24.72	62.37	6682.71	12460.70	7170.77	80.41	103.54	35.08 13
186	506	486	221	178	213	164	60.44	-24.66	62.40	6681.58	12475.27	7168.83	115.94	104.81	24.13 13
186	506	486	221	179	212	164	60.51	-24.64	62.40	6681.30	12475.30	7174.19	141.69	109.87	11.42 13
186	506	486	221	178	213	164	60.74	-24.63	62.40	6680.03	12472.34	7170.88	195.61	119.83	2.10 13
187	506	486	222	177	211	164	61.11	-24.64	62.38	6687.43	12475.12	7162.73	280.88	130.34	-3.35 13
186	506	486	221	178	212	164	61.57	-24.57	62.40	6691.66	12493.77	7143.20	381.18	150.62	-7.54 13
186	506	486	221	177	212	164	61.99	-24.38	62.56	6680.68	12555.48	7119.24	430.92	168.54	-17.31 13
187	506	486	221	178	211	164	62.03	-24.26	62.71	6666.84	12610.10	7087.48	377.58	163.01	-25.59 13
187	506	486	221	178	211	163	61.88	-24.32	62.74	6664.10	12618.20	7063.90	302.05	144.86	-20.61 13
186	506	485	221	176	211	164	61.77	-24.45	62.67	6673.90	12600.29	7041.91	265.55	140.17	-12.83 13
186	506	486	221	178	212	164	61.76	-24.44	62.63	6670.80	12575.87	7034.41	277.82	153.41	-11.64 13
187	506	485	221	177	211	164	61.83	-24.35	62.68	6661.06	12582.28	7032.09	295.38	161.64	-12.01 13
187	506	486	221	178	211	165	61.80	-24.40	62.71	6663.61	12604.96	7017.89	261.96	144.21	-13.71 13
187	506	486	221	178	211	164	61.63	-24.55	62.66	6671.43	12590.52	7010.39	217.91	128.40	-27.52 13
186	506	486	221	177	211	165	61.69	-24.58	62.65	6674.06	12591.59	6999.47	222.12	129.23	-41.05 13
187	506	485	221	178	211	164	61.79	-24.50	62.70	6673.75	12616.61	6997.10	238.11	134.57	-52.30 13
186	506	486	221	178	211	164	61.96	-24.34	62.82	6661.67	12653.18	6988.24	251.90	143.39	-55.23 13
187	506	486	221	178	211	163	62.08	-24.23	62.91	6648.78	12681.32	6987.43	268.46	144.62	-45.87 13
186	506	485	221	178	211	164	62.15	-24.21	62.93	6646.74	12685.85	6976.46	277.84	145.49	-31.93 13
186	506	485	221	178	212	164	62.26	-24.26	62.87	6650.21	12664.36	6954.44	299.44	153.86	-22.23 13
186	506	486	222	178	212	164	62.40	-24.28	62.83	6653.70	12646.14	6947.51	342.72	169.42	-24.67 13
187	506	486	221	178	211	164	62.64	-24.23	62.80	6651.01	12627.43	6942.54	426.19	193.30	-29.18 13
187	506	486	221	178	211	164	63.16	-24.12	62.86	6648.86	12653.46	6922.61	520.83	218.48	-29.18 13
186	506	486	221	178	211	164	63.39	-23.97	62.98	6634.02	12690.19	6902.68	554.89	231.21	-36.07 13
186	506	486	221	178	211	164	63.44	-23.91	63.11	6621.72	12729.08	6892.75	533.64	222.60	-44.56 13
186	506	486	221	178	210	164	63.34	-23.94	63.18	6612.03	12750.63	6873.51	475.86	204.67	-53.14 13
186	506	485	221	178	211	164	63.31	-23.99	63.22	6607.63	12764.89	6845.03	427.72	186.59	-55.98 13
187	506	485	221	178	211	164	63.24	-24.01	63.30	6602.25	12798.25	6816.18	355.48	169.16	-58.88 13
187	506	485	221	178	211	164	62.83	-24.00	63.42	6586.93	12829.54	6802.57	201.61	139.20	-69.74 13
187	506	486	221	177	211	164	62.16	-24.09	63.43	6576.39	12812.66	6818.04	48.78	105.44	-77.70 13
186	506	486	221	178	211	164	61.84	-24.25	63.33	6582.57	12775.63	6828.34	0.29	87.07	-75.76 13
186	506	486	221	177	210	164	61.91	-24.28	63.30	6586.04	12764.25	6824.13	25.07	92.36	-68.68 13
186	506	486	222	177	211	165	62.01	-24.20	63.34	6584.94	12783.23	6817.52	37.32	104.20	-61.54 13
186	506	486	221	178	212	165	62.06	-24.11	63.38	6578.09	12792.47	6815.84	34.85	108.69	-51.21 13
187	506	486	221	178	211	164	62.08	-24.14	63.39	6577.19	12797.45	6801.85	24.66	105.20	-49.20 13
186	506	486	221	178	211	164	62.09	-24.16	63.36	6581.53	12789.17	6794.96	25.43	112.34	-42.39 13
187	506	485	221	178	211	164	62.21	-24.11	63.36	6581.45	12786.12	6793.01	60.56	129.27	-31.97 13
186	506	485	221	177	212	164	62.38	-24.07	63.35	6587.58	12795.41	6781.16	89.28	146.66	-28.33 13
186	506	485	221	178	211	164	62.44	-24.03	63.34	6594.20	12801.04	6777.30	98.16	162.48	-25.16 13
187	506	485	221	178	210	164	62.53	-23.97	63.33	6594.49	12799.59	6763.84	119.51	177.35	-23.45 13
186	506	485	221	178	210	164	62.65	-23.90	63.35	6588.16	12797.21	6754.44	145.63	194.04	-24.18 13
187	506	486	221	178	210	164	62.69	-23.80	63.39	6577.16	12794.55	6757.32	176.00	213.18	-24.12 13
186	506	486	221	178	211	164	62.77	-23.65	63.49	6557.70	12809.02	6769.26	206.70	221.87	-25.71 13
187	506	485	221	178	211	165	62.78	-23.57	63.61	6542.81	12845.57	6770.19	190.06	213.13	-27.98 13
187	506	485	221	178	210	164	62.67	-23.59	63.66	6530.07	12851.09	6765.08	150.71	191.52	-29.03 13
186	506	486	221	177	210	164	62.64	-23.67	63.65	6533.97	12850.74	6752.43	127.73	178.25	-25.23 13
187	506	485	221	178	211	164	62.64	-23.69	63.66	6529.87	12845.40	6746.61	119.74	179.19	-22.97 13
187	506	486	221	178	211	165	62.71	-23.62	63.68	6528.98	12858.73	6748.08	133.15	186.98	-19.32 13
186	506	485	221	178	211	164	62.72	-23.60	63.73	6523.33	12875.99	6743.07	116.84	183.18	-20.30 13
186	506	486	221	178	210	164	62.62	-23.66	63.73	6523.36	12872.79	6741.72	83.20	177.57	-24.94 13
186	506	485	221	178	211	164	62.64	-23.64	63.71	6524.59	12864.15	6737.23	88.14	184.14	-22.94 13
186	506	485	221	178	211	164	62.64	-23.59	63.74	6516.16	12866.94	6734.57	89.39	191.78	-23.24 13
186	506	485	221	178	211	164	62.63	-23.53	63.81	6503.56	12876.60	6728.64	73.47	190.34	-28.73 13
186	506	485	221	178	211	164	62.57	-23.55	63.81	6502.98	12873.17	6726.41	58.19	188.13	-25.24 13
186	506	485	221	179	210	164	62.54	-23.56	63.82	6497.83	12870.91	6726.49	49.23	182.72	-23.78 13
186	506	485	221	178	210	164	62.55	-23.54	63.85	6493.34	12876.16	6728.36	49.07	179.88	-18.59 13
186	506	485	221	178	211	164	62.59	-23.52	63.88	6487.67	12882.35	6726.15	49.72	186.54	-18.11 13
186	506	485	221	178	211	165	62.60	-23.47	63.90	6478.09	12878.44	6736.44	62.88	194.86	-10.66 13
187	506	485	221	178	211	164	62.62	-23.40	63.97	6468.58	12894.11	6740.82	65.04	195.02	-10.57 13
187	506	485	221	178	211	164	62.48	-23.42	63.98	6467.95	12895.21	6751.78	38.84	188.82	-10.35 13
186	506	485	221	178	210	164	62.50	-23.45	63.97	6464.75	12883.05	6748.99	43.24	186.18	-8.38 13
186	506	485	221	178	211	165	62.60	-23.46	63.98	6466.92	12898.89	6741.94	44.83	184.67	-4.76 13
186	506	485	221	178	211	165	62.54	-23.51	63.97	6468.37	12896.75	6735.84	21.69	177.84	-2.67 13
186	506	485	221	178	211	165	62.45	-23.54	63.95	6461.35	12871.71	6740.25	21.46	172.14	-7.44 13
186	506	485	221	177	211	163	62.47	-23.57	63.95	6462.48	12872.12	6743.84	34.93	164.29	-13.97 13
187	506	485	221	178	210	164	62.43	-23.57	63.98	6456.16	12875.92	6749.64	30.79	150.47	-22.27 13
186	506	485	221	178	212	164	62.39	-23.62	64.01	6450.55	12878.32	6751.16	18.70	127.00	-31.30 13
186	506	485	221	178	210	164	62.45	-23.63	64.04	6443.22	12883.21	6743.60	12.71	106.45	-35.69 13
186	506	485	221	178	211	164	62.54	-23.63	64.09	6432.66	12888.05	6731.22	14.78	93.48	-32.50 13
186	506	485	221	178	211	164	62.58	-23.66	64.12	6427.43	12895.64	6723.46	4.74	82.05	-24.93 13
186	506	485	220	178	211	164	62.62	-23.71	64.11	6430.06	12897.26	6704.89	-9.00	73.90	-15.98 13
186	506	485	221	178	212	164	62.64	-23.71	64.12	6430.76	12898.40	6693.64	-22.05	76.21	-4.63 13
185	506	485	221	178	211	164	62.63	-23.71	64.11	6431.62	12894.28	6680.76	-30.10	82.09	4.85 13
186	506	485	221	178	210	164	62.59	-23.72	64.08	6437.24	12894.96	6675.92	-46.64	87.04	13.01 13
186	506	485	221	178	211	164	62.42	-23.71	64.06	6439.77	12885.42	6678.93	-71.01	93.44	19.01 13
186	506	485	221	177	210	164	62.28	-23.65	64.06	6436.59	12878.95	6688.18	-80.06	100.57	16.65 13
186	506	485	221	178	211	164	62.26	-23.60	64.09	6434.76	12893.40	6701.97	-78.36	103.84	24.22 13
