103	478	288	135	106	125	169	-32.35	-41.74	-33.07	10724.70	-6432.01	10055.18	91.09	8.06	23.38 12
104	478	289	135	106	127	169	-32.10	-41.56	-33.07	10674.27	-6400.81	10071.82	100.44	7.96	44.97 12
104	478	288	135	105	126	169	-31.78	-41.33	-33.14	10606.15	-6372.17	10117.63	103.47	-17.64	59.02 12
104	478	289	135	106	126	168	-31.56	-41.44	-33.13	10576.45	-6350.76	10149.75	105.14	-88.86	63.47 12
104	479	288	135	106	126	169	-31.49	-41.93	-32.96	10612.62	-6331.62	10138.86	97.94	-164.51	52.14 12
103	478	288	135	106	127	168	-31.69	-42.63	-32.68	10713.39	-6325.84	10085.12	79.99	-212.69	25.89 12
103	478	288	135	107	125	169	-31.87	-43.18	-32.32	10833.32	-6309.15	10037.46	60.04	-214.25	8.64 12
104	479	289	135	107	126	169	-31.95	-43.48	-32.04	10928.26	-6298.89	10003.99	47.34	-189.14	10.96 12
103	479	288	135	106	126	169	-31.96	-43.52	-31.86	10975.24	-6280.95	9994.59	26.52	-143.78	1.56 12
104	479	288	135	106	126	169	-32.01	-43.38	-31.80	10987.48	-6273.50	10007.46	-3.96	-98.84	-30.67 12
104	479	288	135	106	126	169	-32.08	-43.16	-31.82	10978.31	-6272.63	10013.49	-28.96	-55.45	-55.33 12
103	479	289	135	106	126	169	-32.14	-42.90	-31.88	10957.79	-6275.99	10015.81	-48.81	-14.58	-62.47 12
103	479	288	135	106	127	169	-32.21	-42.71	-31.92	10937.50	-6272.19	10013.62	-70.57	21.25	-66.74 12
104	480	288	135	106	125	169	-32.32	-42.65	-31.88	10928.03	-6255.38	9992.34	-108.69	54.49	-85.26 12
103	479	289	135	106	126	169	-32.52	-42.53	-31.91	10914.83	-6256.02	9978.92	-156.91	80.36	-111.24 12
104	479	289	135	106	126	169	-32.78	-42.43	-32.00	10900.49	-6269.21	9964.58	-192.86	98.49	-120.03 12
103	479	288	135	106	127	169	-32.91	-42.29	-32.05	10888.46	-6274.75	9963.15	-225.92	117.92	-129.98 12
103	479	288	135	106	127	169	-33.03	-42.20	-32.13	10872.44	-6285.42	9972.59	-255.57	116.92	-147.58 12
103	480	288	135	106	125	169	-33.26	-42.08	-32.26	10862.62	-6312.74	9970.76	-282.99	129.03	-167.05 12
103	479	289	136	106	127	169	-33.40	-42.00	-32.37	10850.09	-6334.91	9974.62	-297.54	132.03	-183.35 12
103	479	289	136	106	127	169	-33.65	-42.00	-32.44	10858.58	-6357.16	9965.09	-325.02	133.78	-221.63 12
103	480	289	135	106	124	169	-33.77	-42.00	-32.54	10858.25	-6383.70	9964.04	-322.07	127.49	-237.05 12
103	480	288	136	106	127	169	-33.76	-42.07	-32.59	10865.94	-6399.52	9958.04	-302.96	120.31	-248.35 12
103	479	288	135	106	127	169	-33.77	-42.14	-32.56	10881.64	-6401.34	9943.93	-298.96	128.90	-279.38 12
103	480	289	136	106	126	169	-33.68	-42.13	-32.54	10888.16	-6401.27	9956.54	-289.67	138.05	-298.31 12
103	480	289	135	106	127	169	-33.58	-42.19	-32.49	10899.55	-6395.41	9948.71	-267.93	142.60	-284.90 12
103	480	288	136	106	127	169	-33.48	-42.18	-32.44	10905.37	-6385.24	9954.67	-258.49	154.27	-281.75 12
103	480	288	136	106	127	169	-33.52	-42.25	-32.40	10913.30	-6381.18	9947.14	-264.21	156.26	-306.21 12
103	480	289	135	106	127	169	-33.46	-42.19	-32.36	10911.24	-6370.92	9942.18	-262.65	177.99	-310.05 12
103	480	288	136	106	127	169	-33.36	-42.09	-32.40	10895.08	-6369.77	9952.87	-251.42	181.14	-286.05 12
103	480	289	136	106	127	169	-33.29	-42.03	-32.45	10876.52	-6369.28	9958.63	-242.10	179.54	-264.60 12
103	480	288	135	106	127	169	-33.32	-42.03	-32.46	10874.50	-6372.02	9962.10	-246.69	180.61	-268.82 12
103	480	288	136	106	126	170	-33.39	-42.07	-32.46	10886.37	-6379.02	9963.19	-250.41	179.53	-272.33 12
103	480	288	135	106	128	170	-33.40	-42.15	-32.44	10896.45	-6380.07	9954.03	-243.84	175.35	-258.71 12
103	480	289	136	106	127	169	-33.44	-42.22	-32.40	10907.23	-6377.26	9938.13	-243.40	176.53	-245.67 12
103	480	288	136	106	126	169	-33.45	-42.29	-32.37	10909.67	-6370.00	9936.83	-244.83	169.91	-240.14 12
104	480	289	136	106	127	169	-33.52	-42.35	-32.33	10923.39	-6368.90	9921.58	-243.28	177.21	-223.98 12
103	480	289	136	107	127	169	-33.55	-42.31	-32.35	10920.42	-6372.86	9913.90	-238.77	189.80	-204.53 12
104	480	288	136	106	127	169	-33.60	-42.30	-32.38	10916.20	-6378.21	9913.41	-248.78	187.51	-212.71 12
103	480	289	135	106	126	169	-33.66	-42.29	-32.47	10907.19	-6395.10	9906.74	-251.29	180.84	-216.92 12
103	481	289	136	106	127	169	-33.61	-42.34	-32.46	10904.83	-6390.95	9896.60	-241.13	170.89	-201.73 12
103	481	289	136	106	127	169	-33.58	-42.37	-32.46	10906.99	-6391.20	9892.17	-229.02	167.00	-179.64 12
103	480	289	136	106	127	169	-33.59	-42.39	-32.46	10909.24	-6394.24	9891.56	-220.02	167.30	-158.91 12
103	480	289	136	106	127	169	-33.53	-42.37	-32.50	10904.37	-6400.93	9889.19	-209.42	172.48	-142.61 12
103	481	288	135	106	128	169	-33.51	-42.33	-32.54	10900.16	-6408.88	9906.53	-204.85	166.56	-136.98 12
103	480	288	135	106	127	169	-33.45	-42.32	-32.55	10901.75	-6412.44	9917.60	-195.51	159.43	-137.58 12
103	481	289	136	105	127	170	-33.49	-42.35	-32.54	10912.66	-6415.41	9912.52	-191.03	160.76	-141.45 12
103	480	288	136	107	126	169	-33.43	-42.37	-32.51	10919.23	-6412.24	9912.09	-184.13	164.82	-141.38 12
103	481	290	135	106	128	169	-33.36	-42.37	-32.49	10922.46	-6410.83	9921.29	-175.52	167.68	-143.41 12
103	481	289	136	106	127	169	-33.32	-42.43	-32.43	10927.54	-6398.49	9911.23	-175.50	170.40	-147.44 12
103	480	288	136	106	127	169	-33.23	-42.39	-32.39	10915.96	-6378.97	9916.86	-183.22	173.48	-147.97 12
103	481	289	136	106	127	169	-33.21	-42.39	-32.36	10911.17	-6368.82	9918.42	-198.31	176.30	-144.02 12
104	481	289	137	106	128	169	-33.30	-42.37	-32.41	10903.21	-6377.38	9914.30	-201.80	168.84	-118.17 12
103	481	289	136	106	124	168	-33.46	-42.30	-32.50	10903.45	-6401.71	9910.99	-205.01	178.85	-93.81 12
103	481	289	136	106	127	169	-33.55	-42.22	-32.64	10890.07	-6428.82	9919.04	-198.31	168.55	-82.82 12
103	481	289	136	106	127	169	-33.64	-42.16	-32.75	10873.17	-6447.98	9914.48	-191.24	160.53	-89.03 12
104	481	289	136	106	127	169	-33.60	-42.17	-32.80	10858.91	-6450.18	9911.96	-182.08	142.35	-106.08 12
103	481	289	136	106	127	169	-33.48	-42.25	-32.80	10850.57	-6445.87	9913.36	-163.17	125.63	-107.27 12
104	481	289	136	106	128	169	-33.30	-42.40	-32.68	10858.64	-6418.98	9908.89	-151.82	107.50	-113.91 12
103	481	289	135	105	127	168	-33.23	-42.52	-32.59	10868.71	-6400.03	9905.45	-155.02	91.88	-128.17 12
104	481	288	136	106	127	169	-33.22	-42.70	-32.48	10888.67	-6386.23	9890.78	-160.22	75.83	-129.51 12
103	481	289	136	106	128	169	-33.24	-42.74	-32.43	10900.44	-6380.72	9877.84	-166.26	79.69	-113.33 12
103	481	289	136	106	129	168	-33.27	-42.84	-32.43	10905.82	-6382.88	9868.95	-172.95	65.16	-98.81 12
103	481	289	136	106	128	169	-33.38	-42.84	-32.43	10901.72	-6380.94	9857.90	-190.30	62.20	-99.57 12
103	481	289	136	106	126	170	-33.47	-42.85	-32.47	10895.84	-6387.29	9855.00	-202.49	50.94	-110.25 12
103	481	288	136	106	128	169	-33.51	-42.88	-32.47	10898.25	-6388.13	9852.05	-210.51	44.29	-108.58 12
103	481	289	136	106	127	169	-33.55	-43.00	-32.48	10896.74	-6390.32	9856.45	-222.19	13.83	-108.85 12
103	481	289	136	106	127	169	-33.73	-43.19	-32.41	10924.70	-6391.60	9837.23	-241.93	-0.21	-120.21 12
103	481	288	136	106	128	169	-33.79	-43.25	-32.40	10938.26	-6396.42	9840.37	-252.88	-7.85	-123.85 12
103	481	289	136	106	129	169	-33.93	-43.41	-32.39	10953.75	-6404.80	9818.95	-265.19	-26.71	-125.61 12
103	481	289	136	106	128	169	-34.02	-43.44	-32.37	10969.86	-6408.16	9814.20	-281.98	-23.13	-130.58 12
103	481	289	136	106	127	169	-34.15	-43.54	-32.36	10982.77	-6414.35	9807.69	-292.03	-31.27	-132.20 12
102	481	289	136	106	127	168	-34.27	-43.63	-32.36	11001.63	-6427.04	9796.11	-296.48	-37.91	-124.69 12
103	481	289	136	106	128	168	-34.36	-43.71	-32.35	11007.55	-6427.08	9785.30	-309.65	-41.91	-130.45 12
103	481	289	136	106	128	169	-34.47	-43.71	-32.37	11005.97	-6431.73	9775.44	-327.72	-45.46	-145.73 12
102	481	289	136	106	128	168	-34.63	-43.76	-32.40	11011.27	-6442.74	9750.66	-335.88	-51.69	-146.50 12
102	481	289	136	106	128	169	-34.76	-43.73	-32.46	11014.51	-6459.21	9734.73	-345.99	-46.96	-138.42 12
102	481	289	136	106	128	169	-34.90	-43.76	-32.52	11013.38	-6476.64	9730.79	-361.69	-64.11	-142.55 12
102	481	288	136	106	128	169	-35.10	-43.83	-32.54	11019.31	-6486.61	9713.85	-388.91	-76.90	-159.57 12
101	482	289	136	106	129	167	-35.35	-43.89	-32.59	11025.95	-6502.08	9695.36	-409.51	-89.66	-178.89 12
101	481	289	136	105	129	168	-35.47	-43.94	-32.64	11032.05	-6520.38	9682.19	-412.14	-101.33	-184.00 12
99	481	288	136	104	128	169	-35.58	-44.11	-32.63	11040.05	-6522.36	9669.88	-436.13	-134.66	-210.10 12
99	482	289	136	103	127	168	-35.84	-44.30	-32.69	11046.64	-6542.44	9660.59	-476.67	-183.83	-272.94 12
98	482	288	135	102	129	168	-36.00	-44.46	-32.74	11051.51	-6559.52	9656.36	-501.14	-234.89	-339.70 12
98	483	288	135	102	129	168	-36.09	-44.72	-32.72	11063.94	-6561.94	9643.94	-517.58	-300.94	-388.51 12
97	483	288	133	101	129	167	-36.17	-45.15	-32.81	11056.74	-6580.45	9654.74	-517.50	-447.59	-449.34 12
97	484	289	133	100	130	167	-36.43	-45.83	-32.72	11103.50	-6585.62	9569.21	-483.03	-534.46	-485.32 12
98	484	289	132	100	130	167	-36.30	-46.09	-32.58	11160.13	-6586.14	9539.15	-425.08	-543.94	-454.55 12
97	484	289	133	100	131	167	-36.15	-46.48	-32.38	11224.12	-6572.63	9512.19	-374.57	-572.34	-409.88 12
97	484	289	132	100	130	166	-35.94	-47.01	-32.19	11269.31	-6550.60	9501.18	-348.79	-662.28	-401.83 12
96	485	291	132	100	131	166	-36.31	-47.57	-32.03	11343.65	-6554.87	9399.92	-320.90	-686.46	-430.64 12
96	485	290	132	101	131	166	-36.21	-47.57	-31.86	11390.26	-6538.73	9361.72	-288.71	-624.44	-405.41 12
96	486	291	132	101	130	166	-36.06	-47.71	-31.70	11428.75	-6518.99	9326.84	-256.82	-601.77	-343.49 12
96	486	292	132	100	131	166	-35.96	-47.78	-31.56	11455.51	-6498.04	9296.90	-242.28	-569.23	-288.66 12
96	486	292	132	100	132	166	-35.99	-47.69	-31.51	11462.34	-6488.94	9279.65	-254.22	-538.42	-279.63 12
95	486	293	132	100	131	167	-36.03	-47.72	-31.47	11471.62	-6485.09	9270.07	-265.61	-546.85	-281.05 12
95	486	294	132	99	130	167	-36.24	-47.83	-31.46	11478.44	-6485.04	9237.16	-280.88	-558.80	-269.10 12
94	486	296	132	100	132	166	-36.37	-47.96	-31.43	11496.32	-6489.59	9213.31	-289.43	-586.31	-247.39 12
94	486	296	132	99	132	167	-36.54	-48.28	-31.35	11532.70	-6488.31	9162.84	-285.96	-616.05	-233.82 12
94	486	298	132	98	132	166	-36.75	-48.57	-31.19	11575.07	-6471.49	9111.70	-323.66	-623.50	-251.38 12
94	486	298	132	98	132	166	-37.02	-48.78	-31.12	11608.91	-6474.92	9080.31	-365.43	-645.02	-272.81 12
93	485	300	132	97	132	166	-37.21	-49.08	-31.05	11650.67	-6479.77	9034.90	-374.06	-677.77	-255.52 12
93	485	301	132	97	133	166	-37.45	-49.19	-30.99	11690.13	-6487.58	8987.95	-380.91	-659.28	-233.70 12
94	486	303	133	97	130	166	-37.54	-49.18	-30.99	11719.03	-6506.00	8969.56	-376.81	-641.27	-212.96 12
93	485	305	133	97	133	165	-37.69	-49.38	-30.94	11755.08	-6513.70	8938.88	-379.92	-661.30	-205.11 12
93	485	305	133	97	133	166	-37.90	-49.62	-30.89	11790.12	-6520.82	8899.13	-384.27	-683.99	-210.71 12
92	485	306	133	97	133	166	-38.11	-49.70	-30.84	11822.82	-6527.58	8849.98	-380.76	-660.69	-208.87 12
92	485	306	133	97	133	166	-38.13	-49.78	-30.78	11852.88	-6528.60	8812.48	-352.02	-639.71	-175.63 12
91	485	307	133	97	135	166	-38.19	-49.86	-30.71	11879.83	-6524.97	8771.65	-335.52	-620.62	-143.75 12
92	485	308	133	96	134	166	-38.34	-49.84	-30.74	11890.04	-6539.52	8745.07	-326.44	-604.64	-120.46 12
92	486	309	133	96	133	165	-38.44	-49.86	-30.73	11905.54	-6544.94	8703.22	-304.07	-583.81	-85.59 12
92	486	309	133	96	133	165	-38.44	-49.87	-30.73	11918.66	-6554.69	8679.26	-279.52	-572.47	-58.46 12
91	486	311	134	96	135	166	-38.42	-49.94	-30.72	11934.93	-6560.96	8656.09	-255.14	-580.84	-28.33 12
91	486	311	134	96	134	165	-38.49	-50.11	-30.67	11955.98	-6559.91	8624.49	-243.99	-599.65	-20.37 12
91	486	311	134	96	134	165	-38.72	-50.29	-30.61	11985.58	-6561.32	8587.66	-261.14	-603.47	-47.75 12
91	486	312	135	95	135	166	-38.93	-50.40	-30.56	12014.30	-6563.25	8544.28	-271.63	-591.14	-69.81 12
92	487	312	135	95	134	166	-39.03	-50.54	-30.52	12038.39	-6566.69	8508.87	-266.30	-587.14	-66.62 12
91	487	313	135	96	135	166	-39.12	-50.64	-30.45	12069.27	-6564.95	8465.62	-253.63	-571.08	-43.94 12
91	487	313	135	96	135	166	-39.25	-50.58	-30.42	12091.20	-6571.31	8431.94	-250.10	-526.73	-14.19 12
91	488	313	134	96	136	166	-39.31	-50.49	-30.45	12107.24	-6588.14	8420.15	-234.80	-501.94	15.17 12
91	487	314	134	96	136	166	-39.39	-50.52	-30.43	12126.68	-6593.93	8391.94	-224.46	-487.79	26.41 12
91	488	314	135	96	135	165	-39.66	-50.51	-30.45	12154.75	-6616.24	8355.54	-227.48	-457.05	12.29 12
91	488	314	135	96	134	166	-39.71	-50.41	-30.46	12163.01	-6623.62	8341.36	-222.71	-427.40	7.07 12
91	488	314	135	97	136	166	-39.77	-50.44	-30.42	12180.86	-6623.64	8311.50	-209.42	-412.33	17.97 12
91	488	314	135	96	135	166	-39.78	-50.44	-30.41	12189.02	-6624.66	8285.52	-198.80	-394.11	41.87 12
91	488	315	135	96	136	166	-39.79	-50.39	-30.38	12198.17	-6622.23	8269.04	-196.96	-359.81	68.63 12
91	488	315	135	96	135	166	-39.86	-50.34	-30.40	12205.26	-6631.52	8256.19	-190.56	-341.77	86.55 12
91	488	316	135	97	136	166	-39.90	-50.36	-30.42	12206.59	-6639.74	8235.78	-180.64	-346.23	102.27 12
91	488	316	135	96	136	167	-40.03	-50.41	-30.39	12226.86	-6641.55	8199.99	-171.40	-325.72	111.36 12
91	488	316	135	96	136	166	-40.15	-50.41	-30.39	12237.32	-6646.48	8184.39	-186.33	-314.78	97.59 12
91	488	317	135	97	136	167	-40.35	-50.44	-30.40	12253.85	-6659.15	8152.97	-189.87	-297.64	89.91 12
91	488	317	135	97	135	166	-40.42	-50.46	-30.39	12266.96	-6664.79	8132.92	-184.22	-285.71	91.96 12
92	488	317	136	97	137	166	-40.53	-50.52	-30.36	12282.01	-6667.95	8108.68	-186.96	-279.28	89.11 12
92	488	318	135	97	136	167	-40.55	-50.49	-30.37	12280.71	-6668.76	8103.04	-191.36	-274.66	98.56 12
92	488	318	136	97	136	166	-40.60	-50.55	-30.37	12287.88	-6671.52	8080.49	-193.70	-280.03	113.08 12
93	488	317	136	97	137	166	-40.78	-50.67	-30.37	12304.48	-6681.34	8049.07	-193.56	-284.98	110.78 12
94	488	318	136	97	137	166	-40.95	-50.64	-30.42	12319.86	-6705.68	8027.01	-197.98	-269.78	103.44 12
93	488	319	135	97	136	166	-41.13	-50.68	-30.46	12334.87	-6725.99	8010.66	-200.33	-264.69	106.67 12
94	488	318	136	98	135	166	-41.29	-50.74	-30.47	12354.72	-6739.49	7977.13	-198.82	-249.41	117.83 12
94	488	318	136	97	137	167	-41.48	-50.75	-30.51	12368.58	-6758.52	7949.87	-192.73	-236.68	128.24 12
93	488	318	136	97	136	167	-41.66	-50.68	-30.55	12380.95	-6778.99	7915.38	-186.29	-204.25	139.58 12
93	488	318	136	98	136	166	-41.67	-50.56	-30.62	12379.91	-6796.64	7917.01	-176.53	-187.49	156.80 12
93	488	318	136	97	136	166	-41.75	-50.53	-30.63	12391.71	-6807.01	7900.76	-160.10	-170.61	181.81 12
94	488	319	136	98	136	166	-41.84	-50.44	-30.64	12400.13	-6814.86	7885.72	-161.39	-135.33	185.97 12
93	488	319	136	98	137	166	-41.87	-50.33	-30.70	12398.12	-6829.52	7887.44	-161.83	-120.87	187.62 12
93	488	318	136	97	136	166	-41.96	-50.33	-30.75	12404.21	-6849.84	7886.26	-155.93	-122.57	186.04 12
94	488	318	136	97	135	166	-42.01	-50.25	-30.81	12407.80	-6866.75	7874.95	-144.54	-109.09	189.44 12
94	488	318	137	97	137	167	-41.93	-50.32	-30.82	12404.21	-6869.61	7877.20	-133.56	-131.44	204.97 12
93	488	319	137	97	136	166	-42.05	-50.36	-30.85	12412.20	-6881.93	7848.94	-116.88	-125.72	238.02 12
94	488	319	136	98	136	165	-42.16	-50.29	-30.92	12408.79	-6899.03	7834.50	-112.19	-111.73	255.62 12
93	487	319	137	98	135	166	-42.26	-50.23	-30.98	12404.75	-6914.88	7813.77	-95.88	-104.60	276.54 12
94	488	319	137	98	137	166	-42.28	-50.26	-31.05	12397.91	-6928.54	7804.88	-74.58	-118.07	296.76 12
94	487	320	137	98	136	166	-42.38	-50.28	-31.07	12396.62	-6935.91	7787.84	-68.71	-124.11	306.87 12
94	487	319	136	98	136	166	-42.57	-50.28	-31.12	12398.39	-6951.31	7765.25	-71.72	-120.11	303.83 12
94	488	318	136	98	135	167	-42.70	-50.21	-31.20	12391.07	-6969.75	7758.98	-75.98	-110.75	294.29 12
94	488	319	137	98	136	166	-42.76	-50.18	-31.28	12382.51	-6987.26	7752.03	-72.14	-114.71	298.57 12
94	488	319	137	98	136	166	-42.84	-50.21	-31.33	12376.79	-6999.50	7735.23	-55.28	-121.18	321.09 12
94	487	319	137	98	136	166	-42.94	-50.25	-31.36	12383.15	-7009.92	7715.27	-48.31	-114.32	340.04 12
94	487	320	137	98	136	166	-42.90	-50.17	-31.40	12375.79	-7018.23	7707.91	-37.25	-101.65	359.59 12
94	488	319	137	98	137	166	-42.84	-50.14	-31.47	12360.20	-7029.72	7715.11	-26.94	-118.87	373.26 12
94	488	320	136	98	136	166	-42.93	-50.18	-31.50	12368.79	-7041.63	7694.76	-22.39	-123.38	380.14 12
94	488	319	136	97	136	166	-43.03	-50.13	-31.54	12373.75	-7056.35	7685.62	-25.12	-115.91	380.64 12
94	487	320	137	98	134	166	-43.14	-50.13	-31.62	12370.66	-7078.73	7680.74	-28.66	-132.56	373.21 12
94	488	319	136	98	137	166	-43.20	-50.08	-31.70	12367.73	-7099.19	7676.70	-12.13	-128.48	396.60 12
94	487	319	137	99	137	166	-43.11	-50.11	-31.73	12363.54	-7104.83	7673.66	17.68	-142.01	448.57 12
94	488	319	136	98	136	167	-43.11	-50.10	-31.76	12363.37	-7113.79	7665.38	40.94	-134.01	505.94 12
94	488	320	136	98	136	167	-43.24	-50.02	-31.82	12365.40	-7133.70	7666.31	45.99	-114.56	531.29 12
95	488	319	137	98	138	166	-43.34	-49.86	-31.94	12354.93	-7159.42	7675.00	41.40	-105.38	524.73 12
94	488	320	137	98	138	166	-43.47	-49.79	-32.04	12348.58	-7187.65	7673.05	41.08	-108.86	511.04 12
95	488	320	137	98	136	166	-43.64	-49.80	-32.13	12349.95	-7213.26	7655.39	44.17	-110.47	499.14 12
94	487	318	137	98	136	166	-43.69	-49.76	-32.15	12352.05	-7222.00	7645.82	45.01	-101.30	481.63 12
95	488	319	137	98	137	166	-43.89	-49.70	-32.22	12352.25	-7242.30	7629.13	36.66	-83.88	457.80 12
94	488	319	137	98	137	166	-43.95	-49.60	-32.33	12340.44	-7264.79	7622.48	39.03	-74.69	456.06 12
95	487	319	137	98	138	166	-43.99	-49.53	-32.37	12331.82	-7272.55	7613.75	46.18	-61.20	466.26 12
95	487	320	137	98	136	166	-44.04	-49.50	-32.40	12326.82	-7278.52	7608.46	48.82	-46.59	467.94 12
95	487	320	137	98	136	166	-44.13	-49.43	-32.47	12314.68	-7289.59	7608.24	33.18	-43.61	449.20 12
95	488	320	137	98	138	166	-44.22	-49.41	-32.54	12307.15	-7306.71	7597.43	25.82	-47.28	436.14 12
95	488	319	138	98	139	166	-44.39	-49.33	-32.64	12303.79	-7332.18	7586.56	24.03	-41.87	431.83 12
95	487	320	137	98	138	166	-44.54	-49.24	-32.73	12292.20	-7352.97	7581.23	21.13	-36.02	432.09 12
95	487	319	137	98	136	166	-44.69	-49.07	-32.81	12280.39	-7369.32	7574.77	10.47	-11.42	435.33 12
95	487	320	137	98	136	166	-44.73	-48.96	-32.92	12266.77	-7391.25	7577.63	14.95	-11.30	450.72 12
95	487	320	137	99	136	166	-44.74	-48.93	-32.99	12260.03	-7409.69	7578.35	23.70	-16.29	454.08 12
95	488	320	137	98	137	166	-44.84	-48.95	-33.03	12259.43	-7421.61	7571.23	14.51	-20.57	424.33 12
95	488	320	137	98	137	166	-44.93	-48.89	-33.10	12259.86	-7440.93	7566.47	11.64	-10.49	402.41 12
95	487	320	137	99	136	167	-44.97	-48.89	-33.12	12266.67	-7451.28	7559.15	18.16	-2.17	396.79 12
95	488	320	137	99	137	166	-45.09	-48.91	-33.11	12277.13	-7456.31	7544.19	17.80	11.44	391.20 12
96	487	320	137	99	138	166	-45.18	-48.78	-33.18	12272.08	-7474.10	7532.38	7.46	38.87	385.89 12
95	487	319	137	99	136	166	-45.24	-48.64	-33.32	12250.67	-7499.19	7537.36	4.04	44.47	381.40 12
95	488	320	137	99	137	166	-45.30	-48.57	-33.37	12241.54	-7509.43	7531.09	9.08	62.05	378.38 12
95	487	320	137	98	137	166	-45.32	-48.44	-33.46	12223.46	-7525.56	7539.14	9.98	76.55	373.36 12
95	488	320	137	99	137	166	-45.31	-48.40	-33.51	12215.49	-7533.48	7540.98	12.98	81.32	373.84 12
95	487	320	137	99	138	166	-45.36	-48.37	-33.55	12212.31	-7544.01	7542.93	10.28	83.50	373.55 12
95	487	319	137	98	137	166	-45.44	-48.31	-33.64	12204.10	-7564.21	7543.58	13.27	88.78	378.72 12
95	488	320	137	99	136	166	-45.46	-48.23	-33.70	12199.89	-7580.00	7540.80	10.35	95.74	374.98 12
95	487	320	137	99	137	167	-45.52	-48.20	-33.75	12190.30	-7589.60	7543.16	0.14	101.50	361.53 12
95	487	320	138	99	138	166	-45.59	-48.23	-33.78	12187.78	-7595.52	7534.81	-4.27	96.98	357.21 12
95	487	320	137	99	138	166	-45.63	-48.20	-33.83	12182.39	-7607.94	7531.27	-1.51	95.88	364.65 12
95	487	320	137	99	138	166	-45.72	-48.10	-33.90	12173.87	-7622.35	7530.10	-4.83	105.19	369.57 12
95	487	320	138	99	136	166	-45.75	-48.00	-33.99	12157.38	-7639.43	7543.00	-14.69	100.28	359.84 12
95	487	320	137	98	137	166	-45.85	-47.94	-34.10	12149.71	-7667.26	7546.05	-21.86	88.46	347.70 12
95	488	320	137	99	135	166	-45.85	-47.90	-34.17	12136.43	-7679.49	7552.54	-22.46	79.59	340.36 12
95	488	320	137	98	137	166	-45.92	-47.96	-34.21	12131.81	-7688.32	7542.52	-17.34	76.01	340.59 12
95	487	320	137	99	136	166	-45.90	-47.97	-34.23	12130.21	-7691.30	7542.19	-13.12	73.71	345.81 12
96	488	320	138	99	138	166	-45.93	-48.06	-34.23	12129.10	-7693.54	7540.48	-9.92	51.77	361.12 12
95	487	319	137	99	137	166	-46.00	-48.15	-34.23	12135.25	-7697.46	7517.06	-6.42	47.18	386.32 12
95	487	320	137	99	138	167	-46.06	-48.06	-34.27	12131.29	-7706.19	7513.80	-3.90	64.53	408.30 12
95	487	319	137	99	137	166	-46.12	-47.97	-34.34	12125.92	-7723.68	7514.51	-4.25	76.20	412.04 12
95	487	320	137	98	137	166	-46.11	-47.84	-34.46	12112.43	-7749.49	7532.39	3.16	74.69	410.08 12
95	487	319	137	99	137	166	-46.12	-47.80	-34.52	12106.40	-7764.62	7535.17	11.45	70.65	411.03 12
95	488	320	137	99	138	166	-46.14	-47.76	-34.58	12102.28	-7779.19	7539.01	24.28	70.72	417.58 12
96	487	319	137	99	139	166	-46.15	-47.70	-34.59	12100.57	-7782.23	7537.86	27.16	84.59	424.50 12
96	487	321	137	99	137	166	-46.25	-47.59	-34.65	12088.34	-7790.92	7533.57	15.76	105.51	421.77 12
96	487	320	137	99	138	166	-46.30	-47.46	-34.76	12061.52	-7806.17	7537.69	11.77	107.93	429.34 12
95	487	321	137	99	137	166	-46.31	-47.36	-34.86	12036.05	-7819.26	7543.00	20.63	107.58	453.87 12
96	487	320	137	99	138	167	-46.29	-47.25	-34.90	12026.04	-7824.70	7548.45	16.75	128.51	474.73 12
95	487	320	137	100	138	166	-46.43	-47.14	-34.97	12014.14	-7835.26	7552.63	-5.94	149.23	469.74 12
95	487	321	137	100	137	166	-46.61	-47.01	-35.09	12001.44	-7863.70	7548.60	-21.84	159.87	452.95 12
95	487	321	138	98	137	165	-46.74	-46.90	-35.18	11997.36	-7889.52	7544.17	-23.25	177.03	451.20 12
95	487	321	137	99	137	166	-46.70	-46.74	-35.31	11974.09	-7913.24	7561.56	-13.84	185.62	458.89 12
95	487	320	137	100	138	166	-46.81	-46.65	-35.40	11962.19	-7930.78	7551.88	-5.15	196.99	466.40 12
97	487	320	137	99	137	165	-46.79	-46.43	-35.52	11933.68	-7947.24	7560.89	-7.54	211.99	461.38 12
96	487	320	137	99	138	166	-46.82	-46.32	-35.63	11907.40	-7963.08	7557.64	-14.56	214.04	444.81 12
95	487	321	138	99	138	165	-46.86	-46.22	-35.74	11887.43	-7982.12	7560.56	-20.28	221.49	426.47 12
96	487	321	138	99	138	166	-46.86	-46.13	-35.81	11870.05	-7991.82	7574.53	-30.92	222.52	408.20 12
95	487	320	138	99	138	166	-46.86	-46.14	-35.87	11862.75	-8001.03	7583.41	-42.87	209.24	393.09 12
95	487	321	138	100	137	166	-47.02	-46.25	-35.88	11864.61	-8008.77	7571.04	-60.48	192.98	372.68 12
96	487	320	137	99	138	166	-47.16	-46.26	-35.89	11859.78	-8006.74	7566.28	-80.16	200.23	359.40 12
96	487	321	138	100	137	165	-47.29	-46.25	-35.92	11853.20	-8011.60	7560.77	-103.05	207.27	346.43 12
95	487	320	137	100	137	165	-47.43	-46.12	-36.02	11839.54	-8031.62	7560.53	-116.95	222.61	346.01 12
96	487	320	137	99	137	166	-47.47	-45.95	-36.13	11819.36	-8052.84	7570.10	-132.90	238.17	337.76 12
96	487	320	138	99	137	166	-47.57	-45.77	-36.30	11791.99	-8082.40	7588.20	-147.95	236.67	321.22 12
96	487	320	138	100	138	166	-47.61	-45.63	-36.45	11774.99	-8116.08	7605.59	-144.86	234.48	316.71 12
96	487	320	138	100	138	165	-47.72	-45.59	-36.57	11759.04	-8142.47	7607.31	-149.26	219.51	293.57 12
95	487	320	138	98	137	165	-47.81	-45.54	-36.69	11742.29	-8168.15	7608.94	-149.60	205.08	267.69 12
96	487	320	137	100	138	165	-47.89	-45.55	-36.75	11737.37	-8182.94	7605.10	-153.67	195.13	246.21 12
96	487	320	137	99	138	166	-47.93	-45.59	-36.80	11732.50	-8193.19	7610.04	-161.14	188.82	227.95 12
96	487	320	137	99	138	165	-47.94	-45.63	-36.82	11730.28	-8198.13	7603.94	-159.13	177.73	222.60 12
96	487	319	138	99	137	166	-47.88	-45.59	-36.87	11721.77	-8208.43	7605.94	-153.32	175.19	224.47 12
96	487	320	138	99	137	166	-47.94	-45.53	-36.92	11716.08	-8220.41	7607.44	-160.31	171.54	208.15 12
96	487	320	137	99	138	166	-48.00	-45.41	-37.05	11699.07	-8245.59	7614.47	-163.34	171.51	191.89 12
95	487	320	137	99	138	165	-48.05	-45.35	-37.17	11683.92	-8272.51	7621.75	-153.57	157.43	174.10 12
96	487	320	138	99	138	165	-48.09	-45.31	-37.27	11676.12	-8298.08	7623.26	-140.85	147.56	147.39 12
96	487	320	137	99	137	165	-48.18	-45.28	-37.35	11672.52	-8320.38	7620.30	-137.70	145.13	115.67 12
96	487	320	137	100	138	165	-48.20	-45.25	-37.44	11670.89	-8345.36	7623.68	-123.57	139.13	85.49 12
96	487	320	137	100	137	165	-48.27	-45.22	-37.51	11669.95	-8367.89	7618.30	-109.94	139.52	43.91 12
96	487	320	138	100	137	166	-48.28	-45.17	-37.55	11672.25	-8383.29	7618.18	-99.89	151.14	-12.78 12
96	487	320	137	99	137	166	-48.17	-45.12	-37.60	11660.24	-8389.13	7626.07	-76.95	147.64	-70.54 12
96	487	320	138	100	138	166	-48.10	-45.21	-37.54	11671.22	-8379.27	7613.37	-67.50	149.91	-135.07 12
96	487	320	137	100	139	166	-48.12	-45.16	-37.54	11672.86	-8379.11	7603.90	-64.88	175.51	-200.66 12
97	487	319	137	99	137	166	-47.96	-45.20	-37.50	11672.22	-8367.35	7605.11	-49.38	170.73	-253.98 12
96	487	319	137	100	137	166	-47.86	-45.30	-37.46	11672.61	-8355.59	7599.05	-22.46	158.35	-291.78 12
96	487	319	137	100	138	164	-47.64	-45.39	-37.45	11663.98	-8345.01	7609.70	5.91	134.43	-317.89 12
96	487	319	138	100	137	165	-47.49	-45.64	-37.38	11671.18	-8327.36	7598.01	40.71	98.11	-345.15 12
96	487	320	137	100	138	165	-47.33	-45.85	-37.28	11684.42	-8307.59	7593.51	70.28	73.70	-373.34 12
96	487	319	137	100	138	165	-47.06	-46.05	-37.18	11697.80	-8286.01	7592.84	112.37	46.87	-382.62 12
95	487	320	138	100	139	165	-46.78	-46.25	-37.06	11713.71	-8259.91	7596.40	153.05	24.17	-390.54 12
96	488	319	137	100	138	164	-46.53	-46.42	-36.91	11731.62	-8228.91	7597.58	174.69	11.87	-406.21 12
96	487	319	138	100	137	164	-46.33	-46.61	-36.78	11749.04	-8201.67	7596.70	200.66	-0.33	-422.25 12
96	487	320	138	100	137	164	-46.22	-46.69	-36.69	11770.99	-8188.58	7593.66	221.48	4.04	-433.84 12
96	487	320	138	100	139	164	-46.01	-46.74	-36.59	11787.64	-8171.75	7603.38	251.15	6.99	-429.75 12
96	487	319	137	101	139	164	-45.75	-46.84	-36.51	11804.66	-8156.77	7605.01	290.05	-0.21	-417.06 12
96	488	320	137	100	138	164	-45.53	-46.89	-36.38	11824.03	-8131.93	7614.96	317.69	4.00	-420.81 12
96	488	319	137	100	138	165	-45.38	-46.96	-36.28	11840.02	-8114.93	7613.01	349.76	4.75	-435.27 12
97	487	320	137	100	139	164	-45.08	-47.03	-36.18	11851.82	-8089.18	7623.56	384.72	-0.64	-439.40 12
97	488	320	138	100	139	164	-44.74	-47.24	-35.96	11883.43	-8046.72	7617.78	421.73	-0.56	-437.23 12
96	488	320	138	100	139	164	-44.35	-47.39	-35.73	11907.66	-7991.99	7629.09	452.00	2.67	-431.22 12
97	488	318	138	100	137	164	-44.11	-47.58	-35.47	11941.68	-7937.79	7626.24	458.40	19.34	-437.81 12
97	488	319	138	100	139	164	-43.81	-47.59	-35.27	11956.00	-7888.50	7641.93	463.43	44.82	-432.62 12
97	488	319	138	100	138	164	-43.40	-47.59	-35.13	11952.60	-7842.07	7663.63	482.71	54.88	-406.99 12
96	488	319	138	100	138	164	-43.11	-47.67	-34.95	11952.57	-7787.97	7666.85	487.02	59.59	-396.54 12
96	488	320	137	100	137	164	-42.89	-47.65	-34.83	11941.14	-7744.37	7693.11	475.72	63.91	-401.36 12
96	488	319	138	100	139	165	-42.83	-47.76	-34.73	11942.88	-7713.95	7700.65	456.48	45.41	-411.80 12
97	488	320	138	100	139	164	-42.69	-47.84	-34.60	11940.94	-7674.45	7710.22	448.11	43.34	-405.31 12
96	488	320	138	100	138	165	-42.59	-48.00	-34.45	11946.89	-7633.93	7719.51	441.25	26.22	-392.99 12
97	487	319	137	100	138	165	-42.48	-48.09	-34.34	11955.54	-7607.04	7728.73	428.84	10.16	-387.79 12
97	488	319	138	100	139	164	-42.42	-48.19	-34.24	11967.37	-7583.68	7728.50	413.10	4.70	-390.60 12
97	488	320	138	100	139	165	-42.33	-48.26	-34.13	11978.80	-7558.90	7745.47	396.64	-9.63	-399.87 12
96	488	319	138	100	139	165	-42.35	-48.47	-33.99	12005.86	-7537.95	7748.40	386.71	-34.95	-413.88 12
97	488	320	138	100	138	165	-42.31	-48.62	-33.89	12031.37	-7523.46	7752.78	380.23	-47.60	-422.73 12
96	488	320	138	100	138	166	-42.24	-48.77	-33.72	12061.00	-7493.88	7749.74	368.67	-44.32	-435.90 12
97	488	320	138	100	139	165	-42.16	-48.88	-33.57	12083.95	-7464.59	7750.05	363.03	-42.91	-442.10 12
96	488	320	138	100	138	165	-42.08	-48.96	-33.41	12108.15	-7434.16	7755.35	352.68	-33.86	-439.70 12
96	488	320	138	99	138	165	-41.98	-48.99	-33.32	12122.34	-7417.25	7761.18	356.50	-31.17	-423.96 12
97	488	319	138	100	140	166	-41.84	-49.06	-33.20	12135.63	-7389.59	7764.52	359.72	-35.41	-408.71 12
97	488	320	137	100	140	165	-41.64	-49.07	-33.08	12148.64	-7362.71	7774.70	363.44	-22.54	-398.88 12
97	488	320	138	100	138	166	-41.51	-49.14	-32.94	12160.81	-7329.17	7782.76	353.16	-21.86	-410.58 12
97	488	320	138	100	138	165	-41.43	-49.25	-32.78	12172.57	-7292.11	7782.02	335.21	-22.52	-425.81 12
97	488	320	138	100	139	166	-41.24	-49.31	-32.65	12182.54	-7258.11	7795.72	328.15	-26.69	-416.81 12
97	488	320	138	100	138	165	-41.19	-49.38	-32.53	12194.01	-7231.00	7792.33	321.84	-31.31	-400.52 12
97	488	320	138	100	138	166	-41.20	-49.37	-32.48	12201.31	-7222.25	7791.12	317.45	-26.29	-392.95 12
97	488	319	137	100	138	166	-41.16	-49.44	-32.40	12215.65	-7206.34	7791.96	318.42	-28.63	-392.45 12
97	488	319	138	100	137	166	-41.12	-49.50	-32.30	12237.87	-7191.42	7785.76	312.30	-16.00	-412.28 12
97	488	320	138	100	138	166	-41.00	-49.58	-32.17	12250.97	-7163.45	7798.28	301.54	-27.40	-440.56 12
97	488	320	138	101	138	166	-40.94	-49.70	-32.05	12262.42	-7134.88	7792.76	303.01	-31.53	-449.59 12
98	488	320	137	100	138	166	-40.76	-49.71	-31.94	12268.10	-7106.73	7802.32	307.96	-25.25	-439.16 12
97	488	320	138	100	139	166	-40.57	-49.76	-31.82	12273.50	-7075.20	7809.61	307.16	-16.89	-426.10 12
98	488	320	138	100	138	166	-40.40	-49.92	-31.67	12287.02	-7040.04	7808.13	302.45	-19.94	-413.24 12
97	488	319	138	100	138	166	-40.28	-50.01	-31.52	12305.67	-7009.24	7815.32	292.23	-18.90	-396.88 12
97	488	320	138	100	139	167	-40.24	-50.01	-31.44	12314.19	-6992.17	7823.15	281.52	-14.65	-382.04 12
97	488	320	138	100	139	166	-40.24	-50.11	-31.37	12330.88	-6980.17	7822.20	280.24	-27.07	-358.84 12
97	488	320	138	100	139	166	-40.16	-50.18	-31.29	12341.73	-6964.16	7824.69	292.48	-31.12	-328.04 12
97	488	320	138	100	138	167	-40.08	-50.33	-31.15	12366.45	-6939.35	7824.85	287.71	-39.41	-331.99 12
97	488	320	138	100	139	167	-39.97	-50.43	-31.00	12390.52	-6910.78	7827.61	282.52	-33.74	-337.14 12
98	488	320	138	100	138	167	-39.90	-50.49	-30.87	12399.80	-6880.64	7821.83	275.50	-25.55	-330.54 12
97	488	320	138	100	139	167	-39.70	-50.51	-30.77	12402.01	-6852.61	7827.14	271.82	-24.67	-311.66 12
97	488	319	138	101	137	167	-39.66	-50.55	-30.69	12411.71	-6834.18	7825.58	274.08	-29.24	-291.33 12
97	488	320	138	100	139	168	-39.62	-50.55	-30.61	12417.92	-6817.87	7828.10	268.93	-15.88	-278.51 12
98	488	319	138	100	140	167	-39.51	-50.57	-30.53	12424.02	-6797.78	7836.90	269.18	-18.44	-272.58 12
97	488	319	138	100	139	168	-39.45	-50.64	-30.43	12443.82	-6779.49	7835.05	263.37	-16.56	-278.00 12
97	488	319	138	100	138	167	-39.38	-50.71	-30.28	12464.63	-6749.51	7832.30	247.90	0.56	-287.20 12
98	488	319	137	100	138	168	-39.35	-50.69	-30.19	12476.60	-6732.84	7844.48	241.56	7.99	-279.99 12
97	488	319	138	100	140	168	-39.26	-50.72	-30.10	12475.97	-6707.00	7845.86	230.28	10.24	-270.39 12
97	488	319	138	101	139	167	-39.21	-50.71	-30.06	12475.97	-6693.05	7854.57	228.62	12.68	-268.32 12
97	488	319	138	100	138	167	-39.19	-50.71	-29.97	12489.37	-6676.79	7850.84	222.28	27.24	-279.71 12
98	488	320	138	101	139	167	-39.12	-50.66	-29.93	12494.70	-6667.75	7864.10	211.17	37.73	-296.67 12
97	488	320	137	100	139	168	-39.06	-50.74	-29.81	12508.37	-6642.16	7856.29	206.66	42.99	-309.24 12
97	487	320	138	100	139	168	-38.95	-50.75	-29.67	12511.15	-6604.26	7851.28	191.58	60.64	-319.08 12
97	488	319	138	100	138	168	-38.86	-50.82	-29.57	12508.39	-6573.84	7845.91	180.05	58.01	-313.67 12
97	488	320	138	100	139	168	-38.82	-50.76	-29.50	12505.77	-6554.15	7855.42	166.75	73.91	-296.54 12
97	488	320	138	100	139	168	-38.73	-50.87	-29.48	12498.28	-6543.84	7876.25	159.91	26.52	-285.01 12
97	488	319	138	101	139	168	-38.81	-51.07	-29.38	12521.37	-6529.65	7853.83	156.51	6.44	-279.76 12
98	488	320	138	100	138	168	-38.85	-51.02	-29.34	12531.50	-6522.77	7854.74	149.74	19.47	-280.52 12
98	488	320	138	100	139	167	-38.89	-51.03	-29.32	12545.53	-6525.83	7853.40	146.10	26.39	-289.25 12
98	488	320	138	100	139	167	-38.86	-51.13	-29.26	12564.25	-6518.14	7847.73	149.00	19.07	-297.34 12
97	488	319	138	100	140	167	-38.92	-51.16	-29.21	12578.44	-6512.63	7839.75	151.90	30.32	-314.12 12
97	488	319	138	100	138	168	-38.86	-51.07	-29.15	12587.91	-6502.40	7840.76	148.65	60.70	-341.51 12
97	488	319	137	100	139	168	-38.75	-51.06	-29.10	12592.12	-6490.68	7849.92	157.87	67.47	-358.84 12
97	488	318	137	100	140	168	-38.56	-50.99	-29.07	12582.11	-6474.75	7863.82	172.68	71.05	-357.55 12
98	488	319	138	100	139	169	-38.34	-50.96	-28.99	12580.41	-6454.81	7877.03	192.09	77.29	-354.47 12
98	488	320	138	101	139	168	-38.13	-50.96	-28.92	12584.79	-6436.47	7896.38	201.74	73.18	-377.59 12
97	488	319	138	100	140	168	-38.00	-51.06	-28.82	12594.35	-6413.64	7899.96	204.70	63.17	-408.76 12
97	488	319	138	100	140	168	-37.77	-51.15	-28.70	12600.43	-6383.96	7903.96	222.92	56.16	-402.73 12
97	488	319	138	100	139	168	-37.58	-51.28	-28.57	12617.21	-6355.76	7901.57	241.32	51.95	-383.59 12
97	488	319	138	100	140	168	-37.33	-51.39	-28.42	12629.95	-6321.38	7903.29	259.55	51.26	-363.71 12
98	488	320	138	100	140	168	-37.08	-51.54	-28.25	12648.45	-6284.91	7902.72	276.13	43.84	-345.08 12
97	488	320	138	100	140	168	-36.92	-51.68	-28.09	12666.23	-6250.06	7895.59	281.97	43.90	-332.87 12
97	488	320	138	100	139	168	-36.74	-51.68	-27.98	12673.12	-6223.56	7902.21	288.47	56.36	-322.83 12
97	488	319	138	100	138	168	-36.55	-51.72	-27.88	12673.46	-6195.58	7907.50	291.60	53.59	-312.44 12
97	488	319	138	101	139	169	-36.37	-51.80	-27.79	12678.19	-6173.00	7909.92	302.37	47.91	-293.91 12
98	488	319	138	100	140	168	-36.25	-51.85	-27.71	12680.48	-6152.75	7916.83	295.00	35.31	-293.37 12
98	488	319	138	100	139	168	-36.20	-51.92	-27.66	12680.25	-6136.11	7912.18	287.95	22.30	-290.25 12
98	488	319	138	100	139	168	-36.11	-51.95	-27.61	12680.84	-6123.71	7917.77	290.55	19.43	-271.64 12
98	488	320	138	100	139	168	-36.05	-51.98	-27.55	12683.40	-6108.12	7914.69	292.97	11.61	-254.56 12
98	488	319	138	100	140	168	-36.01	-52.06	-27.48	12691.43	-6093.12	7912.95	289.08	-0.22	-251.48 12
97	488	320	138	100	139	168	-35.99	-52.20	-27.36	12704.46	-6068.26	7913.10	277.72	-16.36	-264.15 12
97	488	319	138	101	139	169	-35.97	-52.32	-27.24	12726.43	-6047.05	7909.85	262.84	-20.34	-276.15 12
98	488	319	138	100	138	168	-35.93	-52.45	-27.11	12751.11	-6024.09	7900.56	261.44	-19.22	-269.44 12
98	488	319	138	100	140	169	-35.83	-52.51	-27.00	12767.56	-6001.89	7905.33	263.67	-18.16	-250.77 12
97	488	319	138	100	139	169	-35.74	-52.63	-26.88	12778.78	-5977.00	7898.46	267.19	-24.65	-231.98 12
98	488	319	138	100	138	169	-35.68	-52.67	-26.81	12787.44	-5960.35	7901.34	262.03	-21.77	-222.98 12
97	488	319	138	98	139	169	-35.67	-52.62	-26.76	12793.27	-5949.73	7906.87	253.18	-5.93	-216.58 12
97	488	319	138	101	139	169	-35.54	-52.62	-26.68	12802.80	-5933.44	7919.73	253.82	-8.54	-207.05 12
97	488	318	138	100	139	169	-35.50	-52.65	-26.63	12815.66	-5924.37	7922.94	255.18	-9.71	-202.00 12
97	488	318	137	100	138	169	-35.46	-52.71	-26.54	12828.48	-5907.55	7917.59	247.27	-6.77	-203.45 12
98	488	319	137	100	138	169	-35.36	-52.74	-26.45	12838.66	-5888.77	7917.11	245.56	-2.94	-191.63 12
98	488	319	138	101	139	169	-35.33	-52.75	-26.39	12846.52	-5876.33	7918.06	246.98	3.21	-164.00 12
98	488	319	137	100	140	169	-35.30	-52.73	-26.36	12848.40	-5867.12	7923.56	235.93	5.50	-147.65 12
98	488	319	138	101	138	169	-35.36	-52.69	-26.34	12850.58	-5864.56	7924.38	225.13	15.73	-139.51 12
98	488	318	138	101	139	169	-35.32	-52.66	-26.30	12853.65	-5855.13	7931.16	222.23	22.14	-136.34 12
98	488	319	138	101	139	169	-35.20	-52.68	-26.23	12857.96	-5837.98	7942.00	220.61	16.43	-132.92 12
98	488	319	138	101	138	169	-35.11	-52.79	-26.11	12868.66	-5810.08	7933.30	215.43	17.21	-127.82 12
98	488	318	138	100	139	170	-35.09	-52.83	-26.04	12873.63	-5794.17	7930.24	205.01	18.95	-126.23 12
98	488	318	138	100	139	169	-35.04	-52.82	-25.97	12879.95	-5778.46	7935.52	195.31	28.15	-120.87 12
97	488	318	138	101	140	169	-35.04	-52.83	-25.93	12882.15	-5768.54	7934.55	186.50	31.10	-107.38 12
98	488	318	137	100	139	169	-34.96	-52.80	-25.92	12874.64	-5762.31	7941.62	190.02	34.14	-81.21 12
98	488	319	138	100	139	169	-34.95	-52.74	-25.91	12873.71	-5759.00	7956.74	182.22	36.43	-75.20 12
98	488	319	138	100	138	169	-34.93	-52.73	-25.92	12867.03	-5758.85	7967.50	179.01	30.21	-79.29 12
98	488	318	138	101	139	170	-34.97	-52.83	-25.88	12874.67	-5751.71	7960.53	173.21	15.60	-96.87 12
98	488	318	138	101	139	169	-35.06	-52.92	-25.85	12889.14	-5750.32	7948.70	167.45	14.17	-105.88 12
98	488	318	138	101	139	169	-34.98	-52.92	-25.80	12890.28	-5737.40	7946.27	175.08	21.31	-86.74 12
98	488	318	137	101	138	169	-34.98	-52.94	-25.76	12899.57	-5730.93	7942.75	174.32	27.95	-78.15 12
98	488	319	138	101	139	169	-34.91	-52.94	-25.73	12884.99	-5714.99	7946.81	166.36	17.85	-83.89 12
98	488	318	138	100	141	169	-34.82	-53.01	-25.66	12873.14	-5690.24	7944.07	158.14	7.06	-87.35 12
98	488	319	137	100	139	169	-34.84	-52.98	-25.66	12867.48	-5688.93	7947.27	156.08	4.25	-75.33 12
98	489	318	138	100	139	169	-34.87	-52.94	-25.68	12869.51	-5695.48	7954.51	160.98	-0.11	-60.21 12
98	488	318	137	100	140	169	-34.90	-52.97	-25.68	12883.43	-5701.71	7957.78	171.63	-6.60	-52.45 12
98	488	318	138	101	140	170	-34.82	-52.99	-25.63	12895.46	-5693.02	7964.89	173.40	-6.57	-68.78 12
98	488	318	138	101	139	169	-34.80	-53.11	-25.53	12917.89	-5676.77	7953.05	172.08	-5.34	-92.49 12
98	488	318	138	101	138	169	-34.75	-53.09	-25.47	12941.40	-5673.33	7955.19	181.72	16.27	-90.87 12
98	488	319	138	101	139	169	-34.59	-53.10	-25.37	12958.12	-5654.46	7961.63	189.69	27.71	-90.72 12
98	488	319	137	100	139	169	-34.47	-53.09	-25.31	12967.42	-5641.14	7967.95	195.35	37.07	-92.99 12
98	488	319	137	100	139	169	-34.38	-53.13	-25.23	12972.85	-5622.08	7951.15	203.03	50.22	-93.79 12
99	488	318	138	102	139	169	-34.13	-53.06	-25.13	12971.61	-5595.18	7964.60	203.83	65.81	-100.50 12
99	488	319	138	100	139	169	-34.00	-53.03	-25.09	12958.43	-5578.42	7971.77	202.49	67.52	-107.07 12
98	488	318	138	100	139	170	-33.89	-52.97	-25.04	12948.70	-5559.50	7974.58	194.87	75.79	-108.27 12
98	488	318	138	101	140	169	-33.80	-52.90	-25.01	12942.27	-5549.92	7981.85	179.62	81.90	-113.41 12
98	488	318	138	101	139	169	-33.74	-52.90	-24.99	12931.75	-5537.63	7986.16	182.94	75.36	-99.74 12
98	488	318	138	100	138	170	-33.77	-52.93	-24.99	12922.17	-5535.35	7983.85	182.85	63.89	-91.35 12
98	488	318	138	100	139	170	-33.81	-52.95	-24.98	12919.46	-5529.98	7979.06	173.80	62.55	-102.68 12
98	488	318	138	101	140	169	-33.83	-52.99	-24.97	12917.89	-5527.68	7986.70	162.76	46.12	-128.70 12
98	488	318	138	100	139	169	-33.88	-53.08	-24.94	12926.59	-5523.50	7987.57	151.02	31.91	-161.36 12
98	488	318	138	101	138	169	-33.88	-53.23	-24.88	12941.46	-5512.72	7984.79	145.52	18.82	-187.49 12
98	488	317	137	101	139	170	-33.82	-53.32	-24.76	12956.19	-5489.09	7975.95	139.35	22.88	-201.62 12
99	488	317	137	101	139	170	-33.74	-53.41	-24.69	12961.58	-5472.23	7981.15	136.28	6.43	-203.14 12
98	488	317	137	101	138	168	-33.76	-53.47	-24.68	12960.70	-5468.02	7969.89	139.87	-1.79	-187.18 12
98	488	316	138	101	140	170	-33.70	-53.40	-24.68	12950.46	-5464.02	7984.20	146.72	-3.90	-172.62 12
98	488	316	137	101	140	170	-33.64	-53.43	-24.64	12954.34	-5454.22	7993.99	142.34	-13.76	-184.64 12
99	488	316	137	100	140	170	-33.58	-53.43	-24.62	12952.42	-5450.91	8002.49	144.47	-24.52	-191.66 12
99	488	316	138	101	139	170	-33.49	-53.53	-24.57	12961.60	-5441.76	7997.17	152.45	-36.84	-188.78 12
99	488	316	137	100	139	170	-33.39	-53.65	-24.47	12980.52	-5421.27	7991.71	154.12	-42.90	-191.39 12
99	488	317	138	101	139	170	-33.37	-53.70	-24.39	13001.10	-5410.21	7981.72	152.07	-30.85	-199.22 12
99	488	316	138	101	139	170	-33.23	-53.80	-24.26	13022.44	-5387.90	7976.44	160.16	-19.46	-190.11 12
98	488	317	138	101	139	170	-33.11	-53.87	-24.15	13050.92	-5369.90	7969.41	162.71	-5.24	-181.35 12
99	488	316	138	100	139	170	-33.05	-53.85	-24.06	13065.37	-5350.81	7965.74	157.82	19.22	-178.78 12
99	488	317	137	101	139	170	-32.92	-53.89	-23.96	13066.31	-5325.67	7965.26	163.68	16.16	-171.65 12
99	488	317	138	101	140	170	-32.90	-53.84	-23.95	13057.19	-5317.38	7960.39	170.75	31.05	-166.01 12
99	488	316	138	101	139	170	-32.87	-53.80	-23.90	13042.13	-5298.72	7960.17	164.96	38.85	-172.91 12
99	488	316	138	101	139	170	-32.81	-53.73	-23.85	13039.42	-5285.98	7961.16	168.76	48.16	-166.32 12
99	488	316	138	101	140	170	-32.78	-53.77	-23.82	13039.85	-5276.68	7960.51	180.07	41.15	-154.15 12
100	488	317	138	100	141	170	-32.79	-53.70	-23.84	13031.66	-5278.45	7966.08	180.52	49.09	-157.14 12
99	489	316	137	100	139	169	-32.73	-53.69	-23.82	13035.28	-5275.32	7975.98	182.64	39.04	-171.74 12
99	488	317	137	101	139	170	-32.63	-53.74	-23.80	13041.71	-5272.56	7987.58	186.31	23.04	-193.10 12
99	488	317	138	100	139	170	-32.33	-53.87	-23.64	13064.83	-5238.73	8007.40	189.20	9.33	-217.89 12
100	489	317	137	101	140	170	-32.17	-54.08	-23.47	13098.59	-5210.79	8007.43	186.34	1.02	-245.75 12
99	488	316	137	101	140	170	-31.94	-54.14	-23.33	13124.06	-5184.65	8011.66	185.52	13.17	-259.16 12
99	488	317	137	101	138	170	-31.71	-54.30	-23.12	13154.65	-5141.22	8002.67	179.39	24.06	-266.30 12
100	488	317	137	101	139	170	-31.56	-54.35	-22.94	13170.92	-5100.56	7988.34	171.62	49.31	-257.99 12
99	489	318	137	100	140	171	-31.36	-54.33	-22.79	13171.98	-5061.73	7995.72	159.89	64.19	-246.24 12
99	488	318	138	100	138	170	-31.35	-54.25	-22.77	13158.78	-5050.85	8001.34	146.80	82.23	-231.48 12
99	489	317	138	101	138	170	-31.36	-54.20	-22.76	13146.24	-5041.70	8001.67	133.06	83.82	-227.90 12
99	488	316	138	101	140	170	-31.40	-54.13	-22.77	13132.93	-5038.82	8015.39	112.60	83.58	-245.41 12
99	488	317	138	100	141	170	-31.48	-54.15	-22.76	13125.68	-5033.08	8013.02	88.67	79.80	-279.64 12
99	488	317	138	101	139	171	-31.49	-54.18	-22.71	13127.80	-5020.22	8007.37	75.79	84.06	-300.11 12
99	488	317	137	101	139	170	-31.42	-54.25	-22.61	13141.61	-5001.81	8002.20	65.05	82.56	-311.35 12
99	488	316	137	101	140	170	-31.42	-54.34	-22.54	13157.33	-4988.52	7990.69	60.15	82.98	-317.28 12
99	488	317	137	100	141	171	-31.41	-54.37	-22.46	13173.06	-4976.89	7985.75	42.04	90.18	-338.12 12
99	488	316	137	101	139	170	-31.33	-54.33	-22.41	13173.01	-4963.05	7993.07	34.59	99.32	-344.16 12
99	488	317	138	101	139	171	-31.23	-54.36	-22.35	13175.95	-4946.50	7993.61	38.36	101.40	-337.95 12
99	488	316	137	100	140	171	-31.18	-54.36	-22.31	13176.96	-4936.97	8000.33	36.74	103.88	-332.01 12
99	488	316	138	101	140	171	-31.11	-54.38	-22.24	13181.91	-4920.32	8003.52	38.65	104.94	-326.36 12
99	488	317	138	101	139	171	-31.08	-54.37	-22.20	13185.61	-4910.51	7999.14	39.67	117.59	-331.49 12
100	488	317	138	101	139	171	-31.06	-54.34	-22.15	13191.33	-4902.58	8007.98	39.09	126.21	-349.26 12
99	488	317	137	101	139	171	-30.96	-54.43	-22.09	13198.17	-4887.05	8002.38	39.78	121.10	-366.80 12
99	488	317	138	101	140	171	-30.83	-54.46	-22.05	13203.46	-4879.90	8000.06	56.74	126.40	-357.71 12
99	488	317	137	101	140	171	-30.61	-54.36	-22.02	13197.29	-4870.11	8027.06	74.61	133.48	-334.73 12
100	488	317	138	101	139	171	-30.53	-54.34	-22.02	13189.22	-4867.60	8033.31	93.43	128.45	-307.09 12
100	489	317	137	100	139	170	-30.43	-54.35	-21.96	13181.16	-4848.82	8030.24	103.26	126.93	-301.33 12
99	488	317	138	100	139	171	-30.23	-54.39	-21.90	13182.10	-4832.18	8040.73	113.99	113.83	-299.52 12
99	488	317	137	101	139	171	-29.96	-54.53	-21.76	13187.80	-4797.97	8035.69	136.79	100.59	-273.29 12
100	488	317	138	101	140	171	-29.75	-54.64	-21.62	13187.81	-4761.67	8031.91	137.25	89.96	-264.53 12
99	488	317	137	101	138	171	-29.74	-54.75	-21.56	13183.02	-4744.39	8017.91	131.04	76.97	-251.30 12
99	488	317	138	101	140	171	-29.72	-54.80	-21.54	13175.06	-4737.97	8010.42	143.79	63.67	-209.74 12
100	489	317	138	101	140	171	-29.62	-54.91	-21.51	13174.91	-4728.87	8007.70	165.95	36.58	-176.60 12
100	489	317	138	101	140	171	-29.51	-54.97	-21.47	13171.96	-4716.03	8013.11	167.85	17.15	-172.87 12
99	488	317	137	101	140	171	-29.41	-55.10	-21.40	13180.77	-4700.83	8012.25	170.76	-7.10	-174.53 12
100	488	317	137	101	140	172	-29.24	-55.20	-21.33	13185.73	-4684.98	8013.04	189.62	-29.55	-149.60 12
99	489	317	137	101	139	171	-28.98	-55.31	-21.22	13199.04	-4663.14	8021.79	215.69	-49.72	-112.07 12
100	489	317	138	101	138	172	-28.94	-55.44	-21.16	13211.49	-4651.78	8021.90	223.16	-69.28	-101.52 12
99	488	317	137	101	140	171	-28.96	-55.52	-21.11	13236.52	-4649.39	8018.20	224.30	-78.82	-99.99 12
100	489	317	137	101	139	171	-29.04	-55.59	-21.12	13258.89	-4659.72	8011.89	236.58	-82.73	-82.94 12
100	488	317	137	101	139	171	-29.01	-55.67	-21.10	13274.75	-4660.93	8011.50	257.80	-93.14	-57.44 12
99	488	317	138	100	139	171	-28.91	-55.71	-21.03	13290.01	-4649.89	8007.72	276.81	-91.74	-45.97 12
99	489	317	137	101	140	171	-28.79	-55.80	-20.93	13306.91	-4628.99	8001.74	283.52	-92.75	-51.32 12
99	488	317	137	102	140	172	-28.69	-55.74	-20.89	13303.16	-4617.74	8004.65	295.30	-82.66	-36.16 12
99	489	317	137	100	140	171	-28.51	-55.74	-20.83	13297.00	-4600.26	8009.62	313.13	-88.33	-10.40 12
99	489	317	138	100	139	172	-28.43	-55.77	-20.75	13300.75	-4578.44	8003.94	307.73	-81.96	-8.98 12
99	488	317	138	101	140	171	-28.46	-55.72	-20.70	13301.91	-4567.92	7999.54	291.34	-64.86	-12.38 12
100	488	317	137	101	140	171	-28.53	-55.66	-20.69	13307.22	-4566.12	7986.76	299.57	-41.27	14.34 12
100	488	317	137	101	139	172	-28.47	-55.56	-20.74	13293.26	-4573.02	7998.43	301.04	-40.61	25.37 12
99	489	316	138	101	139	171	-28.66	-55.62	-20.76	13294.19	-4579.17	7981.30	302.89	-40.58	23.75 12
99	489	317	137	100	139	171	-28.72	-55.59	-20.70	13306.68	-4568.21	7969.44	294.35	0.95	19.02 12
99	488	316	137	101	139	172	-28.62	-55.47	-20.63	13312.15	-4553.40	7979.17	279.88	40.00	13.56 12
98	488	317	138	102	140	171	-28.42	-55.42	-20.54	13307.54	-4529.73	7989.21	280.59	48.50	18.44 12
98	488	317	137	101	139	171	-28.21	-55.54	-20.42	13309.77	-4498.04	7986.75	276.06	37.98	23.51 12
98	488	318	137	101	139	171	-28.09	-55.55	-20.34	13312.28	-4477.34	7994.41	272.05	27.08	30.04 12
98	488	318	138	101	140	171	-28.24	-55.69	-20.30	13324.86	-4472.67	7974.69	260.90	12.48	24.69 12
99	488	318	138	101	139	172	-28.37	-55.63	-20.35	13330.02	-4486.04	7972.36	260.01	19.15	33.35 12
99	488	318	137	101	138	171	-28.57	-55.58	-20.35	13341.92	-4492.74	7959.74	252.71	39.14	33.94 12
99	488	317	137	101	138	171	-28.60	-55.44	-20.37	13344.62	-4497.30	7961.15	252.42	69.84	38.64 12
99	488	317	138	101	139	172	-28.58	-55.36	-20.38	13338.59	-4497.64	7972.89	250.75	75.00	32.71 12
99	488	318	138	101	139	172	-28.47	-55.33	-20.39	13322.86	-4494.75	7997.25	254.36	47.75	20.27 12
99	488	318	137	100	139	171	-28.53	-55.51	-20.31	13341.52	-4480.02	7963.59	251.29	54.71	10.26 12
100	488	318	138	101	138	171	-28.42	-55.41	-20.26	13343.44	-4469.22	7974.41	254.78	85.62	18.34 12
99	488	318	137	100	138	171	-28.37	-55.35	-20.25	13349.27	-4467.15	7990.29	261.74	93.29	31.38 12
99	488	317	138	101	139	172	-28.32	-55.30	-20.23	13359.61	-4467.40	7999.17	261.40	98.98	22.56 12
99	488	318	138	101	139	171	-28.30	-55.30	-20.19	13369.23	-4461.43	7996.21	262.23	115.28	15.38 12
99	488	318	138	100	138	171	-28.26	-55.28	-20.16	13373.96	-4454.95	7990.00	280.17	126.76	29.96 12
99	488	319	137	101	138	171	-28.12	-55.17	-20.16	13364.07	-4452.21	8000.90	298.76	135.13	40.31 12
99	488	318	137	101	139	172	-28.00	-55.19	-20.08	13363.46	-4431.60	7999.06	290.67	148.92	18.15 12
98	488	317	137	101	139	172	-27.92	-55.07	-20.05	13354.69	-4420.62	8006.50	288.19	174.07	2.14 12
99	488	318	138	101	138	172	-27.71	-55.01	-20.00	13339.96	-4400.59	8026.38	291.73	176.62	3.88 12
99	488	318	137	101	138	170	-27.46	-55.11	-19.88	13339.36	-4370.16	8029.06	283.54	165.99	-8.71 12
99	488	318	138	101	139	172	-27.34	-55.17	-19.77	13339.99	-4342.85	8035.61	263.07	157.74	-22.28 12
99	488	318	138	101	139	173	-27.29	-55.19	-19.70	13338.59	-4323.71	8043.03	245.11	149.85	-17.56 12
99	487	318	138	100	139	172	-27.19	-55.23	-19.66	13334.46	-4312.72	8051.28	241.31	137.56	8.22 12
99	488	317	138	101	138	172	-27.19	-55.22	-19.64	13329.74	-4305.08	8050.51	232.84	144.13	23.41 12
99	488	317	137	101	139	172	-27.08	-55.20	-19.63	13318.05	-4298.03	8074.79	217.90	115.58	12.14 12
98	488	318	138	101	139	172	-27.05	-55.32	-19.59	13327.95	-4291.13	8076.05	215.96	90.15	9.13 12
98	488	317	138	100	139	172	-26.90	-55.37	-19.51	13337.55	-4274.57	8090.44	209.36	76.09	7.37 12
97	488	317	137	101	138	172	-26.98	-55.54	-19.45	13355.67	-4266.44	8083.12	187.94	59.73	-5.80 12
97	488	318	138	101	138	173	-27.03	-55.71	-19.37	13373.29	-4250.52	8063.77	164.94	56.45	-8.61 12
95	488	318	138	101	139	172	-27.05	-55.68	-19.34	13379.22	-4246.19	8066.38	151.15	70.48	0.32 12
96	488	317	138	100	137	173	-27.03	-55.66	-19.28	13385.46	-4233.68	8067.26	139.84	73.95	13.71 12
96	488	318	138	100	139	172	-26.89	-55.55	-19.30	13363.79	-4229.00	8098.30	134.65	69.25	39.27 12
96	488	317	138	101	137	173	-26.84	-55.49	-19.30	13348.60	-4225.55	8116.38	126.36	58.89	55.61 12
97	488	319	138	101	139	172	-26.84	-55.58	-19.31	13337.97	-4222.67	8125.16	111.15	16.15	53.68 12
97	487	319	138	101	139	172	-27.01	-55.70	-19.27	13346.67	-4215.74	8107.90	77.69	6.94	41.54 12
97	488	319	138	101	139	173	-27.07	-55.73	-19.21	13363.74	-4206.95	8096.51	57.90	19.69	51.72 12
97	488	319	138	101	138	173	-27.13	-55.81	-19.15	13378.35	-4197.60	8088.08	41.96	26.21	67.98 12
97	488	319	138	101	139	173	-27.32	-55.87	-19.16	13388.23	-4202.72	8075.28	18.56	23.30	76.43 12
97	488	318	138	101	139	173	-27.45	-55.80	-19.18	13384.22	-4207.99	8067.71	4.73	43.13	101.01 12
97	488	319	138	100	139	173	-27.44	-55.72	-19.19	13378.81	-4206.39	8070.73	2.10	56.78	132.71 12
97	488	319	138	101	139	174	-27.57	-55.59	-19.23	13369.67	-4213.87	8072.39	-11.46	73.39	151.02 12
96	488	319	138	101	138	173	-27.70	-55.50	-19.32	13356.78	-4232.58	8079.17	-21.89	75.17	160.57 12
96	488	319	138	101	137	173	-27.76	-55.46	-19.36	13352.14	-4242.55	8091.61	-30.54	62.81	167.84 12
95	488	320	138	101	139	172	-27.92	-55.51	-19.40	13355.14	-4253.82	8089.43	-49.31	54.32	162.75 12
95	488	320	138	100	139	173	-28.08	-55.54	-19.46	13361.98	-4270.13	8081.96	-63.00	48.90	167.56 12
95	488	319	138	100	140	173	-28.22	-55.63	-19.51	13367.28	-4284.22	8069.86	-57.95	30.71	193.44 12
96	488	318	138	101	138	173	-28.36	-55.60	-19.55	13367.72	-4295.81	8070.17	-63.90	38.77	213.71 12
96	488	320	139	101	140	173	-28.54	-55.44	-19.66	13359.73	-4321.62	8074.66	-68.16	57.03	237.23 12
96	488	320	139	101	139	173	-28.67	-55.40	-19.74	13344.94	-4335.74	8078.33	-62.80	48.68	261.02 12
96	488	319	139	101	140	173	-28.91	-55.38	-19.82	13348.70	-4357.75	8068.01	-75.21	54.50	250.12 12
97	488	320	138	101	139	173	-29.13	-55.33	-19.89	13346.86	-4375.66	8061.01	-91.30	67.12	228.31 12
97	488	319	138	101	139	174	-29.16	-55.30	-19.90	13354.32	-4380.68	8052.96	-97.63	80.07	218.45 12
97	488	320	138	101	139	173	-29.13	-55.30	-19.89	13353.60	-4377.05	8050.11	-100.65	84.31	214.72 12
97	488	320	139	102	139	173	-29.09	-55.30	-19.83	13362.12	-4366.39	8043.81	-111.57	102.90	220.19 12
97	488	320	138	100	139	173	-29.09	-55.26	-19.84	13359.82	-4365.07	8048.62	-126.54	114.75	241.28 12
97	488	320	138	101	138	174	-29.12	-55.21	-19.86	13355.42	-4371.42	8053.38	-118.81	120.67	302.86 12
97	488	320	138	101	140	173	-29.12	-55.19	-19.91	13357.45	-4384.45	8053.72	-107.97	119.78	369.72 12
98	488	318	138	101	140	173	-29.22	-55.11	-19.95	13355.98	-4394.63	8051.63	-116.67	136.29	407.73 12
98	488	320	138	101	139	173	-29.57	-55.03	-20.03	13358.18	-4415.29	8043.05	-161.39	160.98	395.60 12
98	488	320	139	101	139	173	-29.89	-54.76	-20.17	13345.47	-4445.53	8044.90	-206.72	205.88	381.37 12
98	488	320	138	101	139	173	-30.20	-54.57	-20.34	13322.40	-4482.45	8051.25	-230.28	220.34	385.00 12
98	487	320	138	102	139	174	-30.54	-54.50	-20.44	13325.48	-4510.33	8039.69	-252.27	240.77	385.15 12
98	488	320	138	101	139	173	-30.82	-54.27	-20.58	13317.00	-4541.61	8045.30	-284.01	279.98	364.14 12
97	487	320	138	101	139	173	-31.04	-53.99	-20.73	13294.75	-4573.73	8058.04	-322.31	317.68	338.18 12
98	487	320	138	101	140	173	-31.22	-53.83	-20.90	13267.01	-4604.65	8067.14	-346.19	325.95	338.63 12
98	487	320	139	101	139	174	-31.47	-53.61	-21.07	13241.86	-4640.62	8082.38	-371.38	338.70	350.49 12
98	487	320	139	101	139	174	-31.66	-53.51	-21.14	13232.17	-4654.78	8076.66	-400.21	362.86	333.12 12
98	487	320	138	101	139	174	-31.86	-53.29	-21.29	13210.36	-4685.45	8089.43	-423.15	389.77	319.66 12
98	487	320	138	101	139	173	-31.99	-53.27	-21.40	13200.64	-4710.57	8086.36	-424.89	383.43	318.38 12
98	487	319	139	101	139	173	-32.08	-53.18	-21.52	13180.01	-4732.44	8097.24	-436.10	375.56	307.06 12
98	487	320	138	100	137	173	-32.26	-53.17	-21.59	13176.21	-4749.82	8088.38	-451.89	382.83	287.11 12
98	487	320	138	100	139	173	-32.36	-53.08	-21.71	13161.60	-4773.93	8103.36	-470.65	372.59	264.35 12
98	487	320	139	101	139	173	-32.56	-53.10	-21.84	13159.72	-4806.83	8096.39	-472.62	366.31	254.89 12
98	487	320	138	102	139	173	-32.60	-53.00	-21.95	13144.93	-4829.09	8112.57	-475.89	360.80	248.24 12
98	487	320	139	101	138	174	-32.77	-52.98	-22.06	13136.89	-4855.64	8118.14	-490.14	348.16	220.98 12
99	487	320	138	101	139	173	-32.92	-52.97	-22.12	13133.84	-4868.66	8116.43	-516.24	349.05	183.53 12
98	487	319	138	101	139	173	-33.16	-52.93	-22.22	13133.75	-4896.02	8103.81	-531.07	359.50	171.15 12
99	487	320	139	101	139	173	-33.27	-52.86	-22.27	13121.26	-4905.62	8102.82	-539.62	369.82	170.90 12
99	487	320	138	100	138	173	-33.40	-52.86	-22.29	13128.40	-4911.74	8095.48	-568.99	382.03	142.70 12
99	487	319	138	102	139	173	-33.60	-52.71	-22.39	13119.58	-4934.35	8100.11	-600.74	407.73	120.12 12
100	487	319	138	101	141	173	-33.76	-52.54	-22.51	13102.60	-4957.24	8100.30	-614.70	418.99	125.41 12
99	487	320	138	101	139	174	-33.91	-52.38	-22.64	13082.27	-4984.57	8105.89	-638.07	427.94	115.84 12
99	487	320	139	101	139	172	-34.07	-52.22	-22.78	13057.16	-5011.95	8123.39	-665.51	430.25	100.05 12
99	487	320	139	102	140	173	-34.26	-52.13	-22.90	13041.30	-5035.55	8124.22	-677.14	433.98	112.60 12
99	487	319	138	101	139	173	-34.48	-52.05	-23.04	13025.63	-5063.17	8126.01	-687.38	437.13	129.97 12
99	487	319	139	101	139	173	-34.76	-52.04	-23.17	13021.95	-5097.81	8114.11	-696.01	442.43	146.02 12
99	487	319	138	100	140	173	-35.06	-51.95	-23.32	13021.05	-5135.12	8104.00	-712.51	462.96	141.82 12
99	487	320	139	102	140	173	-35.36	-51.77	-23.47	13013.20	-5173.77	8096.80	-730.74	499.36	130.43 12
99	487	319	138	102	140	173	-35.57	-51.55	-23.64	12998.74	-5211.48	8095.56	-728.75	538.29	140.75 12
99	487	319	139	102	139	173	-35.57	-51.31	-23.79	12976.60	-5241.30	8123.39	-713.81	561.43	156.72 12
99	487	319	139	101	140	173	-35.52	-51.26	-23.86	12965.57	-5253.84	8135.82	-700.72	558.65	160.73 12
99	487	319	138	102	140	172	-35.46	-51.26	-23.85	12963.89	-5251.15	8138.23	-709.08	568.82	137.39 12
99	487	319	138	102	139	173	-35.60	-51.21	-23.88	12965.30	-5260.99	8122.51	-735.18	593.28	103.07 12
99	487	319	138	101	137	173	-35.63	-50.92	-24.04	12933.43	-5288.34	8143.39	-733.42	613.77	122.62 12
99	487	319	138	101	140	172	-35.67	-50.74	-24.21	12909.76	-5321.32	8159.02	-719.50	621.43	167.44 12
99	487	319	139	100	140	173	-35.78	-50.52	-24.38	12876.47	-5351.06	8172.47	-727.63	636.06	179.12 12
99	487	319	138	102	140	173	-35.97	-50.21	-24.64	12834.05	-5400.70	8204.24	-737.29	641.80	167.16 12
99	487	319	139	102	139	172	-36.17	-49.92	-24.91	12795.75	-5454.47	8233.03	-754.33	656.66	140.20 12
99	487	319	138	101	140	173	-36.35	-49.78	-25.13	12765.16	-5498.54	8256.98	-763.71	646.53	109.49 12
99	487	319	138	101	140	173	-36.49	-49.65	-25.30	12749.30	-5535.42	8264.13	-761.13	653.45	96.67 12
99	487	319	138	102	140	173	-36.50	-49.51	-25.44	12722.24	-5561.05	8286.32	-759.52	647.13	85.59 12
99	486	319	139	102	139	173	-36.62	-49.49	-25.59	12707.13	-5592.39	8285.41	-763.34	641.42	59.21 12
99	487	319	138	101	140	173	-36.71	-49.36	-25.75	12689.97	-5627.77	8296.54	-771.63	645.35	29.95 12
99	486	319	138	101	140	173	-36.77	-49.18	-25.94	12661.87	-5664.98	8313.71	-759.95	644.29	23.05 12
99	487	319	138	101	139	173	-36.62	-49.14	-26.00	12637.58	-5667.74	8324.83	-744.60	634.62	14.55 12
99	487	319	139	101	139	173	-36.62	-49.18	-25.99	12629.70	-5661.35	8322.58	-758.52	638.29	-19.28 12
100	487	318	138	101	139	173	-36.58	-49.12	-26.01	12616.81	-5660.68	8334.65	-770.89	645.18	-41.77 12
99	487	319	138	102	139	172	-36.59	-49.07	-26.14	12588.57	-5680.85	8342.52	-768.20	635.27	-32.78 12
99	486	319	139	101	139	173	-36.69	-49.07	-26.23	12573.14	-5699.40	8344.00	-770.49	621.80	-29.19 12
100	487	319	138	101	139	173	-36.69	-48.96	-26.31	12545.69	-5704.23	8363.00	-794.31	619.21	-65.23 12
100	487	319	138	101	139	173	-36.82	-48.97	-26.39	12530.40	-5718.02	8365.25	-818.20	603.85	-105.62 12
99	487	319	138	101	139	172	-36.80	-49.01	-26.41	12517.68	-5716.72	8368.18	-835.84	585.96	-125.39 12
100	486	319	138	101	139	172	-36.95	-49.15	-26.41	12526.60	-5721.29	8348.17	-861.50	589.26	-144.42 12
99	486	319	138	102	139	173	-37.14	-49.12	-26.48	12516.07	-5735.02	8347.77	-886.02	588.85	-149.40 12
99	487	320	138	102	139	172	-37.36	-49.01	-26.63	12501.26	-5768.87	8344.18	-891.37	593.66	-124.23 12
99	486	319	138	101	140	172	-37.55	-48.88	-26.84	12470.40	-5809.03	8355.57	-896.35	578.47	-107.62 12
100	487	318	139	101	138	173	-37.92	-48.74	-27.12	12439.08	-5866.97	8353.79	-907.23	561.60	-108.74 12
99	486	319	139	101	140	172	-38.11	-48.50	-27.43	12400.12	-5930.43	8363.70	-889.87	543.02	-91.05 12
99	487	318	139	102	139	172	-38.27	-48.39	-27.72	12370.72	-5990.70	8376.91	-861.48	509.92	-78.10 12
99	486	318	138	102	139	172	-38.43	-48.37	-27.93	12356.38	-6040.17	8381.87	-840.40	475.17	-87.94 12
100	486	318	138	102	139	172	-38.56	-48.54	-27.99	12370.56	-6065.56	8368.58	-820.43	439.91	-111.89 12
99	487	319	139	102	140	173	-38.64	-48.64	-28.07	12378.83	-6091.68	8357.95	-792.41	419.27	-116.65 12
99	486	318	138	101	139	172	-38.54	-48.78	-28.11	12388.09	-6105.10	8353.65	-750.89	398.06	-90.17 12
99	486	319	139	102	139	172	-38.48	-48.88	-28.09	12403.89	-6110.24	8340.77	-721.80	390.90	-76.41 12
100	486	319	139	102	140	173	-38.50	-48.89	-28.16	12401.89	-6126.33	8338.53	-703.86	385.16	-73.84 12
100	486	319	138	102	140	172	-38.45	-48.83	-28.25	12395.00	-6146.41	8342.20	-678.11	376.55	-55.00 12
99	486	319	139	102	139	172	-38.40	-48.84	-28.31	12395.85	-6164.49	8341.29	-638.66	371.07	-33.15 12
100	486	319	138	101	138	173	-38.38	-48.84	-28.36	12388.06	-6173.67	8343.43	-618.83	358.57	-47.09 12
100	486	318	138	101	139	173	-38.36	-48.81	-28.44	12372.25	-6188.79	8347.86	-601.68	344.34	-58.03 12
99	486	319	139	102	140	173	-38.33	-48.93	-28.51	12369.24	-6203.95	8336.46	-568.05	321.22	-53.83 12
99	486	319	138	101	139	172	-38.36	-48.99	-28.53	12372.78	-6210.55	8325.44	-552.65	313.66	-62.29 12
100	487	318	138	102	139	173	-38.45	-49.01	-28.59	12374.54	-6230.82	8313.57	-532.37	311.33	-55.68 12
100	486	318	138	102	140	173	-38.43	-48.98	-28.66	12364.01	-6243.48	8319.69	-506.60	301.96	-44.79 12
100	486	318	138	102	140	172	-38.36	-48.97	-28.72	12356.81	-6253.91	8313.90	-486.32	297.46	-39.05 12
99	486	318	138	101	139	172	-38.30	-48.96	-28.73	12353.37	-6255.41	8314.81	-465.95	296.29	-29.15 12
100	487	318	138	101	139	172	-38.21	-48.98	-28.77	12343.50	-6262.04	8324.27	-448.30	279.03	-27.04 12
100	486	318	139	102	140	172	-38.23	-49.08	-28.79	12346.13	-6268.54	8316.05	-434.34	258.03	-24.99 12
99	486	318	138	101	139	172	-38.20	-49.03	-28.82	12341.62	-6273.11	8315.45	-416.72	257.77	-6.84 12
99	487	318	138	101	139	173	-38.10	-49.00	-28.87	12325.94	-6278.06	8318.68	-395.84	249.74	22.00 12
100	486	318	138	101	139	172	-38.00	-49.10	-28.85	12316.04	-6269.35	8314.55	-378.89	226.35	48.85 12
100	486	318	138	102	140	172	-37.98	-49.21	-28.83	12308.84	-6259.89	8314.22	-379.35	204.23	68.26 12
99	486	318	138	101	139	172	-38.06	-49.25	-28.86	12303.20	-6263.09	8308.51	-389.38	189.17	89.20 12
99	487	319	138	102	139	172	-38.21	-49.25	-28.94	12309.24	-6288.14	8300.48	-394.81	177.36	115.44 12
100	487	318	139	101	139	172	-38.42	-49.26	-29.05	12306.57	-6316.13	8290.06	-391.87	162.89	145.21 12
100	486	318	138	101	139	173	-38.56	-49.31	-29.10	12312.25	-6335.72	8273.75	-387.78	150.85	155.20 12
99	486	318	138	102	139	172	-38.68	-49.28	-29.19	12308.43	-6355.94	8279.07	-395.64	141.86	143.54 12
100	486	317	138	102	138	172	-38.79	-49.26	-29.24	12318.21	-6375.14	8276.71	-397.06	144.26	135.47 12
100	487	317	139	101	139	172	-38.78	-49.25	-29.24	12322.30	-6379.18	8283.08	-394.55	147.50	129.24 12
100	487	318	138	102	140	172	-38.85	-49.26	-29.25	12333.98	-6386.82	8285.12	-393.68	154.47	122.53 12
100	486	318	138	101	139	172	-38.85	-49.22	-29.28	12340.29	-6400.88	8297.07	-386.79	159.15	125.05 12
100	487	318	138	102	139	172	-38.92	-49.27	-29.31	12348.27	-6411.24	8284.61	-381.65	159.54	123.35 12
100	487	318	139	101	141	172	-39.06	-49.29	-29.33	12354.86	-6421.08	8276.18	-388.07	167.67	109.78 12
100	487	317	138	102	140	172	-39.19	-49.24	-29.38	12347.71	-6429.62	8264.17	-389.52	180.13	109.49 12
100	487	317	138	102	139	173	-39.29	-49.19	-29.40	12342.73	-6434.14	8254.56	-396.39	194.83	108.22 12
100	486	317	139	102	140	172	-39.42	-49.05	-29.53	12325.39	-6459.23	8249.04	-396.67	210.69	128.51 12
100	486	318	138	101	141	172	-39.50	-48.95	-29.62	12312.12	-6476.27	8232.58	-385.44	233.15	170.03 12
100	486	318	139	102	140	172	-39.54	-48.86	-29.65	12306.51	-6483.26	8230.55	-388.57	251.69	191.63 12
100	486	318	138	101	138	172	-39.68	-48.81	-29.72	12296.19	-6496.70	8223.83	-399.44	261.91	194.50 12
100	486	317	138	101	140	172	-39.84	-48.69	-29.84	12276.38	-6517.46	8220.44	-413.27	266.56	188.82 12
100	487	317	138	101	140	173	-39.96	-48.56	-29.96	12253.96	-6536.39	8214.21	-423.85	274.29	183.88 12
101	486	318	139	101	139	172	-40.11	-48.45	-30.08	12229.86	-6556.97	8214.30	-439.26	274.17	168.19 12
100	487	318	139	102	139	172	-40.26	-48.35	-30.18	12213.77	-6574.52	8214.79	-457.15	271.86	153.58 12
101	486	318	138	102	140	172	-40.45	-48.35	-30.27	12215.08	-6602.39	8210.45	-466.89	263.82	149.45 12
100	486	318	138	101	139	172	-40.65	-48.29	-30.41	12215.93	-6640.07	8216.93	-475.15	258.88	136.63 12
101	486	318	139	102	139	172	-40.87	-48.33	-30.51	12219.73	-6669.07	8204.28	-482.34	245.83	117.30 12
101	486	317	138	102	140	172	-41.12	-48.24	-30.65	12215.74	-6707.22	8186.47	-483.27	258.19	108.48 12
101	486	318	139	102	139	172	-41.18	-48.17	-30.73	12210.95	-6728.06	8187.94	-479.66	262.73	104.56 12
100	486	317	138	102	140	172	-41.20	-48.10	-30.78	12201.41	-6737.45	8187.75	-478.07	269.45	103.68 12
101	486	318	138	102	139	172	-41.19	-48.16	-30.77	12206.14	-6737.18	8177.36	-473.97	270.42	108.00 12
100	486	318	138	100	140	172	-41.24	-48.07	-30.83	12197.63	-6747.12	8179.69	-476.67	285.05	114.30 12
101	487	318	138	102	140	172	-41.29	-48.03	-30.88	12193.75	-6759.36	8178.91	-479.24	287.50	127.03 12
101	486	318	138	102	138	172	-41.38	-47.92	-30.98	12181.46	-6781.40	8183.36	-486.18	296.68	134.33 12
100	486	318	138	102	140	171	-41.50	-47.86	-31.08	12168.99	-6801.33	8183.39	-497.07	292.49	128.16 12
101	486	318	138	102	139	171	-41.66	-47.71	-31.25	12143.14	-6833.66	8184.22	-502.21	292.92	129.41 12
101	487	317	138	101	139	171	-41.90	-47.63	-31.41	12135.38	-6872.98	8168.21	-497.60	298.82	144.74 12
102	487	317	138	102	139	171	-41.99	-47.53	-31.53	12128.81	-6903.13	8172.60	-493.57	303.18	149.05 12
101	486	317	138	102	139	171	-42.16	-47.44	-31.68	12117.77	-6939.17	8169.97	-492.29	301.82	145.15 12
101	486	317	139	102	140	171	-42.34	-47.32	-31.83	12113.48	-6980.61	8172.07	-487.53	312.03	141.49 12
101	487	317	138	101	139	172	-42.34	-47.26	-31.91	12105.41	-6998.58	8176.87	-479.15	309.58	132.71 12
102	487	317	138	102	139	171	-42.32	-47.19	-32.02	12093.54	-7019.45	8177.42	-457.15	312.70	142.98 12
101	486	317	138	101	139	171	-42.27	-47.13	-32.09	12079.46	-7033.08	8180.75	-438.74	310.51	154.58 12
102	486	317	139	102	140	172	-42.26	-47.09	-32.15	12072.69	-7044.43	8179.52	-429.60	306.19	153.30 12
101	486	317	138	102	140	171	-42.30	-47.02	-32.22	12069.25	-7062.00	8183.74	-429.42	314.08	139.74 12
101	487	317	138	102	139	171	-42.33	-46.96	-32.30	12050.39	-7073.30	8178.55	-424.00	316.43	132.65 12
101	486	317	138	102	140	172	-42.29	-46.92	-32.35	12038.47	-7080.24	8178.43	-410.80	316.00	139.97 12
101	486	317	139	102	140	171	-42.20	-46.85	-32.40	12024.15	-7086.63	8191.50	-406.61	310.60	137.77 12
101	486	317	139	102	139	171	-42.16	-46.85	-32.45	12009.34	-7090.50	8195.33	-399.68	296.77	145.08 12
101	486	317	138	102	139	172	-42.26	-46.80	-32.55	11998.27	-7112.57	8190.76	-392.50	292.23	149.53 12
101	486	317	138	101	140	171	-42.36	-46.76	-32.63	11990.36	-7131.14	8186.62	-389.12	288.22	144.50 12
101	487	318	138	102	139	171	-42.40	-46.75	-32.71	11978.84	-7145.99	8184.89	-380.67	275.56	140.62 12
101	487	317	138	102	139	171	-42.46	-46.77	-32.76	11965.90	-7152.09	8180.65	-379.63	264.03	134.19 12
101	487	317	138	101	140	171	-42.57	-46.74	-32.80	11961.60	-7160.88	8180.42	-389.25	267.23	129.43 12
100	487	317	138	102	140	171	-42.78	-46.64	-32.86	11962.12	-7177.04	8168.79	-409.44	292.22	129.91 12
100	486	317	138	100	139	171	-42.97	-46.50	-33.00	11957.82	-7214.19	8163.95	-422.07	317.61	137.12 12
100	486	317	138	101	139	171	-42.96	-46.38	-33.09	11950.13	-7235.68	8177.56	-416.41	328.08	146.21 12
100	486	318	139	100	140	171	-43.03	-46.46	-33.11	11952.42	-7244.89	8168.68	-408.99	308.48	137.45 12
101	486	318	138	100	139	170	-43.13	-46.46	-33.14	11960.60	-7257.25	8166.84	-418.04	310.10	110.63 12
100	487	319	139	101	139	171	-43.19	-46.36	-33.20	11956.57	-7272.79	8169.30	-425.54	331.00	93.20 12
100	486	318	138	100	139	170	-43.16	-46.30	-33.29	11936.94	-7284.75	8183.24	-420.11	322.65	94.39 12
100	486	318	138	100	139	171	-43.30	-46.30	-33.33	11926.69	-7291.71	8177.67	-418.61	319.01	94.67 12
101	486	319	139	101	140	171	-43.30	-46.23	-33.43	11915.56	-7311.72	8191.19	-416.93	311.96	79.18 12
101	486	318	139	101	139	171	-43.38	-46.28	-33.46	11918.98	-7322.74	8173.63	-415.48	305.42	55.92 12
101	487	318	138	101	139	171	-43.38	-46.24	-33.52	11903.83	-7329.60	8168.35	-405.66	308.84	44.03 12
101	486	318	139	100	140	171	-43.36	-46.22	-33.53	11894.24	-7327.52	8166.53	-406.47	315.00	25.83 12
101	486	318	139	101	139	171	-43.38	-46.27	-33.54	11888.53	-7325.94	8158.41	-409.75	309.40	10.49 12
101	486	318	139	101	139	171	-43.41	-46.26	-33.57	11876.10	-7326.05	8150.69	-415.51	311.28	5.26 12
101	487	318	139	101	140	171	-43.46	-46.20	-33.63	11856.09	-7331.14	8151.35	-431.99	307.97	-4.15 12
101	486	319	138	100	140	170	-43.59	-46.20	-33.70	11836.49	-7337.99	8149.98	-445.74	298.02	4.61 12
101	486	318	139	101	140	171	-43.74	-46.11	-33.81	11817.87	-7357.09	8149.28	-465.35	293.57	13.93 12
102	486	318	138	101	139	170	-43.87	-46.04	-33.98	11799.77	-7395.03	8155.02	-473.28	277.39	22.83 12
101	486	318	139	101	140	171	-44.02	-46.04	-34.10	11799.18	-7429.08	8146.87	-473.72	257.62	27.49 12
101	487	320	139	102	140	170	-44.20	-46.03	-34.22	11799.43	-7464.83	8141.53	-475.73	243.39	19.11 12
101	486	319	139	102	138	170	-44.30	-46.00	-34.33	11798.45	-7495.99	8139.05	-476.60	234.42	6.71 12
101	486	318	138	101	139	170	-44.42	-46.04	-34.38	11799.93	-7511.79	8123.30	-470.47	220.85	-0.58 12
101	486	319	139	101	139	170	-44.45	-46.06	-34.42	11803.73	-7525.80	8117.93	-465.04	219.96	-6.30 12
100	486	318	138	101	139	170	-44.50	-46.06	-34.47	11806.75	-7543.11	8115.24	-456.94	215.11	-16.73 12
101	486	318	138	101	139	170	-44.49	-46.10	-34.51	11803.41	-7551.75	8111.67	-442.09	205.75	-20.75 12
101	486	318	138	101	139	170	-44.57	-46.16	-34.52	11808.24	-7558.36	8102.49	-437.94	200.12	-36.61 12
101	487	319	139	102	140	170	-44.63	-46.16	-34.56	11811.43	-7571.25	8095.57	-433.19	201.36	-45.73 12
101	486	318	139	101	137	170	-44.65	-46.25	-34.57	11811.45	-7575.48	8086.79	-419.53	188.84	-43.99 12
101	486	319	139	101	139	170	-44.65	-46.25	-34.59	11802.68	-7575.11	8079.45	-420.11	187.80	-53.44 12
102	486	319	138	102	139	170	-44.70	-46.21	-34.66	11790.75	-7587.35	8075.87	-418.15	180.51	-61.77 12
101	486	318	138	101	140	169	-44.68	-46.27	-34.68	11786.81	-7590.39	8072.88	-413.39	162.48	-65.23 12
102	486	318	139	101	139	170	-44.72	-46.34	-34.71	11782.67	-7597.67	8056.04	-402.32	150.91	-57.47 12
102	486	318	139	102	138	170	-44.81	-46.39	-34.70	11788.74	-7597.98	8035.43	-406.21	156.56	-65.00 12
102	486	318	138	101	139	170	-44.85	-46.44	-34.69	11803.50	-7606.48	8029.26	-405.85	152.84	-69.80 12
102	486	318	139	101	139	170	-44.83	-46.48	-34.69	11811.92	-7610.36	8026.80	-398.85	148.49	-61.41 12
102	486	318	139	102	139	170	-44.86	-46.38	-34.74	11808.53	-7623.64	8040.66	-399.01	155.47	-63.69 12
102	486	318	139	102	140	170	-44.86	-46.40	-34.77	11808.50	-7631.46	8043.23	-396.91	141.95	-67.60 12
102	486	319	138	101	140	170	-44.85	-46.43	-34.83	11801.08	-7644.49	8039.07	-386.67	125.20	-64.17 12
101	486	318	139	101	140	171	-44.90	-46.48	-34.89	11798.82	-7661.26	8035.91	-379.38	100.74	-60.76 12
101	486	318	139	101	139	170	-45.11	-46.61	-34.94	11802.28	-7678.40	8007.12	-369.21	83.90	-59.88 12
102	486	319	139	101	139	170	-45.20	-46.59	-35.01	11800.77	-7698.08	7988.76	-360.95	84.91	-60.33 12
101	486	318	139	101	141	170	-45.22	-46.66	-35.01	11805.73	-7702.97	7978.12	-349.76	74.61	-60.52 12
101	486	318	139	101	139	170	-45.26	-46.73	-34.98	11816.24	-7702.43	7960.02	-340.72	71.18	-65.09 12
102	487	318	139	101	138	170	-45.26	-46.77	-34.96	11821.63	-7700.50	7950.41	-335.38	68.47	-66.34 12
102	486	317	139	102	140	169	-45.31	-46.79	-34.97	11824.35	-7705.28	7930.49	-332.61	70.95	-64.77 12
101	486	318	139	101	140	170	-45.36	-46.80	-34.98	11824.93	-7707.61	7917.37	-329.78	73.85	-57.53 12
102	486	317	139	101	140	170	-45.39	-46.78	-35.00	11820.88	-7709.23	7911.90	-329.24	75.51	-50.40 12
102	487	318	138	102	140	170	-45.44	-46.85	-34.97	11828.04	-7706.97	7903.90	-332.53	65.68	-51.83 12
102	486	317	139	102	140	170	-45.50	-46.89	-34.99	11831.44	-7715.22	7899.51	-334.25	62.05	-49.29 12
102	486	317	139	102	141	169	-45.46	-46.93	-34.99	11828.87	-7713.66	7895.73	-338.89	53.20	-56.63 12
102	486	317	139	102	139	170	-45.54	-46.99	-35.00	11829.82	-7717.58	7882.95	-341.65	39.89	-58.10 12
102	486	316	139	101	139	169	-45.54	-47.07	-34.98	11837.53	-7717.70	7882.20	-339.66	25.14	-54.89 12
102	486	317	138	101	140	169	-45.68	-47.19	-34.94	11857.65	-7717.62	7858.49	-344.48	23.64	-58.10 12
102	486	317	139	102	140	170	-45.86	-47.23	-34.93	11873.97	-7725.53	7850.96	-361.76	31.00	-69.84 12
102	486	317	139	102	139	169	-45.98	-47.25	-34.90	11892.47	-7731.46	7834.02	-371.27	46.50	-73.50 12
103	486	317	138	101	139	170	-46.03	-47.22	-34.88	11907.25	-7734.08	7826.12	-375.01	62.03	-73.37 12
102	486	317	139	102	140	168	-46.06	-47.14	-34.89	11911.69	-7741.38	7826.41	-378.61	78.73	-74.91 12
102	487	317	139	101	140	169	-46.16	-47.07	-34.94	11903.30	-7751.51	7820.09	-389.98	89.04	-74.11 12
102	486	317	139	101	139	170	-46.17	-46.93	-35.02	11886.74	-7762.54	7822.08	-388.63	100.89	-57.10 12
102	486	317	139	101	139	169	-46.25	-46.89	-35.08	11879.80	-7776.01	7818.78	-397.95	102.39	-55.50 12
102	486	317	139	102	141	169	-46.35	-46.90	-35.09	11883.41	-7782.21	7808.24	-411.15	106.67	-60.82 12
102	486	317	139	101	139	169	-46.49	-46.90	-35.13	11878.64	-7790.70	7795.23	-419.59	107.64	-53.18 12
102	486	317	138	102	139	169	-46.59	-46.93	-35.16	11882.51	-7801.96	7783.07	-421.96	103.06	-40.37 12
102	487	317	139	102	140	169	-46.85	-46.92	-35.22	11886.98	-7821.86	7753.51	-432.81	113.01	-37.91 12
102	486	317	139	102	141	169	-46.98	-46.89	-35.27	11890.63	-7841.77	7742.04	-432.42	117.71	-31.71 12
102	486	317	139	101	139	169	-47.03	-46.90	-35.31	11890.90	-7851.68	7742.14	-432.15	112.57	-30.92 12
102	486	317	139	101	141	169	-47.07	-46.92	-35.32	11896.56	-7858.90	7731.43	-429.29	114.34	-32.48 12
102	486	317	139	102	140	169	-47.11	-46.89	-35.33	11898.73	-7865.95	7718.46	-425.08	121.57	-29.35 12
102	486	317	139	102	139	169	-47.18	-46.86	-35.37	11894.79	-7874.26	7707.74	-419.32	122.95	-24.79 12
102	486	317	139	101	139	169	-47.19	-46.80	-35.42	11887.85	-7883.34	7707.15	-420.71	132.45	-26.75 12
102	486	317	139	102	140	169	-47.27	-46.84	-35.43	11887.46	-7887.18	7694.59	-425.12	129.68	-34.56 12
102	486	318	139	102	140	169	-47.38	-46.83	-35.46	11892.89	-7899.42	7685.66	-428.92	139.04	-36.88 12
102	486	317	138	102	139	170	-47.39	-46.82	-35.48	11891.84	-7904.25	7680.78	-429.52	138.74	-35.69 12
102	486	317	140	102	138	169	-47.47	-46.85	-35.50	11892.25	-7912.43	7672.14	-432.70	140.35	-40.65 12
102	486	317	139	101	140	169	-47.48	-46.85	-35.50	11897.84	-7915.81	7666.33	-442.11	141.79	-52.87 12
102	487	317	139	102	140	170	-47.55	-46.91	-35.49	11910.75	-7920.62	7652.21	-450.40	144.80	-61.58 12
102	486	317	139	101	139	169	-47.65	-46.92	-35.51	11914.21	-7930.19	7633.40	-454.18	150.51	-62.10 12
102	486	317	139	102	140	169	-47.78	-46.86	-35.56	11911.10	-7943.08	7619.53	-452.68	158.98	-53.14 12
102	486	317	139	102	140	169	-47.93	-46.79	-35.61	11910.34	-7959.13	7602.96	-453.99	174.98	-46.24 12
102	486	316	139	102	140	168	-48.07	-46.68	-35.71	11900.02	-7982.17	7602.01	-454.44	182.08	-50.62 12
102	486	317	139	102	140	169	-48.12	-46.51	-35.82	11890.22	-8008.46	7602.51	-447.47	197.08	-50.64 12
102	486	317	138	101	140	168	-48.20	-46.51	-35.90	11884.11	-8028.24	7595.58	-440.20	187.42	-59.11 12
102	486	317	139	102	140	169	-48.21	-46.42	-35.97	11877.71	-8044.83	7597.40	-428.04	197.25	-61.36 12
102	487	317	139	102	139	169	-48.21	-46.46	-35.99	11882.02	-8054.58	7587.33	-410.28	192.94	-60.14 12
102	486	317	139	101	139	169	-48.30	-46.50	-36.01	11892.72	-8067.06	7571.97	-404.22	195.19	-68.93 12
102	487	316	139	102	139	169	-48.42	-46.47	-36.07	11893.08	-8088.90	7551.17	-386.36	207.38	-63.33 12
102	487	317	139	101	140	169	-48.53	-46.35	-36.20	11881.23	-8119.06	7542.21	-368.89	213.66	-67.42 12
102	486	317	139	102	139	169	-48.59	-46.29	-36.32	11870.77	-8148.70	7537.90	-339.70	203.88	-71.50 12
102	486	316	139	101	140	169	-48.54	-46.14	-36.48	11848.63	-8182.07	7533.40	-298.81	202.54	-66.42 12
102	487	317	139	101	140	169	-48.40	-46.00	-36.66	11812.00	-8209.37	7548.33	-255.77	182.11	-70.60 12
103	487	317	139	102	141	170	-48.26	-46.07	-36.78	11791.60	-8232.50	7559.92	-208.03	131.21	-80.82 12
102	486	317	139	101	140	169	-48.19	-46.26	-36.80	11792.42	-8239.07	7536.52	-160.63	97.59	-101.03 12
102	486	317	139	102	141	170	-48.06	-46.42	-36.75	11806.20	-8233.32	7527.29	-123.10	78.12	-122.43 12
102	487	317	139	101	140	170	-47.85	-46.65	-36.68	11820.89	-8221.85	7517.13	-69.09	42.06	-117.41 12
102	487	317	139	102	139	170	-47.69	-46.90	-36.56	11837.44	-8197.76	7496.67	-26.49	16.61	-115.34 12
102	487	317	139	102	140	169	-47.52	-47.07	-36.44	11854.77	-8174.07	7492.04	-1.47	1.98	-126.72 12
103	487	317	140	102	139	170	-47.35	-47.17	-36.43	11843.43	-8161.37	7497.44	19.46	-32.57	-131.78 12
102	487	317	139	102	140	169	-47.27	-47.27	-36.46	11836.26	-8167.70	7500.37	55.73	-71.74	-123.24 12
102	487	317	139	101	140	169	-47.20	-47.38	-36.51	11831.65	-8177.91	7493.75	99.50	-116.86	-125.73 12
103	487	317	139	102	140	170	-47.19	-47.46	-36.58	11834.66	-8202.22	7473.06	151.62	-149.36	-136.70 12
102	487	316	139	102	141	169	-47.12	-47.59	-36.60	11844.93	-8215.71	7464.01	204.24	-184.25	-157.46 12
103	487	316	139	102	140	170	-46.94	-47.70	-36.58	11858.08	-8218.92	7454.61	264.83	-204.63	-168.99 12
102	487	317	139	101	140	170	-46.69	-47.96	-36.44	11889.18	-8199.78	7454.28	323.09	-232.15	-186.24 12
102	487	317	139	101	139	169	-46.39	-48.25	-36.24	11924.92	-8162.59	7444.76	376.28	-255.94	-203.78 12
102	487	317	139	101	141	170	-46.11	-48.56	-36.02	11965.88	-8124.46	7428.32	427.07	-270.80	-211.59 12
102	487	317	139	101	140	169	-45.79	-48.79	-35.77	12008.98	-8076.23	7417.91	467.37	-266.41	-218.11 12
102	487	317	138	102	139	169	-45.44	-48.98	-35.54	12035.13	-8025.62	7408.21	506.75	-262.49	-211.70 12
103	487	317	139	101	140	169	-44.99	-49.16	-35.33	12043.38	-7965.54	7413.60	546.26	-264.71	-191.52 12
102	487	317	139	101	140	170	-44.65	-49.23	-35.16	12042.81	-7913.66	7419.52	566.60	-261.83	-181.34 12
102	487	317	138	102	140	170	-44.30	-49.20	-35.06	12021.47	-7867.38	7441.34	580.37	-268.44	-164.87 12
103	487	317	139	101	140	170	-44.08	-49.36	-34.94	12015.79	-7829.61	7451.28	580.80	-299.16	-147.53 12
102	487	317	139	102	141	170	-43.94	-49.48	-34.84	12011.40	-7793.33	7450.71	579.96	-327.86	-123.70 12
102	487	317	139	101	141	170	-43.86	-49.71	-34.75	12007.43	-7766.06	7447.78	583.61	-381.26	-100.17 12
102	487	317	139	102	140	170	-43.90	-49.97	-34.71	12004.66	-7751.56	7442.99	576.08	-448.00	-99.46 12
103	487	317	139	101	141	170	-44.04	-50.19	-34.75	11994.63	-7755.18	7435.24	575.78	-521.20	-90.94 12
102	487	317	139	102	141	171	-44.20	-50.46	-34.81	11987.30	-7770.42	7423.88	586.04	-617.39	-88.84 12
102	487	316	139	102	140	170	-44.44	-50.77	-34.84	12003.73	-7789.30	7392.28	610.29	-696.87	-94.15 12
