96	520	507	236	181	221	162	9.86	-62.82	3.73	14411.55	1251.89	7263.08	140.94	34.29	31.60 4
96	520	506	236	181	222	162	9.83	-62.78	3.70	14402.97	1244.89	7267.33	150.29	33.63	33.22 4
95	520	506	235	181	221	161	9.87	-62.76	3.69	14385.42	1241.65	7280.36	169.43	16.54	30.71 4
96	520	507	235	181	221	161	9.93	-62.75	3.71	14376.95	1244.77	7301.54	184.90	-15.83	29.67 4
96	520	507	236	182	222	161	10.05	-62.81	3.74	14375.51	1252.93	7297.46	182.21	-31.64	37.64 4
95	520	507	236	182	223	161	10.12	-62.91	3.74	14374.93	1252.68	7287.39	195.55	-47.51	49.56 4
96	520	507	236	182	222	161	10.29	-62.97	3.77	14377.18	1260.05	7281.82	224.67	-61.83	59.18 4
96	520	507	236	183	222	162	10.45	-63.05	3.81	14387.12	1270.44	7280.53	223.24	-88.44	67.72 4
96	520	507	237	184	222	162	10.47	-63.23	3.81	14398.97	1271.52	7263.90	217.73	-113.22	76.13 4
95	520	507	237	183	222	161	10.51	-63.39	3.79	14410.42	1267.15	7244.11	232.24	-129.11	85.63 4
96	520	507	237	183	221	161	10.62	-63.55	3.79	14417.30	1268.59	7221.10	245.93	-144.15	102.70 4
96	520	507	236	183	222	161	10.61	-63.67	3.78	14422.03	1265.56	7208.65	247.18	-161.65	118.91 4
96	520	507	237	183	222	162	10.54	-63.80	3.73	14437.73	1254.48	7190.21	239.12	-164.46	137.91 4
96	520	507	236	183	222	161	10.52	-63.88	3.71	14443.25	1249.16	7162.70	241.07	-158.74	156.47 4
95	520	507	237	184	223	162	10.48	-63.97	3.68	14447.88	1242.30	7138.37	238.16	-154.05	169.35 4
96	520	507	237	183	224	161	10.43	-64.12	3.65	14458.29	1235.58	7102.25	224.80	-147.00	181.48 4
96	520	507	237	183	222	161	10.38	-64.21	3.61	14469.97	1227.81	7069.14	217.91	-127.50	194.80 4
95	520	507	237	183	223	162	10.32	-64.25	3.59	14490.67	1222.41	7043.68	220.87	-103.28	202.06 4
95	520	507	236	183	222	161	10.26	-64.17	3.55	14504.14	1212.69	7033.50	212.77	-64.91	208.31 4
95	520	507	236	183	223	163	9.93	-64.03	3.45	14505.13	1188.06	7042.22	193.34	-39.17	210.25 4
96	520	507	236	183	223	162	9.67	-63.96	3.36	14516.28	1167.06	7058.71	188.92	-30.96	198.98 4
96	520	507	236	184	222	161	9.60	-63.93	3.35	14524.86	1164.30	7058.77	183.37	-25.96	191.68 4
96	520	507	236	184	222	162	9.52	-63.94	3.33	14533.22	1161.69	7066.43	177.45	-27.51	186.60 4
96	520	507	236	184	222	162	9.54	-63.93	3.33	14538.56	1161.20	7064.51	178.28	-22.24	182.12 4
96	520	507	236	183	224	162	9.61	-63.95	3.32	14540.03	1159.74	7054.09	185.02	-24.17	175.01 4
95	520	507	237	183	223	162	9.70	-63.92	3.34	14537.63	1163.16	7062.38	193.77	-32.87	169.76 4
96	520	507	237	184	224	162	9.65	-63.92	3.32	14532.95	1158.40	7084.06	203.13	-65.92	166.23 4
95	520	507	236	183	222	161	9.65	-64.01	3.32	14549.50	1159.48	7082.46	195.57	-90.33	166.11 4
97	520	507	237	184	223	162	9.55	-64.10	3.26	14559.22	1145.30	7071.94	195.84	-93.01	167.61 4
96	520	507	236	183	222	162	9.65	-64.17	3.28	14564.26	1149.24	7063.14	205.65	-103.16	165.83 4
96	520	507	237	183	224	162	9.70	-64.34	3.28	14558.65	1150.38	7036.38	201.12	-123.80	164.74 4
95	520	507	236	183	222	163	9.81	-64.55	3.31	14566.92	1156.86	7009.36	193.61	-148.46	160.35 4
96	520	507	237	183	223	162	9.95	-64.69	3.33	14577.57	1163.02	6975.10	190.28	-145.94	164.33 4
96	520	507	237	183	223	162	10.06	-64.83	3.34	14580.69	1165.06	6937.14	191.62	-142.09	169.32 4
96	520	507	236	183	223	162	10.09	-64.94	3.34	14586.26	1165.21	6908.48	186.49	-137.49	176.00 4
95	520	507	236	183	222	162	9.89	-64.96	3.25	14591.54	1144.75	6892.26	185.81	-132.21	183.30 4
96	520	507	237	182	224	162	9.76	-64.96	3.21	14601.57	1133.71	6885.45	180.87	-118.25	189.03 4
96	520	507	236	184	223	162	9.52	-64.93	3.14	14603.89	1118.23	6881.37	160.43	-106.64	191.83 4
96	520	507	236	183	223	162	9.27	-65.00	3.06	14606.09	1098.72	6872.70	147.11	-114.26	183.69 4
96	520	507	236	183	223	162	9.38	-65.09	3.09	14624.39	1105.58	6854.67	140.50	-110.74	175.11 4
96	520	507	237	183	223	162	9.47	-65.13	3.12	14638.37	1113.70	6835.94	113.83	-97.31	175.25 4
96	520	507	236	183	223	162	9.45	-65.15	3.12	14641.25	1114.22	6813.14	95.89	-73.24	178.49 4
96	520	507	236	183	224	162	9.40	-65.12	3.09	14648.19	1106.51	6803.28	100.89	-49.68	179.61 4
96	520	506	236	183	223	162	9.36	-65.07	3.08	14655.38	1105.38	6802.92	85.60	-32.50	177.98 4
96	520	507	236	183	223	162	9.11	-65.01	3.02	14655.41	1090.31	6810.17	63.07	-25.22	180.48 4
95	520	507	236	183	223	162	9.04	-64.99	2.97	14656.04	1076.80	6818.46	73.96	-27.21	179.41 4
96	520	507	236	184	223	161	9.07	-64.94	2.96	14663.84	1074.76	6825.14	70.37	-26.10	177.99 4
96	520	507	236	183	222	162	8.96	-64.93	2.96	14668.04	1075.22	6828.28	54.00	-18.49	184.44 4
97	520	507	236	183	224	162	8.98	-64.94	2.94	14670.24	1069.46	6824.67	70.00	-25.82	185.47 4
96	520	507	236	183	223	162	9.09	-65.00	2.96	14681.73	1076.78	6819.63	74.60	-33.63	185.14 4
96	520	507	236	183	222	162	9.08	-65.07	2.93	14682.44	1069.94	6809.25	83.02	-45.45	189.14 4
95	520	507	235	182	221	163	9.14	-65.16	2.94	14695.92	1071.05	6798.19	89.87	-52.52	194.13 4
97	520	507	236	182	223	162	9.04	-65.24	2.88	14702.92	1057.30	6785.08	93.92	-56.15	199.07 4
97	520	507	235	182	224	162	9.02	-65.32	2.87	14712.58	1054.63	6770.83	92.93	-54.59	198.57 4
96	520	507	235	182	223	162	8.92	-65.40	2.80	14714.15	1038.30	6747.08	110.13	-47.06	200.84 4
96	521	507	235	181	222	163	8.97	-65.47	2.80	14709.04	1038.18	6735.53	120.77	-58.66	195.45 4
96	520	506	235	181	223	162	8.93	-65.50	2.82	14721.39	1043.67	6724.75	95.64	-52.83	198.53 4
96	520	507	234	181	222	162	8.47	-65.55	2.68	14729.12	1007.69	6713.32	79.85	-45.53	194.40 4
96	520	506	234	181	223	162	8.32	-65.57	2.62	14733.06	993.91	6704.05	65.26	-34.11	175.38 4
96	520	506	234	181	224	162	8.17	-65.60	2.58	14741.41	983.21	6685.65	43.25	-21.00	154.06 4
97	520	506	234	181	224	163	8.05	-65.56	2.56	14745.54	978.65	6697.16	28.29	-16.95	129.81 4
96	520	506	234	180	224	162	8.08	-65.49	2.57	14750.26	981.52	6704.71	18.17	-9.80	111.47 4
97	520	506	234	180	223	163	8.04	-65.39	2.59	14739.15	986.24	6716.27	-6.09	-6.76	101.59 4
97	520	506	234	180	222	163	7.97	-65.39	2.60	14739.19	988.53	6720.06	-22.98	-17.58	93.37 4
97	520	506	234	180	224	162	8.05	-65.42	2.63	14739.43	995.70	6716.05	-28.93	-27.25	83.90 4
96	520	506	234	180	223	162	8.06	-65.41	2.64	14740.26	999.12	6713.05	-40.64	-28.18	77.75 4
96	520	506	234	181	224	163	8.09	-65.41	2.63	14743.65	997.16	6703.80	-35.21	-15.08	69.41 4
96	520	506	233	180	225	163	8.28	-65.43	2.67	14737.06	1005.10	6686.81	-22.29	-4.27	60.29 4
97	520	506	234	180	223	162	8.35	-65.46	2.69	14739.21	1010.65	6678.27	-36.93	0.99	58.03 4
96	520	506	235	180	223	162	8.25	-65.39	2.63	14740.65	996.52	6686.15	-32.98	19.84	60.33 4
97	520	506	234	180	224	162	8.28	-65.27	2.62	14748.82	994.29	6696.25	-13.83	46.40	56.46 4
96	520	506	234	180	223	162	8.29	-65.19	2.63	14746.17	997.38	6706.83	-18.54	54.98	53.09 4
96	520	506	234	181	224	163	8.25	-65.18	2.62	14749.87	994.11	6715.89	-18.12	50.53	51.08 4
96	520	506	234	181	223	163	8.31	-65.15	2.63	14754.37	996.80	6716.30	-13.46	56.10	48.18 4
97	520	506	234	180	224	162	8.40	-65.11	2.64	14757.65	1000.56	6709.08	-10.14	71.25	50.87 4
96	520	506	234	180	223	163	8.25	-65.13	2.58	14758.57	983.33	6692.63	3.92	79.84	52.78 4
96	520	506	234	180	223	162	8.27	-65.08	2.56	14761.24	979.77	6704.20	27.32	83.19	49.04 4
96	520	506	233	179	222	163	8.13	-65.06	2.52	14758.98	969.98	6717.39	27.21	79.74	47.44 4
96	520	506	233	180	223	162	8.03	-65.03	2.49	14768.43	962.28	6724.32	26.35	78.00	45.26 4
96	520	505	233	179	224	162	8.09	-65.06	2.49	14764.61	962.37	6722.50	40.13	71.15	42.55 4
97	520	506	233	180	223	163	8.15	-65.09	2.50	14760.58	964.65	6718.98	38.92	63.99	44.02 4
96	520	505	233	179	224	163	8.11	-65.14	2.49	14756.55	961.41	6716.83	37.53	50.64	43.12 4
97	520	506	232	179	223	162	8.27	-65.18	2.53	14755.72	971.34	6712.99	44.10	42.71	41.52 4
96	520	505	232	179	222	163	8.40	-65.20	2.54	14755.14	975.58	6699.34	50.05	45.57	42.94 4
96	520	505	232	179	224	162	8.50	-65.22	2.55	14750.78	976.80	6693.57	58.64	42.10	46.64 4
96	520	505	232	179	223	162	8.54	-65.27	2.57	14752.84	980.16	6685.89	64.71	40.79	52.71 4
96	520	505	232	178	223	162	8.59	-65.26	2.57	14753.60	981.75	6684.00	68.68	49.75	61.63 4
96	520	505	232	179	223	162	8.51	-65.29	2.54	14753.32	973.46	6677.20	73.84	52.01	66.44 4
96	520	505	232	178	224	163	8.53	-65.31	2.53	14752.85	970.79	6678.34	88.40	45.06	61.07 4
97	520	505	232	178	224	163	8.60	-65.38	2.56	14756.21	978.25	6670.82	89.83	40.26	56.72 4
97	520	505	232	178	223	162	8.69	-65.43	2.59	14759.00	986.94	6657.48	77.64	40.60	58.73 4
96	520	504	232	179	224	162	8.67	-65.39	2.61	14744.45	990.79	6655.81	91.11	45.22	63.90 4
96	520	503	232	178	223	162	8.92	-65.39	2.67	14745.43	1006.05	6636.22	94.60	62.76	67.00 4
96	520	503	232	179	224	163	8.88	-65.40	2.66	14739.75	1003.55	6621.00	85.47	79.32	77.70 4
97	520	503	232	178	224	162	8.77	-65.45	2.62	14750.97	993.57	6602.95	80.50	95.05	85.97 4
96	520	503	231	178	224	162	8.40	-65.45	2.52	14763.02	969.69	6591.01	76.47	121.30	88.02 4
96	520	503	231	178	224	163	8.07	-65.32	2.43	14771.27	947.41	6603.86	61.80	157.03	85.67 4
97	520	503	231	178	224	162	7.76	-65.14	2.32	14775.10	920.24	6629.26	56.31	180.98	72.33 4
96	520	503	231	178	224	163	7.57	-65.00	2.28	14776.15	910.83	6664.40	58.19	181.78	45.62 4
96	520	503	231	178	224	162	7.57	-64.82	2.30	14776.14	914.88	6707.98	50.78	175.59	20.29 4
97	520	503	231	178	224	163	7.70	-64.73	2.37	14766.13	931.54	6738.38	41.39	153.96	-1.78 4
96	519	503	231	178	224	163	7.94	-64.76	2.47	14754.63	955.36	6747.26	32.38	125.07	-16.89 4
96	520	503	232	178	223	161	8.25	-64.80	2.56	14751.49	979.99	6750.30	35.81	102.31	-22.99 4
96	520	503	231	178	224	162	8.51	-64.88	2.65	14750.72	1002.20	6749.38	42.67	79.60	-18.80 4
97	520	503	231	178	223	162	8.69	-64.92	2.70	14747.78	1013.89	6742.71	46.08	64.97	-4.96 4
97	520	503	231	178	223	162	8.67	-65.01	2.69	14742.59	1012.19	6735.98	42.63	38.32	5.74 4
97	520	503	231	178	223	162	8.53	-65.13	2.63	14742.86	995.78	6724.78	56.10	23.70	16.26 4
96	520	503	231	178	223	163	8.52	-65.19	2.60	14745.32	988.99	6716.74	66.24	23.42	20.44 4
96	520	503	232	178	224	163	8.52	-65.24	2.59	14743.45	987.14	6704.30	67.53	28.05	22.32 4
96	520	503	231	178	224	163	8.50	-65.31	2.57	14737.48	979.99	6689.29	75.00	30.84	20.45 4
96	520	503	231	178	224	163	8.72	-65.44	2.61	14737.41	989.19	6664.02	84.00	29.45	14.33 4
97	520	503	231	178	223	162	8.72	-65.47	2.59	14743.34	987.33	6650.42	86.00	39.83	14.07 4
97	520	503	231	178	225	163	8.82	-65.49	2.61	14747.17	990.76	6635.50	91.90	59.64	16.11 4
97	520	503	231	178	224	163	8.82	-65.42	2.61	14744.21	990.62	6643.13	89.81	73.61	18.46 4
97	520	503	231	178	224	163	8.77	-65.37	2.60	14743.20	988.89	6646.77	84.67	82.43	19.68 4
95	520	502	231	178	222	162	8.62	-65.35	2.58	14745.64	982.45	6648.03	86.03	77.90	17.25 4
97	520	503	231	178	224	163	8.64	-65.38	2.60	14754.16	988.72	6646.03	74.03	69.51	13.64 4
97	520	503	231	178	224	163	8.61	-65.43	2.58	14760.85	983.49	6640.13	79.08	66.58	11.30 4
97	520	503	232	178	224	162	8.74	-65.49	2.61	14767.41	992.51	6632.52	82.03	70.56	5.99 4
97	520	503	231	178	224	162	8.86	-65.46	2.67	14762.24	1007.49	6636.10	70.43	63.98	3.54 4
96	520	503	231	178	224	163	8.70	-65.52	2.63	14762.32	996.51	6634.89	58.75	51.23	1.86 4
97	520	503	231	178	223	163	8.68	-65.51	2.62	14763.81	994.49	6639.35	62.57	46.17	-4.98 4
96	520	503	231	178	224	163	8.71	-65.55	2.62	14768.22	994.76	6637.18	66.39	40.16	-11.63 4
96	520	503	231	178	223	162	8.67	-65.55	2.62	14767.61	995.63	6645.92	61.47	34.35	-19.05 4
96	520	503	231	178	223	162	8.68	-65.60	2.63	14759.22	996.24	6643.82	66.45	21.53	-25.55 4
97	520	503	231	178	224	164	8.97	-65.67	2.72	14755.06	1019.43	6628.03	58.47	9.16	-26.82 4
97	520	503	231	178	224	163	8.93	-65.68	2.72	14754.91	1019.66	6623.63	42.30	7.35	-24.03 4
97	520	503	231	178	224	164	8.94	-65.71	2.70	14756.16	1015.88	6617.25	58.93	7.13	-27.88 4
97	520	503	231	178	223	163	9.13	-65.70	2.77	14755.95	1031.08	6613.79	59.94	10.07	-36.33 4
97	520	503	231	178	223	162	9.25	-65.76	2.80	14755.76	1039.53	6596.10	56.24	12.22	-37.72 4
97	520	503	231	178	223	162	9.37	-65.82	2.83	14758.97	1047.75	6578.69	58.33	11.11	-40.28 4
97	520	503	231	178	223	163	9.59	-65.88	2.89	14758.42	1062.37	6562.96	51.81	15.40	-39.02 4
97	520	503	231	178	224	163	9.58	-65.90	2.88	14758.70	1061.05	6549.81	45.42	29.58	-33.87 4
97	520	503	231	178	224	163	9.60	-65.87	2.91	14755.76	1067.59	6537.12	36.50	49.65	-32.22 4
96	520	503	231	177	224	163	9.46	-65.78	2.87	14752.38	1057.61	6534.86	23.38	68.67	-34.81 4
97	520	503	231	178	223	163	9.38	-65.68	2.86	14749.96	1055.33	6534.52	9.91	94.24	-40.37 4
97	520	503	231	178	224	163	9.42	-65.55	2.88	14749.86	1060.97	6540.59	-2.04	113.33	-45.15 4
97	520	503	231	178	224	163	9.43	-65.40	2.90	14748.57	1065.12	6551.56	-17.54	134.71	-46.49 4
97	520	503	231	178	224	162	9.46	-65.30	2.93	14744.34	1071.66	6560.39	-21.86	148.32	-45.42 4
97	520	503	231	178	223	163	9.50	-65.20	2.98	14741.72	1085.28	6577.17	-30.12	146.76	-39.35 4
97	520	503	231	178	224	163	9.42	-65.13	2.98	14743.24	1083.22	6595.51	-42.81	141.02	-30.38 4
97	520	503	231	178	223	163	9.38	-65.05	2.98	14744.27	1084.26	6618.33	-41.82	137.67	-26.06 4
97	520	503	231	177	223	162	9.47	-65.02	3.03	14741.66	1096.64	6623.82	-45.48	134.64	-19.91 4
97	520	503	231	178	224	162	9.54	-65.04	3.05	14735.78	1102.21	6624.82	-47.91	124.95	-10.91 4
97	520	503	231	178	224	163	9.74	-65.06	3.11	14732.39	1116.50	6619.38	-37.11	121.56	-2.97 4
97	520	503	231	177	225	163	9.74	-65.02	3.10	14725.37	1113.47	6632.41	-27.95	120.03	6.73 4
98	520	503	231	178	222	163	9.68	-65.04	3.08	14724.90	1108.80	6633.99	-24.01	115.83	14.59 4
97	520	503	231	178	223	163	9.67	-65.09	3.08	14726.85	1107.56	6628.29	-21.86	115.09	21.71 4
97	520	503	231	177	222	163	9.52	-65.16	3.03	14733.51	1097.58	6625.08	-10.56	110.58	26.33 4
97	520	503	231	178	224	164	9.54	-65.20	3.02	14734.04	1093.90	6614.23	-4.74	108.15	30.21 4
97	520	503	231	178	224	163	9.55	-65.25	3.02	14731.93	1093.01	6605.11	-4.65	105.84	36.20 4
96	520	504	230	178	224	162	9.49	-65.30	3.00	14738.74	1090.36	6604.06	-8.87	97.40	42.04 4
97	520	503	231	178	224	164	9.50	-65.32	3.01	14737.60	1091.44	6594.66	-12.72	102.53	48.29 4
98	520	503	231	177	223	163	9.46	-65.33	3.00	14741.12	1090.27	6592.12	-17.19	109.11	54.87 4
97	520	503	231	177	223	163	9.43	-65.40	2.97	14746.26	1083.15	6575.32	-23.58	110.35	55.33 4
97	519	503	231	176	223	163	9.31	-65.42	2.94	14746.95	1073.80	6563.35	-30.60	122.93	55.11 4
97	520	503	231	178	223	163	9.08	-65.36	2.88	14744.00	1060.91	6570.98	-39.67	134.49	52.46 4
97	520	503	231	177	224	164	8.90	-65.29	2.85	14740.60	1050.86	6581.03	-53.99	143.46	47.19 4
97	520	503	231	178	224	163	8.71	-65.17	2.80	14741.17	1038.32	6593.38	-65.79	160.39	40.68 4
98	520	503	231	178	223	163	8.74	-65.07	2.81	14732.71	1040.20	6605.91	-71.10	170.52	31.14 4
97	520	503	231	178	223	163	8.67	-64.99	2.81	14735.88	1040.39	6621.02	-86.84	173.59	23.74 4
98	520	503	231	177	223	163	8.69	-64.87	2.83	14727.08	1046.77	6645.77	-83.65	173.41	14.20 4
97	520	503	231	178	224	164	8.91	-64.85	2.91	14723.93	1065.43	6656.08	-78.97	162.34	12.24 4
98	520	503	231	178	224	163	8.90	-64.79	2.93	14722.53	1069.16	6665.47	-90.12	160.13	20.98 4
98	520	503	231	177	223	163	8.82	-64.79	2.88	14726.61	1058.90	6683.80	-74.21	149.72	25.68 4
97	520	503	231	177	224	164	8.87	-64.75	2.88	14727.48	1057.76	6702.01	-61.10	143.03	27.79 4
97	520	503	231	178	223	164	8.74	-64.74	2.85	14727.10	1049.47	6729.31	-65.65	121.68	30.80 4
98	520	504	231	178	224	164	8.61	-64.80	2.80	14736.75	1039.80	6743.24	-64.16	98.75	31.46 4
98	520	503	231	177	223	164	8.63	-64.85	2.79	14741.51	1036.61	6744.28	-40.26	81.91	29.89 4
97	520	503	231	178	224	163	8.87	-64.94	2.84	14739.43	1049.78	6740.27	-20.49	59.27	30.45 4
98	520	503	231	177	224	163	9.17	-65.05	2.91	14737.66	1066.49	6733.25	-20.62	35.85	35.02 4
98	520	503	231	177	223	163	9.23	-65.17	2.92	14737.38	1069.76	6712.59	-12.44	14.51	44.12 4
98	520	503	231	178	224	163	9.21	-65.26	2.91	14742.91	1066.08	6698.96	-6.37	0.68	53.32 4
97	520	504	230	177	223	163	8.98	-65.38	2.84	14750.56	1048.97	6680.61	-11.15	-8.45	61.40 4
99	520	504	231	177	224	164	8.78	-65.43	2.76	14754.44	1028.52	6669.38	1.91	-4.83	61.48 4
98	520	503	231	177	224	163	8.59	-65.51	2.70	14755.31	1015.10	6670.91	-9.29	-16.29	51.21 4
98	520	504	231	178	225	163	8.19	-65.60	2.60	14772.95	990.34	6667.97	-32.52	-23.22	39.70 4
98	520	503	231	177	224	163	7.97	-65.57	2.52	14782.10	971.83	6671.97	-40.40	-21.96	23.81 4
98	520	503	231	177	223	164	7.74	-65.53	2.45	14788.00	952.23	6687.17	-50.63	-29.11	7.82 4
98	520	504	231	178	224	163	7.56	-65.54	2.40	14788.79	940.82	6703.81	-58.89	-50.46	-13.47 4
99	520	504	231	177	224	164	7.66	-65.71	2.44	14795.56	950.98	6700.62	-72.45	-94.78	-33.55 4
98	520	503	231	178	223	163	7.81	-65.95	2.51	14804.98	969.43	6684.59	-93.93	-136.40	-44.92 4
99	520	503	231	178	224	162	8.08	-66.17	2.58	14808.73	986.76	6652.36	-99.73	-163.83	-53.87 4
99	520	504	231	177	223	162	8.56	-66.30	2.72	14813.29	1023.62	6633.54	-100.14	-186.63	-56.43 4
98	520	504	231	178	224	163	8.93	-66.40	2.84	14810.43	1053.84	6612.86	-111.49	-205.20	-49.31 4
99	520	504	231	177	224	163	9.22	-66.46	2.92	14815.11	1073.15	6597.62	-101.76	-208.69	-36.29 4
98	520	503	231	177	223	163	9.26	-66.50	2.91	14817.35	1071.69	6586.54	-91.32	-215.56	-28.88 4
98	520	503	230	178	224	162	9.15	-66.62	2.88	14830.68	1063.51	6563.41	-86.76	-213.98	-21.18 4
98	520	504	231	178	223	163	8.87	-66.73	2.77	14846.35	1037.93	6536.84	-74.77	-210.33	-20.02 4
99	520	503	231	177	224	162	8.62	-66.89	2.67	14855.03	1012.84	6503.00	-70.98	-207.31	-23.67 4
99	520	503	231	177	223	161	8.25	-67.03	2.56	14869.48	983.99	6470.85	-87.63	-200.55	-32.49 4
98	520	503	231	177	223	163	7.71	-67.24	2.43	14881.00	952.39	6430.11	-108.95	-191.57	-45.82 4
98	520	503	231	177	224	162	7.41	-67.41	2.33	14890.15	926.37	6390.40	-128.90	-176.09	-68.42 4
98	520	503	231	177	224	161	7.03	-67.59	2.21	14896.65	897.66	6347.08	-175.36	-162.19	-93.20 4
98	520	503	231	178	223	162	6.31	-67.71	2.05	14900.61	855.17	6315.53	-246.59	-153.28	-134.39 4
99	520	503	231	178	223	163	5.84	-67.68	1.93	14908.18	825.81	6297.55	-300.21	-126.16	-194.47 4
99	520	503	231	177	224	162	5.73	-67.56	1.92	14907.57	823.32	6290.67	-342.05	-99.46	-263.85 4
99	520	503	231	177	223	162	5.91	-67.40	2.00	14918.79	844.56	6300.74	-386.50	-79.88	-335.26 4
98	520	503	230	177	224	162	6.31	-67.20	2.18	14919.45	888.33	6320.90	-419.42	-58.39	-394.59 4
99	520	504	231	177	223	162	6.73	-66.99	2.35	14916.08	932.11	6347.06	-446.95	-48.37	-446.11 4
99	520	504	231	177	223	162	7.24	-66.86	2.57	14910.08	987.51	6366.10	-470.40	-58.80	-488.31 4
99	520	504	231	178	222	161	7.74	-66.77	2.76	14911.17	1037.13	6376.00	-485.28	-62.91	-516.24 4
100	520	504	231	177	224	161	8.45	-66.61	3.00	14900.61	1098.28	6388.20	-486.22	-55.82	-532.63 4
100	520	504	231	177	223	161	8.65	-66.64	3.10	14901.98	1123.76	6384.59	-514.11	-67.63	-534.50 4
100	520	504	231	178	224	161	8.63	-66.67	3.12	14913.48	1129.57	6383.96	-527.35	-74.89	-552.17 4
100	520	504	231	177	223	160	8.85	-66.63	3.15	14917.41	1136.29	6394.36	-483.34	-74.65	-579.17 4
100	520	504	230	177	223	161	9.54	-66.57	3.31	14912.74	1177.48	6405.24	-444.02	-74.22	-596.61 4
99	520	504	230	177	223	160	10.13	-66.50	3.49	14898.90	1221.21	6408.38	-414.77	-80.21	-592.68 4
100	520	504	231	178	224	161	10.76	-66.50	3.67	14879.16	1268.35	6390.76	-389.93	-95.45	-573.99 4
100	520	504	231	178	223	160	11.27	-66.57	3.81	14870.60	1303.13	6371.82	-372.78	-106.22	-544.74 4
100	520	504	231	178	222	161	11.57	-66.59	3.86	14861.67	1314.37	6358.23	-324.74	-100.21	-514.86 4
100	520	504	231	178	224	161	11.84	-66.63	3.89	14855.78	1322.85	6336.72	-280.81	-90.05	-489.31 4
100	520	504	231	178	224	161	11.80	-66.61	3.92	14862.59	1329.31	6338.28	-269.07	-85.55	-464.60 4
100	520	504	231	178	223	161	12.00	-66.61	3.95	14872.66	1338.04	6328.77	-231.16	-63.97	-442.07 4
100	520	504	231	178	222	160	12.22	-66.60	3.97	14872.23	1342.74	6315.93	-188.45	-44.77	-429.36 4
99	520	504	231	177	224	160	12.48	-66.59	4.03	14883.22	1358.81	6305.53	-166.33	-27.63	-417.60 4
100	520	504	231	178	225	160	12.75	-66.55	4.12	14880.86	1383.27	6296.06	-153.12	-15.30	-407.47 4
100	519	504	231	178	224	160	13.07	-66.48	4.22	14890.22	1408.90	6292.45	-137.51	8.16	-393.04 4
100	519	504	231	178	223	160	13.45	-66.31	4.34	14889.50	1440.26	6304.03	-113.68	22.80	-378.44 4
100	519	504	231	178	224	160	13.63	-66.28	4.42	14889.63	1458.64	6297.83	-100.10	31.71	-362.72 4
100	520	504	230	178	223	160	13.72	-66.31	4.46	14899.15	1469.31	6294.94	-84.05	32.48	-347.68 4
100	520	504	231	178	224	161	13.91	-66.28	4.50	14897.19	1481.05	6296.39	-61.09	42.80	-335.35 4
100	520	504	231	178	223	160	14.04	-66.25	4.56	14890.53	1494.79	6304.17	-40.49	41.61	-321.58 4
101	520	504	231	178	223	161	14.09	-66.29	4.59	14897.80	1503.45	6290.96	-33.21	43.28	-311.70 4
101	520	504	231	178	224	160	14.05	-66.29	4.58	14903.51	1502.28	6293.02	-26.50	48.52	-310.47 4
101	520	504	231	178	223	160	14.15	-66.26	4.62	14906.74	1512.17	6295.56	-12.88	52.89	-317.54 4
100	520	504	230	178	222	159	14.38	-66.28	4.68	14906.00	1526.36	6293.99	-6.38	52.30	-323.97 4
100	520	504	231	178	223	160	14.57	-66.33	4.77	14907.70	1549.04	6291.89	-25.11	40.88	-321.87 4
101	520	503	231	178	222	159	14.66	-66.32	4.80	14904.52	1558.59	6290.89	-27.31	42.89	-321.73 4
100	520	504	231	179	222	159	14.98	-66.31	4.91	14900.89	1585.06	6282.75	-8.74	34.35	-324.29 4
101	520	504	231	179	224	159	15.18	-66.36	5.02	14896.44	1613.41	6281.81	-20.61	18.73	-317.87 4
101	520	504	231	178	223	159	15.09	-66.47	5.02	14894.82	1612.34	6275.92	-43.03	2.49	-309.93 4
101	520	504	231	178	222	159	15.05	-66.59	4.98	14895.08	1603.92	6252.12	-63.67	-1.53	-305.53 4
100	520	504	231	179	223	159	14.94	-66.58	4.97	14888.73	1600.92	6250.52	-69.29	1.29	-313.26 4
101	520	504	231	178	224	159	15.03	-66.62	4.98	14885.69	1602.08	6240.19	-63.63	0.48	-327.79 4
101	520	504	231	178	224	159	15.30	-66.66	5.03	14877.61	1615.17	6225.18	-63.80	3.60	-336.75 4
101	520	503	230	178	223	160	15.39	-66.64	5.11	14884.73	1634.21	6219.92	-82.76	11.12	-345.42 4
101	519	504	230	178	222	160	15.44	-66.61	5.16	14875.09	1646.90	6220.73	-104.52	11.22	-357.30 4
101	519	504	231	178	223	159	15.63	-66.56	5.22	14887.53	1664.56	6212.89	-101.69	25.86	-365.83 4
100	519	503	230	178	223	158	15.77	-66.48	5.29	14884.76	1682.33	6207.65	-100.11	44.11	-368.84 4
101	519	504	230	178	223	159	16.16	-66.38	5.44	14879.92	1720.41	6219.46	-98.30	45.01	-373.95 4
101	519	503	230	178	221	159	16.46	-66.36	5.57	14869.32	1752.79	6226.69	-96.04	34.21	-368.95 4
101	519	504	230	178	222	159	16.76	-66.40	5.70	14872.06	1784.55	6224.56	-88.43	16.90	-358.05 4
101	519	504	230	178	223	159	16.94	-66.40	5.75	14879.05	1799.93	6213.53	-86.66	22.65	-338.90 4
101	519	503	231	178	223	159	17.00	-66.35	5.78	14868.30	1806.73	6214.65	-70.98	27.77	-329.46 4
100	520	504	230	179	221	159	17.09	-66.30	5.85	14861.49	1823.59	6227.12	-64.43	20.23	-327.53 4
100	519	503	231	178	222	159	17.15	-66.33	5.91	14865.01	1838.21	6227.36	-70.71	6.67	-319.71 4
100	519	503	231	178	222	159	17.22	-66.31	5.94	14871.16	1847.70	6228.60	-73.27	11.14	-308.02 4
101	519	503	230	178	221	159	17.28	-66.19	5.96	14864.20	1851.72	6229.57	-50.71	31.03	-297.42 4
101	519	503	231	178	223	159	17.41	-66.09	6.00	14852.99	1861.93	6236.69	-24.17	34.83	-296.10 4
100	519	503	231	179	223	159	17.67	-66.06	6.10	14853.94	1885.64	6231.45	-15.62	35.34	-295.79 4
101	519	503	230	178	223	158	17.86	-66.09	6.17	14858.44	1905.55	6219.08	-23.59	39.32	-288.40 4
101	519	503	230	178	221	158	17.94	-66.19	6.19	14861.12	1910.28	6196.53	-36.46	42.05	-282.38 4
101	519	503	230	178	222	158	18.06	-66.19	6.23	14870.46	1920.36	6189.50	-38.68	50.10	-276.56 4
101	519	503	230	178	223	159	18.06	-66.20	6.24	14872.94	1924.74	6191.62	-34.15	54.35	-277.34 4
100	519	503	231	179	222	158	18.06	-66.20	6.29	14885.29	1937.71	6196.44	-24.79	49.48	-287.72 4
100	519	503	231	178	222	159	18.15	-66.23	6.33	14891.83	1950.22	6196.02	-26.85	43.61	-293.98 4
101	519	503	231	178	222	159	18.35	-66.28	6.41	14889.04	1968.91	6185.02	-38.66	34.12	-298.93 4
100	519	503	230	179	223	159	18.46	-66.26	6.46	14888.18	1982.86	6177.97	-47.43	33.12	-304.94 4
101	519	503	230	178	222	158	18.60	-66.27	6.52	14881.98	1998.52	6179.67	-54.46	24.56	-314.94 4
101	519	503	230	178	221	158	18.78	-66.29	6.61	14874.68	2019.20	6174.69	-65.58	8.38	-326.54 4
101	519	503	230	178	221	159	18.96	-66.31	6.69	14876.74	2039.64	6175.55	-71.80	-2.98	-337.77 4
100	519	502	230	178	223	158	19.23	-66.33	6.78	14875.91	2063.05	6164.17	-70.56	-4.24	-345.08 4
101	519	502	231	178	222	159	19.36	-66.26	6.86	14862.11	2081.10	6167.37	-70.58	-4.62	-346.32 4
101	519	502	231	178	223	158	19.54	-66.27	6.91	14859.40	2095.45	6165.40	-59.61	-3.89	-348.91 4
101	519	502	231	178	223	158	19.77	-66.24	7.00	14851.83	2116.87	6158.13	-45.33	-8.30	-347.11 4
101	519	502	231	178	222	158	19.89	-66.33	7.05	14852.44	2130.43	6142.22	-49.81	-25.98	-340.21 4
101	519	502	231	177	221	158	20.01	-66.42	7.09	14847.62	2138.51	6129.71	-42.27	-41.43	-337.45 4
101	519	503	231	178	223	158	20.14	-66.47	7.13	14848.64	2151.18	6121.82	-31.96	-47.86	-331.77 4
101	520	503	231	178	223	158	20.29	-66.57	7.17	14849.01	2160.02	6104.13	-23.06	-57.97	-329.49 4
100	519	502	231	178	223	159	20.53	-66.65	7.20	14858.96	2168.22	6080.33	8.95	-60.32	-324.21 4
100	519	502	231	178	222	158	21.06	-66.58	7.34	14858.81	2205.61	6075.71	41.80	-46.90	-319.95 4
101	519	502	231	178	222	158	21.22	-66.55	7.43	14843.07	2227.53	6071.72	47.41	-53.76	-314.90 4
101	519	502	231	178	221	157	21.51	-66.57	7.56	14844.71	2259.15	6072.14	53.74	-64.12	-302.31 4
100	519	502	231	178	222	158	21.61	-66.59	7.60	14853.48	2270.40	6066.93	57.05	-64.52	-288.19 4
101	519	502	231	178	221	157	21.70	-66.54	7.63	14852.60	2280.28	6067.78	72.70	-61.89	-276.03 4
101	519	502	231	178	222	158	21.91	-66.54	7.73	14855.97	2306.26	6068.79	80.86	-70.10	-269.28 4
100	519	502	231	178	223	158	22.06	-66.57	7.84	14851.37	2332.55	6065.75	69.82	-94.14	-261.27 4
100	519	502	231	178	223	158	22.13	-66.72	7.85	14862.81	2338.32	6050.27	50.38	-110.03	-256.50 4
101	519	502	230	178	223	158	22.20	-66.73	7.89	14868.26	2348.61	6040.55	60.11	-108.53	-257.03 4
100	519	502	231	178	221	158	22.53	-66.75	8.00	14869.05	2376.38	6033.53	66.25	-118.36	-253.68 4
101	519	502	231	178	222	158	22.68	-66.85	8.06	14876.60	2392.56	6021.85	57.04	-137.79	-245.59 4
101	519	502	231	179	221	157	22.70	-66.90	8.09	14877.37	2400.53	6017.96	56.34	-153.25	-235.11 4
100	519	502	230	178	223	157	22.74	-66.98	8.11	14875.90	2407.30	6008.66	48.37	-168.59	-229.21 4
101	519	502	231	177	221	157	22.96	-67.11	8.16	14871.31	2419.34	5993.03	48.70	-191.96	-223.40 4
101	519	502	231	178	222	157	23.06	-67.22	8.19	14874.54	2426.17	5976.57	48.07	-208.66	-215.98 4
100	519	502	231	178	221	158	23.28	-67.32	8.23	14874.21	2436.26	5952.35	40.32	-214.08	-210.28 4
101	519	502	230	179	222	158	23.26	-67.40	8.24	14876.70	2440.25	5928.33	33.10	-212.87	-205.81 4
101	519	502	231	178	221	158	23.39	-67.51	8.26	14881.27	2446.44	5905.71	22.04	-214.73	-206.57 4
101	519	502	231	178	223	157	23.67	-67.62	8.32	14883.80	2462.31	5867.23	-13.56	-210.04	-199.45 4
100	519	502	231	178	223	157	23.70	-67.77	8.31	14899.41	2461.60	5818.07	-39.73	-192.34	-193.12 4
100	519	502	231	178	222	158	24.06	-67.75	8.37	14908.04	2477.92	5773.36	-51.14	-143.52	-192.52 4
100	519	502	230	178	223	158	24.13	-67.62	8.41	14897.04	2486.62	5748.69	-67.84	-95.05	-191.39 4
101	519	502	231	178	221	156	24.41	-67.45	8.52	14901.19	2517.29	5746.86	-61.84	-62.29	-188.47 4
101	519	502	231	178	221	157	24.62	-67.23	8.63	14910.53	2545.63	5757.92	-65.25	-27.33	-172.25 4
101	519	502	231	177	222	157	24.35	-67.06	8.61	14915.60	2541.15	5776.42	-79.74	1.14	-147.69 4
100	519	502	231	178	222	157	24.17	-66.96	8.59	14926.02	2537.09	5797.00	-73.00	12.53	-133.25 4
101	519	502	231	178	221	157	24.00	-66.88	8.57	14927.32	2532.03	5812.75	-71.90	9.65	-120.99 4
101	519	502	231	178	222	157	23.88	-66.90	8.56	14931.15	2531.83	5811.51	-84.81	-0.28	-106.34 4
101	519	502	231	178	222	157	23.61	-66.97	8.50	14940.80	2517.44	5817.74	-92.02	-6.17	-92.02 4
101	519	502	231	178	222	157	23.74	-67.03	8.55	14942.56	2529.57	5803.25	-97.12	-6.51	-85.47 4
100	519	502	231	178	223	157	23.89	-67.09	8.58	14941.23	2538.09	5784.09	-118.81	-4.53	-76.95 4
101	519	502	231	178	222	158	23.76	-67.15	8.56	14941.37	2532.38	5770.68	-132.47	5.05	-66.20 4
101	519	502	230	178	222	157	23.86	-67.15	8.58	14937.30	2538.77	5764.75	-134.50	10.09	-59.09 4
101	519	502	230	178	222	157	23.86	-67.08	8.62	14940.63	2548.83	5772.31	-147.12	13.89	-48.84 4
101	519	502	231	178	222	157	23.72	-67.07	8.60	14946.60	2545.59	5776.29	-158.27	11.24	-35.79 4
101	519	502	231	178	223	157	23.62	-67.12	8.58	14960.27	2542.11	5780.08	-164.55	2.73	-28.30 4
100	519	502	231	178	223	158	23.49	-67.15	8.56	14962.66	2536.20	5782.68	-173.57	-5.71	-22.24 4
101	519	502	231	178	222	157	23.45	-67.24	8.55	14967.73	2533.59	5781.54	-173.55	-27.22	-23.98 4
100	519	502	231	178	222	157	23.55	-67.35	8.58	14976.54	2542.11	5764.26	-183.02	-41.51	-20.73 4
100	519	502	230	177	223	158	23.43	-67.46	8.54	14990.91	2535.21	5755.65	-201.97	-52.38	-17.19 4
101	519	502	231	177	223	157	23.48	-67.56	8.52	14991.57	2529.05	5746.07	-207.22	-58.26	-19.23 4
101	519	502	231	178	223	158	23.49	-67.71	8.50	14995.39	2526.39	5717.96	-234.96	-66.75	-26.67 4
101	519	502	231	178	223	157	23.31	-67.85	8.44	14996.02	2511.67	5694.87	-268.06	-70.01	-37.04 4
101	519	502	231	178	222	157	23.08	-67.92	8.38	15004.42	2496.49	5674.32	-303.86	-59.71	-44.69 4
100	519	502	231	178	223	157	22.76	-67.85	8.32	14997.40	2479.47	5675.21	-330.76	-37.03	-61.65 4
101	519	502	231	178	223	157	22.71	-67.79	8.30	14990.73	2472.69	5681.45	-351.88	-22.93	-81.92 4
101	520	502	231	178	222	157	22.76	-67.63	8.36	14999.99	2488.86	5691.97	-374.98	9.57	-96.92 4
101	519	502	231	178	222	157	22.85	-67.41	8.44	15003.59	2510.41	5710.18	-393.03	37.59	-102.08 4
101	519	501	231	178	224	158	22.81	-67.22	8.45	15003.81	2513.49	5725.27	-398.83	71.81	-98.72 4
101	519	502	231	178	222	158	22.68	-67.13	8.44	15006.02	2510.82	5740.80	-399.04	84.22	-97.79 4
100	519	502	231	178	223	157	22.44	-67.06	8.38	15015.72	2498.68	5764.16	-397.79	89.06	-102.30 4
101	519	502	230	178	223	157	22.32	-66.97	8.33	15030.33	2486.94	5779.96	-391.50	111.56	-107.58 4
100	519	502	231	178	223	157	22.14	-66.84	8.29	15017.22	2473.40	5796.96	-374.82	129.08	-117.35 4
101	519	501	230	178	224	157	22.09	-66.72	8.31	15006.16	2477.93	5829.31	-364.78	121.33	-129.89 4
101	519	502	231	178	224	157	22.04	-66.69	8.32	14999.45	2478.03	5848.04	-364.24	99.31	-136.64 4
101	519	502	231	178	223	158	21.88	-66.71	8.28	15008.08	2470.53	5861.64	-367.83	86.44	-138.11 4
100	519	502	231	178	223	157	21.77	-66.71	8.20	15005.27	2449.60	5864.96	-349.64	89.32	-138.50 4
101	519	502	231	178	219	157	21.86	-66.72	8.24	15001.61	2458.32	5865.11	-331.36	82.21	-145.48 4
101	519	501	231	178	223	157	21.70	-66.80	8.22	14996.93	2451.01	5867.66	-338.94	54.90	-153.05 4
101	519	502	231	178	224	157	21.91	-66.87	8.21	15005.88	2450.86	5860.67	-326.94	46.75	-161.55 4
101	519	501	230	178	224	157	22.16	-66.83	8.26	14992.99	2462.91	5852.84	-308.25	52.51	-167.82 4
101	519	502	230	178	224	157	22.41	-66.85	8.31	14993.94	2476.77	5855.00	-302.03	46.24	-166.73 4
100	519	501	231	178	224	157	22.46	-66.86	8.33	15001.44	2481.13	5860.45	-289.43	38.63	-162.95 4
101	519	502	231	178	222	157	22.55	-66.84	8.34	15001.77	2484.47	5865.82	-272.11	37.64	-157.90 4
100	520	502	230	178	223	158	22.60	-66.88	8.35	14995.28	2485.45	5868.93	-249.10	21.81	-158.80 4
101	519	502	231	178	222	157	22.69	-66.90	8.38	14990.92	2492.78	5868.49	-243.80	7.67	-156.86 4
100	519	502	230	178	223	157	22.61	-66.91	8.35	14974.17	2482.34	5870.06	-229.11	-4.16	-158.67 4
100	519	502	230	178	223	156	22.74	-66.96	8.37	14972.06	2487.42	5863.16	-213.70	-14.15	-163.19 4
101	519	502	230	178	224	157	22.84	-67.04	8.38	14963.86	2489.45	5859.40	-211.37	-28.25	-165.63 4
101	519	501	230	178	224	157	22.94	-67.12	8.38	14959.46	2487.98	5844.43	-195.10	-34.73	-169.15 4
101	519	502	231	178	222	156	22.99	-67.16	8.39	14961.49	2490.18	5827.81	-190.70	-31.55	-169.74 4
101	519	501	231	178	224	157	22.95	-67.20	8.38	14954.02	2487.47	5820.62	-197.36	-39.27	-170.85 4
101	519	502	231	178	224	157	22.74	-67.29	8.31	14962.31	2471.90	5802.59	-210.19	-38.36	-174.06 4
100	519	502	231	178	224	157	22.65	-67.30	8.29	14965.40	2466.30	5796.66	-213.08	-31.99	-186.36 4
101	519	502	230	178	222	156	22.75	-67.29	8.34	14959.93	2477.99	5785.83	-237.43	-27.69	-195.99 4
100	519	502	230	178	223	156	22.71	-67.35	8.34	14949.13	2476.49	5771.53	-275.51	-29.70	-199.49 4
100	519	502	231	178	224	157	22.68	-67.37	8.33	14953.47	2474.46	5760.36	-299.38	-16.87	-210.46 4
101	519	502	231	178	223	157	22.98	-67.24	8.44	14944.40	2501.34	5760.94	-300.21	0.37	-218.89 4
101	519	502	230	179	223	157	23.33	-67.11	8.58	14934.58	2537.67	5767.89	-308.45	6.56	-216.20 4
101	519	502	230	178	223	155	23.48	-67.03	8.66	14929.45	2558.99	5785.90	-311.13	-1.07	-199.59 4
101	519	501	230	178	224	157	23.38	-67.00	8.68	14930.78	2561.64	5801.20	-316.42	-11.07	-182.21 4
101	519	501	231	178	224	156	23.47	-67.03	8.69	14941.44	2566.76	5805.34	-310.30	-24.62	-172.25 4
102	519	502	231	178	224	156	23.60	-67.09	8.71	14951.57	2573.62	5796.48	-303.94	-33.83	-159.44 4
100	519	502	230	178	223	157	23.68	-67.09	8.70	14952.39	2571.34	5800.05	-287.49	-37.89	-155.76 4
101	520	502	230	178	224	157	23.93	-67.10	8.77	14956.17	2590.37	5796.25	-272.57	-44.70	-148.13 4
101	519	502	231	179	223	156	23.83	-67.15	8.77	14961.76	2590.45	5786.44	-270.14	-44.96	-141.17 4
101	519	502	230	178	224	156	23.73	-67.14	8.73	14964.87	2580.33	5789.92	-246.33	-35.47	-146.81 4
100	519	502	230	178	222	157	23.83	-67.13	8.74	14966.03	2583.91	5788.42	-225.71	-32.94	-158.07 4
101	519	502	231	178	223	157	24.07	-67.11	8.80	14970.93	2599.52	5787.40	-215.98	-27.34	-160.62 4
100	519	502	230	178	224	157	24.29	-67.11	8.84	14971.38	2611.74	5784.23	-200.83	-26.23	-159.49 4
101	519	502	230	178	224	157	24.45	-67.08	8.87	14971.41	2618.15	5781.62	-180.99	-17.22	-155.41 4
100	519	502	231	178	225	157	24.56	-67.07	8.90	14962.84	2623.25	5779.74	-159.24	-18.41	-151.39 4
100	519	502	230	178	223	156	24.78	-67.12	8.94	14959.70	2635.08	5763.55	-146.88	-29.99	-140.67 4
101	519	501	230	178	224	157	24.78	-67.23	8.93	14958.91	2632.73	5749.57	-146.53	-39.69	-121.84 4
101	519	502	230	178	224	156	24.74	-67.34	8.89	14968.57	2622.49	5736.29	-132.51	-46.15	-107.65 4
101	519	502	230	178	223	156	24.79	-67.41	8.86	14969.14	2614.77	5714.68	-118.43	-38.09	-104.16 4
101	519	502	230	178	224	157	24.80	-67.44	8.84	14975.08	2611.83	5702.95	-112.26	-32.64	-101.11 4
100	519	502	230	178	223	157	24.75	-67.53	8.82	14974.73	2605.04	5693.00	-120.75	-39.01	-104.15 4
101	519	502	230	178	224	157	24.92	-67.62	8.82	14984.79	2606.19	5663.55	-129.51	-38.71	-106.69 4
100	519	502	230	178	225	157	25.19	-67.63	8.87	14984.15	2620.88	5635.77	-135.83	-24.77	-102.86 4
101	519	502	230	178	222	156	25.28	-67.56	8.89	14983.14	2624.23	5620.18	-137.14	3.37	-99.71 4
101	519	502	230	178	223	157	25.42	-67.46	8.94	14983.59	2638.62	5618.97	-124.88	25.85	-98.08 4
101	519	502	230	178	223	157	25.46	-67.35	9.03	14990.81	2662.89	5626.02	-139.49	40.46	-87.13 4
101	519	502	230	178	224	156	25.34	-67.28	9.03	14992.87	2664.15	5632.92	-147.02	48.73	-76.47 4
101	519	502	231	178	224	157	25.32	-67.25	9.01	14999.42	2660.14	5640.08	-140.67	56.70	-73.35 4
102	519	502	231	178	223	157	25.43	-67.19	9.06	14995.25	2672.13	5643.07	-136.18	61.41	-74.03 4
101	519	502	230	179	223	157	25.78	-67.13	9.16	14995.69	2699.72	5636.12	-137.87	65.44	-73.13 4
102	519	502	230	178	223	156	26.06	-67.04	9.25	14995.50	2722.14	5626.71	-137.23	79.12	-61.92 4
101	519	502	230	178	224	158	26.25	-67.00	9.33	14987.33	2742.63	5620.18	-137.77	86.36	-42.72 4
101	519	502	230	178	223	156	26.41	-66.93	9.41	14982.76	2760.10	5615.97	-148.13	97.50	-14.64 4
101	519	502	230	178	223	158	26.16	-66.89	9.36	14986.22	2749.89	5626.17	-158.72	106.42	14.84 4
101	520	501	230	178	223	157	25.93	-66.87	9.30	14979.51	2732.00	5631.86	-145.04	116.90	39.55 4
100	519	501	230	179	223	158	25.88	-66.86	9.24	14982.13	2718.00	5634.27	-119.23	126.20	61.32 4
101	519	502	230	178	224	158	25.98	-66.84	9.28	14986.03	2727.30	5632.55	-122.17	132.34	86.16 4
101	520	502	230	178	224	158	25.66	-66.90	9.21	14988.13	2711.93	5638.73	-132.96	130.38	113.55 4
101	519	502	230	178	224	158	25.34	-66.85	9.10	14992.32	2681.94	5645.79	-112.02	150.96	133.07 4
101	519	501	230	178	224	159	25.21	-66.76	9.05	14986.30	2669.64	5662.70	-88.17	157.01	147.52 4
101	519	501	230	178	224	159	25.01	-66.81	9.01	14996.39	2660.96	5673.97	-78.11	145.61	165.39 4
101	519	502	230	178	225	159	24.85	-66.85	8.96	15010.77	2648.11	5685.47	-62.90	136.68	183.17 4
101	520	502	231	178	224	159	24.74	-66.89	8.90	15013.03	2632.91	5693.99	-41.66	123.50	198.66 4
101	519	502	230	178	224	159	24.68	-66.94	8.85	15023.58	2621.66	5695.29	-20.92	115.67	214.53 4
101	519	502	231	178	223	158	24.73	-66.94	8.84	15035.80	2621.98	5694.53	-0.53	110.94	226.45 4
101	519	501	231	178	224	159	24.73	-66.96	8.85	15025.41	2620.08	5691.00	0.65	100.39	239.53 4
101	519	501	230	179	224	159	24.67	-67.09	8.80	15026.14	2609.47	5677.85	-1.43	79.67	250.26 4
101	519	501	230	178	224	159	24.54	-67.19	8.71	15036.23	2587.40	5674.56	20.59	77.44	257.14 4
101	519	502	230	178	223	160	24.86	-67.17	8.75	15034.02	2597.63	5662.43	58.21	86.47	264.24 4
101	519	501	230	178	223	160	25.05	-67.12	8.82	15026.92	2614.35	5661.11	75.25	97.59	286.72 4
102	519	502	230	178	223	159	24.97	-67.09	8.78	15026.37	2602.83	5677.85	94.24	95.16	314.64 4
101	519	501	230	178	224	160	24.89	-67.10	8.72	15025.25	2587.29	5685.96	123.57	94.65	339.81 4
101	519	502	230	178	224	160	24.84	-67.10	8.68	15018.79	2577.73	5696.86	147.55	90.32	364.07 4
100	519	501	230	179	225	160	24.78	-67.18	8.64	15018.85	2565.44	5693.42	164.92	79.76	390.46 4
102	519	502	231	178	224	161	24.56	-67.23	8.54	15026.51	2541.37	5698.95	195.67	78.87	419.14 4
101	519	502	230	178	224	160	24.50	-67.28	8.47	15029.58	2523.10	5691.60	228.29	83.42	445.93 4
101	519	502	230	178	224	160	24.10	-67.37	8.32	15035.91	2485.94	5694.02	243.92	79.10	469.14 4
101	520	501	231	179	225	160	23.80	-67.44	8.21	15037.71	2454.45	5690.92	264.83	79.45	487.28 4
101	520	502	230	179	225	161	23.50	-67.52	8.08	15038.62	2422.32	5686.37	282.69	74.98	493.86 4
101	519	501	230	178	224	161	23.29	-67.66	7.98	15055.09	2399.21	5674.66	283.65	69.48	499.42 4
101	519	502	230	178	223	160	22.99	-67.76	7.87	15064.14	2370.85	5662.32	276.92	70.55	506.45 4
101	519	502	230	178	224	161	22.78	-67.90	7.76	15073.13	2343.91	5641.61	273.62	68.03	507.08 4
101	520	501	230	178	225	161	22.68	-67.97	7.71	15071.27	2329.11	5625.53	264.34	71.07	505.57 4
101	519	502	230	178	224	162	22.57	-68.02	7.68	15080.71	2323.45	5615.65	235.18	76.87	512.15 4
101	519	501	230	178	224	161	22.07	-68.02	7.54	15072.67	2285.88	5620.07	210.97	87.93	522.74 4
101	519	501	230	179	224	160	21.80	-68.08	7.44	15074.64	2259.59	5614.06	215.02	89.28	523.00 4
101	520	502	230	178	224	162	21.89	-68.07	7.45	15077.71	2262.61	5603.36	207.82	95.52	528.40 4
101	519	502	230	178	225	162	21.81	-68.10	7.44	15078.62	2259.48	5594.99	171.68	100.89	547.28 4
102	519	502	230	178	225	162	21.42	-68.09	7.33	15082.09	2230.90	5598.24	156.29	110.75	565.12 4
101	519	502	230	178	224	161	20.99	-68.00	7.17	15086.19	2190.16	5620.13	188.53	123.51	573.46 4
101	520	502	230	178	224	162	20.72	-67.93	7.05	15090.28	2159.65	5638.72	225.60	133.68	573.74 4
101	519	502	230	178	225	162	20.62	-67.89	7.02	15094.56	2152.27	5650.39	240.42	134.85	578.00 4
101	520	502	230	178	224	162	20.49	-67.97	6.97	15091.23	2138.05	5642.47	233.60	127.71	589.15 4
101	519	502	230	178	225	162	20.40	-68.02	6.89	15087.67	2118.55	5631.55	243.97	121.47	596.24 4
101	520	502	230	178	223	162	20.47	-68.06	6.85	15093.69	2107.02	5612.37	271.97	124.40	603.53 4
101	520	502	230	178	224	163	20.39	-68.07	6.78	15093.41	2089.27	5605.35	290.57	137.83	620.10 4
101	519	502	230	178	224	163	20.01	-68.06	6.64	15095.33	2053.21	5606.28	302.69	153.29	638.45 4
101	519	502	230	178	225	162	19.56	-68.07	6.50	15097.77	2016.35	5616.97	311.06	155.47	650.78 4
101	519	501	230	178	224	161	19.29	-68.14	6.41	15100.68	1993.13	5603.52	306.76	151.95	657.39 4
101	519	502	230	178	224	163	18.90	-68.25	6.29	15107.44	1963.47	5588.94	284.12	146.75	667.37 4
101	520	502	230	177	224	162	18.45	-68.28	6.15	15112.47	1927.90	5583.70	260.86	160.36	680.45 4
101	519	502	230	178	225	163	17.78	-68.25	5.96	15108.45	1875.31	5597.31	257.77	167.05	685.63 4
101	519	502	230	179	224	163	17.19	-68.26	5.79	15119.43	1833.74	5613.05	238.13	165.14	682.30 4
102	519	502	231	178	223	163	16.55	-68.19	5.66	15130.85	1800.45	5635.99	185.42	162.99	673.28 4
101	519	502	230	178	224	163	16.11	-68.15	5.57	15141.71	1779.23	5656.99	118.70	162.54	666.82 4
100	519	502	231	178	225	163	15.43	-68.18	5.40	15145.63	1735.47	5677.94	81.62	144.21	653.33 4
101	519	502	230	178	224	164	15.12	-68.28	5.29	15153.14	1707.10	5682.25	85.39	122.50	623.76 4
101	519	502	230	178	226	163	15.22	-68.33	5.32	15153.89	1713.14	5685.93	82.92	100.57	600.62 4
101	520	502	230	178	225	163	15.13	-68.44	5.30	15157.39	1710.88	5691.04	48.37	68.15	594.29 4
100	519	502	231	178	224	163	14.50	-68.57	5.13	15160.12	1664.94	5702.08	26.15	41.49	591.68 4
100	519	501	230	178	224	164	14.30	-68.72	5.01	15158.72	1633.89	5698.18	48.35	11.21	574.44 4
100	519	502	230	178	224	164	14.32	-68.82	4.96	15164.18	1623.00	5689.07	52.23	-6.70	558.77 4
100	519	502	230	178	225	164	14.26	-68.95	4.90	15151.77	1605.45	5669.02	44.22	-24.26	553.58 4
101	519	502	230	178	224	164	14.29	-69.16	4.86	15148.58	1593.78	5641.57	30.81	-46.55	547.20 4
101	519	502	230	178	223	164	14.09	-69.28	4.75	15162.35	1567.49	5608.69	37.87	-49.17	547.79 4
101	519	501	231	178	224	164	14.19	-69.32	4.71	15165.44	1556.71	5589.85	58.92	-33.26	543.45 4
100	519	502	230	178	224	163	14.36	-69.36	4.70	15169.16	1555.28	5572.76	64.73	-23.90	543.03 4
101	519	502	230	178	225	163	14.08	-69.42	4.60	15178.51	1527.71	5564.12	55.19	-22.05	547.78 4
100	519	502	230	178	224	162	13.71	-69.42	4.45	15197.98	1491.13	5567.92	69.68	-11.25	554.64 4
101	519	501	230	178	224	163	13.49	-69.43	4.33	15202.28	1460.77	5561.52	84.05	-5.89	558.26 4
100	519	501	230	178	223	164	13.29	-69.48	4.25	15208.37	1440.33	5558.84	78.74	-6.94	560.54 4
101	519	502	230	178	224	163	13.19	-69.58	4.19	15217.75	1424.12	5546.90	69.51	-17.85	565.12 4
101	519	502	230	178	225	164	13.10	-69.74	4.12	15237.46	1406.91	5519.36	58.18	-18.31	574.11 4
100	519	502	231	178	225	164	12.60	-69.79	3.95	15231.19	1363.76	5507.59	57.82	-12.34	579.86 4
101	519	502	231	178	225	163	12.27	-69.79	3.82	15236.63	1329.58	5508.41	72.88	-5.67	578.16 4
101	519	502	230	178	224	164	11.97	-69.79	3.69	15240.20	1295.70	5501.19	87.64	11.51	574.01 4
101	519	501	230	178	224	164	11.58	-69.77	3.56	15243.59	1261.11	5500.93	96.21	23.74	567.55 4
100	519	502	230	178	225	163	11.31	-69.83	3.45	15252.61	1232.66	5495.48	98.90	23.70	560.48 4
101	519	502	230	178	225	164	10.83	-69.83	3.29	15255.98	1192.22	5497.91	111.20	23.56	547.30 4
101	519	502	230	178	224	164	10.72	-69.82	3.20	15258.58	1168.21	5505.81	129.09	14.49	530.04 4
101	519	502	230	178	224	164	10.57	-69.84	3.13	15262.25	1150.60	5504.52	137.59	8.11	519.74 4
101	519	502	230	178	224	164	10.43	-69.90	3.05	15266.74	1131.27	5502.70	137.36	-7.49	508.35 4
101	519	502	230	178	225	164	10.46	-69.97	3.02	15267.60	1121.11	5486.96	145.79	-6.57	496.23 4
101	519	502	230	178	225	164	10.44	-70.02	2.97	15260.22	1109.85	5476.81	149.45	-9.19	490.87 4
101	519	501	230	178	225	164	10.45	-70.09	2.93	15273.41	1098.96	5462.57	159.68	-5.58	486.18 4
101	519	502	231	178	223	164	10.57	-70.00	2.92	15275.54	1096.81	5469.64	183.44	12.85	485.77 4
100	519	502	230	178	224	164	10.59	-69.95	2.92	15272.16	1095.97	5471.36	192.97	18.35	487.08 4
101	519	502	230	178	224	164	10.38	-69.91	2.85	15274.95	1077.37	5472.39	193.57	19.09	489.13 4
100	519	502	230	178	224	164	10.27	-69.94	2.78	15276.20	1060.50	5472.17	202.99	15.28	493.02 4
101	519	502	231	178	226	164	10.25	-70.00	2.75	15280.59	1051.28	5462.97	191.09	19.07	503.27 4
101	519	502	231	178	224	164	9.71	-70.03	2.60	15288.36	1012.52	5463.22	178.84	27.67	508.15 4
101	519	502	230	178	224	164	9.28	-70.02	2.44	15300.15	972.49	5473.66	207.40	31.78	501.80 4
101	519	501	230	178	224	164	9.12	-69.98	2.36	15312.54	952.06	5489.97	230.23	30.44	490.66 4
101	519	502	231	178	224	164	8.79	-70.04	2.26	15329.71	925.46	5494.27	219.97	18.07	481.17 4
101	519	502	230	178	225	164	8.56	-70.15	2.18	15342.63	906.99	5494.56	210.17	-5.48	469.82 4
101	519	501	230	178	223	164	8.46	-70.32	2.13	15349.50	893.24	5476.03	203.91	-26.41	461.62 4
102	519	502	230	178	224	164	8.50	-70.48	2.12	15354.62	891.58	5448.63	181.86	-42.34	463.29 4
101	519	502	230	178	224	165	8.37	-70.66	2.08	15349.29	880.80	5418.60	139.22	-59.57	465.63 4
101	519	502	231	178	224	164	8.12	-70.83	2.01	15362.02	861.56	5389.67	110.86	-65.79	470.90 4
101	519	501	230	178	225	165	7.66	-70.84	1.88	15350.12	827.68	5378.19	109.42	-49.10	468.40 4
100	519	502	230	178	225	164	7.69	-70.81	1.82	15342.42	810.30	5364.68	132.00	-29.35	461.88 4
100	519	502	230	178	225	165	7.62	-70.76	1.77	15344.10	798.58	5358.24	133.00	-7.53	459.54 4
101	519	502	230	178	224	164	7.36	-70.74	1.69	15333.69	777.05	5362.53	131.50	0.35	460.16 4
101	519	502	231	178	225	165	7.08	-70.74	1.59	15348.61	752.40	5364.40	132.37	11.18	462.00 4
101	519	502	230	178	225	165	6.63	-70.64	1.45	15346.37	714.18	5378.98	141.65	19.47	458.85 4
101	519	502	230	178	224	164	6.26	-70.61	1.33	15355.86	683.07	5394.43	151.12	20.75	452.71 4
100	519	502	230	178	225	165	5.94	-70.64	1.21	15358.86	651.52	5397.11	155.41	5.96	439.27 4
101	519	502	230	178	224	164	5.79	-70.76	1.17	15373.72	641.14	5383.66	148.54	-5.19	427.96 4
100	519	501	231	178	224	165	5.61	-70.81	1.12	15383.23	629.08	5384.07	139.32	-15.03	412.91 4
101	519	502	230	178	224	164	5.66	-70.86	1.10	15385.27	622.83	5379.07	151.60	-24.98	393.02 4
101	519	502	230	178	225	164	5.89	-70.90	1.12	15387.21	629.49	5374.52	156.67	-33.33	374.12 4
101	519	502	230	178	225	165	6.02	-70.93	1.15	15393.45	636.01	5367.59	156.39	-38.31	361.21 4
101	519	502	230	176	225	164	6.12	-70.95	1.15	15398.17	636.01	5364.01	160.47	-42.15	355.95 4
100	519	502	230	178	225	165	6.33	-71.04	1.18	15394.46	644.41	5347.21	162.84	-55.44	347.30 4
101	519	502	230	178	225	165	6.55	-71.14	1.20	15390.74	649.79	5316.65	172.40	-59.82	344.89 4
101	519	502	230	178	224	165	6.54	-71.20	1.18	15383.60	643.70	5296.42	170.48	-55.48	353.84 4
101	519	502	230	178	225	165	6.08	-71.31	1.04	15385.62	607.12	5270.20	176.26	-47.00	357.15 4
101	519	502	230	178	225	165	6.07	-71.36	0.92	15393.14	576.56	5234.69	264.44	-14.70	338.69 4
101	519	502	230	178	225	166	7.02	-71.30	1.04	15393.69	608.73	5202.15	350.37	35.28	326.46 4
101	519	502	230	179	224	165	7.69	-71.11	1.19	15381.80	647.50	5193.44	339.05	84.72	349.54 4
101	519	502	230	178	224	165	7.05	-70.92	1.08	15370.91	617.12	5217.77	287.45	106.13	387.86 4
100	519	502	230	178	225	165	6.21	-70.73	0.84	15380.37	554.07	5251.08	310.33	126.28	406.07 4
101	519	502	230	178	225	165	5.85	-70.50	0.69	15383.15	515.16	5289.73	360.16	146.26	404.11 4
102	519	502	230	178	224	165	5.83	-70.46	0.67	15383.59	509.80	5313.44	368.35	141.60	405.51 4
101	519	502	230	179	225	165	5.44	-70.49	0.59	15387.01	490.11	5333.77	329.84	124.42	413.33 4
101	519	502	230	178	224	165	4.94	-70.57	0.46	15392.26	455.61	5339.48	320.94	96.35	407.17 4
101	519	502	230	178	225	164	4.99	-70.72	0.46	15396.64	454.43	5318.71	337.20	86.13	392.46 4
102	519	502	230	178	224	165	5.21	-70.78	0.50	15396.41	466.71	5307.97	327.94	82.27	384.23 4
101	519	502	230	179	225	165	5.19	-70.84	0.50	15397.99	466.57	5292.77	318.94	85.76	386.37 4
101	519	502	230	178	225	166	5.33	-70.85	0.52	15392.09	472.24	5279.74	328.64	87.32	381.80 4
101	519	502	230	178	224	165	5.34	-70.84	0.50	15386.89	466.83	5267.95	344.96	93.86	382.01 4
102	519	502	230	178	224	166	5.32	-70.82	0.50	15386.94	466.89	5272.95	343.81	100.36	389.71 4
101	519	502	230	178	224	165	5.05	-70.80	0.42	15386.00	445.74	5275.30	349.77	107.40	403.63 4
101	519	502	230	178	224	166	4.82	-70.79	0.33	15393.70	421.46	5281.14	376.93	107.98	406.15 4
101	519	502	230	178	225	165	4.78	-70.72	0.29	15386.01	409.38	5288.28	395.29	108.38	404.99 4
102	519	502	230	178	225	165	4.62	-70.75	0.24	15386.51	398.52	5284.87	383.12	93.91	407.64 4
101	519	502	230	178	225	166	4.29	-70.84	0.16	15384.59	375.39	5276.22	363.07	88.56	410.21 4
101	519	502	230	178	224	166	4.09	-70.83	0.08	15382.36	356.22	5276.01	375.16	91.43	407.55 4
101	519	502	230	178	225	166	4.05	-70.85	0.05	15377.04	346.41	5277.01	388.36	96.01	403.92 4
101	519	502	230	178	225	166	4.20	-70.85	0.07	15367.39	352.89	5274.16	392.24	92.21	405.87 4
101	519	502	230	178	225	166	4.16	-70.85	0.06	15370.42	348.84	5273.45	379.88	83.00	414.98 4
101	520	502	231	178	226	167	3.96	-70.82	-0.01	15372.70	332.00	5272.58	379.58	89.65	429.68 4
101	519	502	230	177	225	166	3.83	-70.78	-0.09	15373.46	311.60	5275.35	403.00	98.37	441.50 4
101	519	502	230	178	224	166	3.88	-70.79	-0.10	15378.79	309.42	5277.38	418.20	96.50	454.82 4
102	519	502	230	178	225	167	3.76	-70.74	-0.12	15373.05	301.35	5290.71	418.59	90.73	476.33 4
100	519	502	230	178	225	167	3.56	-70.78	-0.17	15381.40	290.08	5297.78	397.76	68.39	501.66 4
101	519	502	230	178	225	166	3.01	-70.86	-0.30	15392.13	254.98	5298.69	382.37	49.52	520.33 4
101	519	503	230	178	224	165	2.70	-70.91	-0.40	15397.12	227.83	5285.56	402.71	45.09	526.26 4
101	519	502	230	178	225	166	2.65	-71.02	-0.43	15400.26	219.24	5270.28	414.37	40.59	527.30 4
101	519	502	230	178	225	166	2.66	-71.13	-0.43	15408.65	219.28	5252.76	398.90	36.16	537.99 4
101	519	503	230	178	225	166	2.40	-71.15	-0.51	15409.82	200.91	5240.33	369.01	41.30	552.89 4
100	519	502	230	178	225	166	1.95	-71.14	-0.62	15413.73	171.87	5236.31	370.31	44.74	555.54 4
101	519	503	230	178	226	166	1.74	-71.10	-0.69	15412.64	152.07	5235.49	382.44	57.75	555.12 4
101	519	502	230	179	225	167	1.64	-71.14	-0.75	15408.41	136.07	5224.32	379.47	65.06	560.71 4
101	519	503	230	178	225	167	1.16	-71.11	-0.85	15411.19	109.47	5205.30	373.55	86.16	570.12 4
101	519	502	230	178	225	167	0.45	-70.92	-1.06	15406.23	54.59	5211.84	383.72	125.25	575.12 4
101	519	502	230	177	226	167	-0.08	-70.74	-1.24	15407.12	6.66	5226.45	411.68	158.54	568.21 4
101	519	503	230	178	226	167	-0.43	-70.61	-1.36	15411.96	-24.47	5250.32	417.50	177.66	555.90 4
101	519	502	230	178	225	166	-0.77	-70.52	-1.45	15412.96	-49.25	5264.61	400.92	181.38	541.96 4
101	519	502	230	178	225	167	-1.12	-70.52	-1.54	15419.31	-72.98	5264.58	379.88	184.41	527.61 4
101	519	503	230	178	225	167	-1.22	-70.55	-1.58	15433.75	-84.73	5257.75	377.63	195.14	507.48 4
101	519	503	230	178	226	167	-1.15	-70.49	-1.59	15438.26	-86.90	5256.86	376.60	213.93	489.50 4
102	519	502	230	178	226	166	-1.07	-70.47	-1.58	15436.75	-83.75	5260.82	354.87	219.79	473.08 4
102	519	503	230	178	225	167	-1.07	-70.45	-1.60	15438.91	-88.17	5265.18	336.83	225.00	459.77 4
102	519	503	230	178	225	167	-1.19	-70.29	-1.67	15442.36	-108.16	5292.52	352.29	245.85	446.29 4
101	519	503	230	178	226	167	-0.95	-70.15	-1.64	15433.85	-99.15	5318.49	359.42	247.70	433.07 4
101	519	503	230	178	226	167	-1.10	-70.12	-1.66	15425.75	-105.79	5337.57	338.35	238.62	430.97 4
101	519	503	230	178	226	167	-1.36	-70.11	-1.72	15422.46	-121.10	5344.09	309.88	236.69	427.02 4
101	519	502	230	178	225	167	-1.57	-70.11	-1.79	15405.34	-137.25	5333.48	307.14	237.90	414.22 4
101	519	503	230	178	225	167	-1.48	-70.17	-1.79	15409.07	-137.38	5317.21	319.13	243.76	404.66 4
101	519	502	230	178	226	166	-1.48	-70.13	-1.81	15406.82	-143.12	5311.35	326.18	258.72	405.17 4
101	519	502	230	178	226	167	-1.48	-70.07	-1.85	15398.28	-153.96	5315.38	335.37	270.38	410.62 4
101	519	502	230	178	226	167	-1.68	-70.03	-1.91	15398.37	-169.06	5321.21	336.75	275.22	414.89 4
102	519	503	230	178	225	168	-1.86	-69.98	-1.99	15394.45	-190.21	5326.75	334.71	281.10	414.74 4
101	518	503	230	178	223	166	-1.89	-69.96	-2.01	15393.92	-195.10	5330.01	334.83	286.00	412.90 4
101	519	502	230	178	226	167	-2.17	-69.88	-2.10	15388.63	-218.14	5334.31	322.43	297.30	415.21 4
101	519	503	230	178	225	167	-2.65	-69.68	-2.25	15383.40	-259.44	5360.40	328.26	316.93	414.00 4
102	519	503	230	178	225	167	-2.81	-69.44	-2.35	15368.03	-285.46	5403.98	338.40	323.49	401.40 4
101	519	503	230	178	225	168	-2.78	-69.30	-2.36	15361.03	-287.19	5440.58	333.33	318.66	394.28 4
101	519	502	230	178	225	168	-2.92	-69.27	-2.38	15352.37	-292.83	5467.15	327.06	296.68	386.21 4
101	519	503	230	178	226	168	-2.88	-69.29	-2.40	15350.16	-297.39	5480.79	327.96	281.60	378.20 4
101	519	502	230	178	226	167	-2.99	-69.29	-2.43	15340.85	-303.92	5487.55	322.01	272.97	378.79 4
101	519	503	230	178	224	167	-3.25	-69.33	-2.52	15332.41	-326.52	5492.97	327.81	254.27	375.55 4
101	519	503	230	178	225	168	-3.80	-69.43	-2.69	15338.79	-372.00	5484.73	351.82	236.35	360.03 4
101	519	503	230	178	226	168	-3.91	-69.41	-2.79	15348.05	-398.60	5488.09	403.68	236.39	328.08 4
102	519	503	230	178	226	168	-3.74	-69.42	-2.76	15350.24	-391.47	5500.68	404.45	225.32	301.27 4
101	519	503	230	178	226	167	-4.11	-69.41	-2.82	15352.33	-407.09	5518.45	356.37	207.00	283.11 4
101	519	503	230	178	225	168	-4.47	-69.46	-2.92	15353.51	-433.14	5528.13	337.15	182.85	256.35 4
100	520	503	230	178	226	168	-4.65	-69.55	-2.96	15353.44	-445.08	5521.32	326.30	166.26	222.43 4
101	519	503	230	178	226	169	-5.09	-69.62	-3.07	15352.97	-471.03	5514.46	314.58	154.10	183.26 4
101	519	503	230	178	226	168	-5.51	-69.69	-3.16	15361.52	-496.88	5505.33	298.40	148.84	131.30 4
101	519	502	230	178	225	168	-5.72	-69.68	-3.25	15369.64	-519.83	5498.27	291.98	157.20	74.63 4
102	519	503	230	178	225	167	-6.06	-69.70	-3.34	15391.56	-545.64	5498.35	279.53	160.24	8.50 4
101	519	503	230	178	224	167	-6.53	-69.69	-3.46	15410.38	-579.96	5488.24	270.01	172.43	-82.67 4
101	519	503	230	178	226	168	-6.42	-69.62	-3.50	15418.06	-590.56	5491.02	295.16	183.16	-204.84 4
101	519	503	229	178	225	167	-5.44	-69.68	-3.29	15423.76	-534.83	5481.27	317.15	187.35	-324.85 4
101	519	502	230	178	225	167	-4.41	-69.81	-3.03	15431.77	-466.09	5461.41	279.94	186.03	-420.50 4
102	519	503	230	178	224	167	-3.88	-69.90	-2.85	15436.38	-418.59	5443.54	224.34	187.83	-504.78 4
101	520	502	230	178	225	167	-3.44	-69.84	-2.72	15437.56	-385.06	5453.56	202.48	199.14	-592.84 4
101	519	502	230	178	225	167	-2.44	-69.80	-2.46	15429.88	-315.21	5448.08	194.85	212.53	-675.45 4
101	520	503	230	178	225	167	-1.39	-69.72	-2.12	15410.39	-225.44	5447.48	128.01	217.40	-728.73 4
101	520	503	230	178	226	167	-1.13	-69.72	-1.95	15391.27	-181.97	5442.11	46.16	209.88	-763.14 4
102	520	503	230	178	225	166	-1.05	-69.68	-1.88	15366.71	-161.87	5438.60	-8.05	220.24	-803.73 4
102	520	503	230	178	226	167	-0.65	-69.52	-1.76	15332.57	-128.98	5455.27	-33.55	243.68	-852.50 4
101	520	503	230	178	226	165	-0.18	-69.34	-1.57	15301.54	-77.33	5472.31	-87.92	257.39	-886.17 4
101	520	503	230	178	226	166	0.14	-69.30	-1.36	15276.27	-22.66	5476.09	-185.37	256.62	-898.96 4
101	519	503	230	178	224	166	0.24	-69.28	-1.24	15261.25	10.67	5469.29	-265.60	267.04	-905.81 4
102	520	503	230	178	226	166	0.53	-69.21	-1.10	15243.99	48.34	5463.62	-329.52	290.39	-917.02 4
101	520	503	230	178	226	166	0.49	-69.13	-0.98	15229.19	79.52	5459.84	-439.80	316.47	-912.57 4
102	520	502	230	178	224	166	0.25	-69.00	-0.96	15233.53	83.94	5457.25	-516.11	352.25	-918.59 4
101	520	503	230	178	226	166	0.62	-68.82	-0.81	15228.05	123.35	5467.59	-560.55	395.04	-932.41 4
101	520	503	230	177	224	165	0.95	-68.55	-0.61	15226.65	175.38	5501.81	-639.97	427.33	-940.89 4
102	519	503	230	178	226	166	0.99	-68.18	-0.51	15220.52	201.41	5560.92	-718.83	454.17	-953.05 4
102	519	503	230	178	225	165	1.54	-67.82	-0.26	15206.69	266.54	5631.67	-748.33	461.81	-976.25 4
101	519	502	230	178	224	165	2.26	-67.54	0.03	15192.96	341.01	5696.89	-781.27	459.62	-990.18 4
101	519	502	229	178	226	165	2.82	-67.33	0.27	15183.11	404.56	5746.44	-815.25	450.24	-993.77 4
101	519	502	230	177	225	165	3.44	-67.11	0.52	15163.55	468.33	5792.12	-837.34	447.23	-983.49 4
101	519	502	230	178	225	165	3.82	-67.02	0.69	15144.77	512.92	5826.91	-856.02	424.91	-969.91 4
102	518	502	229	177	226	165	4.08	-66.96	0.80	15139.13	540.07	5857.37	-850.32	412.87	-957.52 4
102	518	502	230	177	224	165	4.40	-66.89	0.90	15128.98	566.67	5890.30	-829.61	403.47	-945.04 4
102	519	502	229	178	225	165	4.90	-66.85	1.06	15117.53	608.73	5911.18	-823.53	388.30	-929.64 4
101	519	502	230	178	226	165	5.24	-66.83	1.21	15108.85	645.70	5929.02	-823.75	369.94	-901.71 4
101	519	502	229	178	225	165	5.43	-66.82	1.29	15096.61	666.21	5944.57	-816.11	356.89	-874.52 4
101	518	501	229	178	226	166	5.68	-66.78	1.38	15090.98	690.90	5972.14	-800.36	338.39	-848.79 4
101	519	502	229	178	225	165	5.83	-66.76	1.45	15086.63	708.76	5995.94	-797.34	322.18	-823.40 4
101	518	502	229	178	224	165	6.08	-66.70	1.54	15081.30	730.12	6020.14	-770.02	306.42	-810.78 4
101	518	502	230	177	225	165	6.53	-66.64	1.67	15084.03	764.21	6041.53	-728.67	296.45	-789.90 4
101	519	502	229	177	226	165	6.97	-66.67	1.81	15076.03	800.20	6053.66	-710.99	272.87	-758.30 4
101	518	501	229	178	225	166	7.15	-66.74	1.88	15074.83	819.59	6060.77	-702.49	251.38	-733.39 4
101	518	502	229	177	225	165	7.32	-66.76	1.93	15073.29	831.41	6073.93	-667.81	237.11	-713.67 4
102	518	502	229	178	224	165	7.72	-66.78	2.04	15069.42	858.84	6078.64	-630.62	218.66	-696.78 4
101	519	502	229	178	226	165	8.06	-66.93	2.15	15064.95	887.70	6076.51	-623.29	188.47	-674.09 4
102	518	501	229	177	226	164	8.01	-67.09	2.15	15071.70	888.11	6058.48	-629.98	170.30	-654.29 4
101	518	502	229	178	225	164	8.15	-67.11	2.18	15069.12	894.51	6054.56	-590.98	173.08	-650.87 4
101	518	502	230	177	224	165	8.54	-67.01	2.28	15053.66	921.98	6065.43	-554.73	180.43	-648.93 4
101	518	502	229	177	225	163	8.81	-66.87	2.40	15036.98	951.28	6090.56	-541.49	177.81	-639.93 4
102	518	501	229	178	225	164	8.94	-66.85	2.45	15025.53	963.12	6106.43	-519.97	166.72	-624.49 4
102	518	501	230	177	226	165	9.01	-66.88	2.48	15015.45	970.36	6111.91	-495.92	156.78	-611.11 4
101	518	501	229	176	226	165	9.25	-66.86	2.53	15019.68	983.25	6115.91	-444.77	161.59	-602.66 4
101	518	502	229	178	224	164	9.62	-66.84	2.67	15009.10	1017.88	6115.92	-438.09	157.86	-596.87 4
102	519	501	230	177	224	165	9.39	-66.97	2.72	15009.64	1030.99	6122.32	-492.38	132.97	-585.03 4
102	518	501	230	178	225	165	8.75	-67.03	2.60	15017.36	1001.04	6137.80	-542.36	108.12	-585.78 4
102	518	502	230	176	225	163	8.21	-67.17	2.47	15029.69	967.99	6138.11	-552.09	82.27	-605.44 4
101	519	501	230	178	224	164	8.15	-67.35	2.43	15049.41	957.79	6127.21	-553.64	60.35	-636.52 4
101	519	501	229	178	224	163	8.41	-67.50	2.51	15058.94	980.90	6107.05	-573.31	42.73	-670.59 4
102	518	501	230	177	224	164	8.83	-67.57	2.64	15052.19	1013.65	6091.70	-585.19	23.70	-702.61 4
101	519	501	229	178	225	163	9.24	-67.65	2.82	15051.38	1059.17	6082.91	-607.38	0.71	-733.58 4
101	518	501	229	178	225	163	9.77	-67.65	2.99	15047.61	1103.81	6074.77	-619.71	-6.17	-753.00 4
101	519	501	230	177	225	163	10.42	-67.61	3.21	15035.43	1158.02	6067.03	-623.98	-10.61	-763.25 4
101	518	501	229	178	223	163	11.17	-67.51	3.47	15014.46	1225.12	6067.47	-621.93	-20.23	-750.89 4
101	519	502	230	178	225	163	11.64	-67.48	3.65	15000.34	1269.26	6066.30	-619.08	-30.37	-727.15 4
102	519	501	230	178	226	163	12.01	-67.41	3.80	14986.92	1306.60	6068.59	-609.83	-29.35	-701.39 4
102	519	501	230	178	225	163	12.18	-67.29	3.87	14983.17	1324.87	6085.76	-583.89	-21.69	-676.02 4
102	519	501	230	177	224	163	12.34	-67.20	3.92	14980.01	1337.63	6097.87	-544.54	-14.75	-649.27 4
102	519	501	230	178	224	163	12.55	-67.14	4.00	14978.01	1359.55	6113.98	-521.37	-20.26	-624.55 4
101	519	501	230	178	225	162	12.74	-67.23	4.08	14979.11	1379.77	6110.08	-513.55	-45.45	-602.08 4
101	519	501	230	178	225	161	12.79	-67.43	4.08	15001.96	1380.98	6092.57	-504.87	-63.98	-578.97 4
101	519	501	230	178	224	162	12.89	-67.56	4.08	15008.26	1381.73	6075.94	-467.13	-76.48	-568.32 4
101	519	501	230	178	225	161	13.45	-67.65	4.20	15014.65	1413.84	6063.75	-424.67	-86.41	-558.31 4
101	518	501	229	178	225	161	13.62	-67.79	4.27	15028.51	1432.55	6054.16	-414.44	-108.23	-545.19 4
101	518	501	230	177	226	161	13.82	-67.92	4.32	15040.89	1446.93	6040.85	-399.31	-128.12	-528.23 4
102	519	501	229	178	223	161	13.97	-67.95	4.37	15039.44	1459.58	6043.21	-384.05	-142.27	-514.52 4
101	518	500	230	177	222	160	13.93	-67.94	4.40	15040.07	1465.40	6056.45	-383.15	-157.65	-502.45 4
101	518	500	230	178	224	161	13.97	-67.97	4.42	15032.26	1469.73	6065.43	-355.44	-188.27	-491.22 4
102	518	500	229	177	225	160	14.21	-68.11	4.50	15029.85	1490.84	6065.35	-338.72	-229.01	-478.61 4
101	518	501	229	178	224	160	14.48	-68.36	4.56	15039.96	1506.70	6039.29	-328.88	-264.26	-459.03 4
102	518	500	230	178	223	158	14.96	-68.54	4.65	15038.36	1531.17	6008.52	-301.39	-287.64	-446.68 4
101	517	500	229	178	224	159	15.59	-68.71	4.82	15041.24	1575.21	5972.30	-280.37	-312.76	-428.55 4
101	518	500	229	178	225	159	16.15	-68.93	4.94	15047.38	1606.45	5922.48	-265.00	-334.77	-406.37 4
101	517	499	229	178	224	159	16.55	-69.12	5.00	15066.61	1624.32	5875.36	-244.00	-331.59	-380.55 4
102	517	500	229	177	223	159	16.63	-69.17	5.00	15073.48	1623.31	5850.99	-209.85	-317.71	-360.92 4
101	517	500	229	178	224	159	16.82	-69.22	5.03	15086.01	1633.34	5831.04	-183.21	-312.72	-351.53 4
101	517	499	229	178	224	159	16.91	-69.21	5.07	15093.11	1644.88	5828.69	-170.00	-312.68	-344.30 4
101	517	499	229	177	223	159	17.09	-69.26	5.14	15098.65	1662.83	5813.85	-168.95	-319.20	-332.54 4
101	517	499	229	178	224	160	17.22	-69.38	5.16	15106.72	1669.29	5787.16	-156.85	-321.89	-315.81 4
101	517	499	229	177	223	159	17.45	-69.46	5.21	15104.78	1682.03	5763.20	-137.01	-328.70	-301.72 4
101	517	499	229	177	224	160	17.59	-69.59	5.26	15110.54	1693.72	5740.04	-140.21	-344.11	-286.93 4
101	517	499	229	178	222	159	17.74	-69.73	5.29	15116.62	1702.64	5707.64	-140.95	-351.51	-269.59 4
101	517	499	229	177	224	159	17.88	-69.81	5.32	15122.98	1710.71	5677.26	-142.25	-343.23	-251.26 4
101	517	499	229	178	223	159	17.93	-69.89	5.32	15131.04	1712.57	5657.60	-121.79	-341.37	-235.34 4
101	517	499	229	178	224	159	18.16	-69.91	5.37	15139.88	1727.94	5646.52	-113.90	-341.65	-225.28 4
101	517	499	229	178	224	159	18.23	-70.01	5.41	15153.49	1737.75	5627.19	-130.25	-349.27	-207.86 4
102	517	499	229	177	223	159	18.17	-70.13	5.39	15165.21	1733.66	5597.83	-123.89	-352.20	-195.37 4
101	517	499	229	177	223	158	18.49	-70.17	5.43	15177.35	1746.58	5567.34	-98.30	-337.84	-186.05 4
101	517	499	229	177	224	158	18.84	-70.18	5.53	15176.09	1770.65	5549.97	-96.98	-335.00	-173.20 4
101	517	499	229	177	224	158	18.75	-70.28	5.51	15193.48	1766.51	5534.87	-98.93	-338.95	-156.19 4
101	517	499	229	178	224	159	18.85	-70.34	5.50	15197.61	1765.79	5512.93	-69.38	-332.55	-146.53 4
102	517	499	229	177	223	159	19.10	-70.37	5.55	15205.93	1778.50	5496.48	-51.57	-337.03	-134.10 4
101	517	500	229	177	224	158	19.13	-70.43	5.57	15214.63	1785.37	5484.66	-48.94	-339.38	-119.05 4
101	517	500	230	177	224	158	18.97	-70.51	5.52	15219.90	1772.31	5470.63	-37.14	-342.71	-106.49 4
101	517	499	229	177	224	158	19.13	-70.59	5.51	15223.50	1770.09	5440.29	-14.98	-340.97	-97.02 4
101	517	499	229	177	225	158	19.22	-70.65	5.52	15226.73	1774.19	5417.68	-2.58	-339.27	-91.72 4
101	517	499	229	177	225	158	19.39	-70.72	5.54	15231.59	1779.68	5391.00	22.84	-337.91	-88.83 4
102	517	499	229	177	222	157	19.75	-70.82	5.61	15238.61	1799.09	5361.65	41.10	-340.41	-79.79 4
101	517	499	229	178	224	157	19.86	-70.86	5.63	15249.28	1805.14	5335.96	42.25	-329.74	-65.05 4
102	517	499	229	177	224	158	19.94	-70.94	5.62	15258.22	1801.68	5310.57	64.49	-321.51	-53.25 4
101	517	499	229	177	224	157	20.22	-71.00	5.64	15267.30	1808.60	5283.04	97.31	-309.88	-47.69 4
101	517	499	229	177	224	157	20.46	-71.00	5.68	15270.54	1820.37	5264.29	117.35	-300.39	-39.65 4
101	517	499	229	177	225	157	20.54	-71.04	5.70	15282.01	1826.35	5253.27	132.33	-295.27	-29.07 4
102	517	499	230	177	224	158	20.89	-71.04	5.75	15294.71	1839.23	5241.01	155.06	-284.65	-20.52 4
102	517	500	230	177	224	158	20.97	-71.07	5.74	15303.38	1839.07	5224.16	161.26	-276.52	-8.79 4
101	517	500	229	178	223	157	20.91	-71.17	5.73	15308.01	1837.52	5199.95	158.10	-277.64	-0.80 4
101	518	500	230	177	225	158	21.03	-71.32	5.73	15308.21	1837.84	5162.75	152.94	-279.01	4.44 4
101	518	500	229	178	224	158	21.24	-71.51	5.76	15324.20	1845.95	5123.41	133.74	-287.36	7.72 4
101	518	500	229	178	224	157	21.34	-71.68	5.75	15334.19	1843.45	5079.84	123.16	-283.44	11.08 4
101	518	500	229	178	224	158	21.44	-71.72	5.74	15339.48	1843.08	5051.65	128.25	-266.07	13.53 4
101	518	501	229	177	224	157	21.71	-71.69	5.77	15341.50	1849.92	5024.67	131.69	-245.52	16.55 4
101	519	500	229	178	224	158	21.74	-71.69	5.76	15353.23	1848.63	5003.63	118.80	-222.34	29.27 4
101	518	501	230	177	224	158	21.63	-71.70	5.73	15350.97	1841.60	4998.45	113.71	-216.13	34.91 4
102	518	500	230	177	224	158	21.60	-71.75	5.73	15370.62	1844.12	4981.93	93.38	-209.32	36.76 4
101	518	501	229	178	224	158	21.54	-71.70	5.75	15381.29	1849.91	4975.63	67.66	-198.05	44.38 4
100	518	501	229	178	223	158	21.56	-71.74	5.75	15392.82	1849.62	4967.85	49.52	-201.70	52.66 4
99	518	501	230	178	224	158	21.31	-71.88	5.70	15401.38	1838.13	4947.26	21.40	-216.62	61.82 4
98	518	501	230	178	225	158	21.28	-72.01	5.67	15413.51	1832.23	4926.30	8.23	-219.53	68.73 4
97	518	501	229	177	225	158	21.30	-72.08	5.65	15426.84	1828.62	4909.38	-6.43	-213.36	74.85 4
97	518	501	229	178	224	158	21.07	-72.16	5.61	15426.29	1817.39	4896.31	-29.21	-212.14	83.50 4
96	518	501	230	178	225	158	20.82	-72.20	5.58	15433.78	1808.32	4883.90	-48.70	-208.88	82.38 4
95	518	501	230	178	225	158	20.81	-72.24	5.55	15442.89	1802.70	4876.30	-36.37	-206.74	81.81 4
95	518	501	230	178	225	158	20.70	-72.25	5.56	15448.15	1805.37	4858.09	-46.30	-199.20	81.67 4
95	518	501	230	178	226	158	20.71	-72.25	5.55	15456.94	1802.30	4846.58	-41.88	-185.49	85.94 4
94	517	501	230	178	225	158	20.68	-72.27	5.52	15454.09	1796.98	4829.85	-45.14	-173.97	92.99 4
93	519	501	229	178	224	159	20.61	-72.30	5.49	15461.39	1788.33	4815.36	-43.78	-161.82	95.09 4
91	518	501	230	178	224	158	20.45	-72.22	5.46	15465.72	1779.32	4820.99	-35.64	-146.28	95.74 4
93	518	501	230	178	225	159	20.37	-72.22	5.41	15466.83	1768.75	4812.74	-32.51	-140.81	95.10 4
93	518	501	230	178	226	158	20.32	-72.25	5.41	15471.09	1766.71	4810.10	-28.58	-140.07	94.14 4
93	518	501	230	178	225	159	20.37	-72.27	5.39	15469.74	1763.58	4798.60	-25.51	-139.92	95.19 4
93	518	501	230	178	224	158	20.57	-72.39	5.41	15472.65	1767.20	4778.47	-24.63	-148.57	108.53 4
92	518	501	230	178	224	158	20.44	-72.50	5.38	15473.62	1759.44	4755.55	-40.15	-151.29	124.45 4
91	519	501	230	178	225	158	20.27	-72.69	5.30	15499.73	1740.67	4730.97	-37.24	-160.93	141.28 4
92	518	501	229	178	225	158	20.24	-72.78	5.24	15517.35	1726.23	4700.62	-31.38	-148.68	151.36 4
92	518	501	230	178	225	159	19.95	-72.85	5.16	15535.48	1708.72	4683.39	-51.16	-132.90	154.70 4
92	518	501	230	178	225	158	19.41	-72.82	5.05	15547.30	1678.09	4678.42	-51.60	-111.85	143.71 4
92	518	501	229	178	226	159	19.09	-72.68	4.97	15551.74	1658.78	4689.30	-44.67	-94.01	115.78 4
91	518	501	230	178	225	158	19.06	-72.58	4.94	15564.95	1650.44	4698.63	-37.69	-80.56	84.69 4
91	518	501	230	178	225	157	19.40	-72.48	5.00	15553.50	1666.72	4702.90	-27.85	-69.83	50.90 4
91	518	501	230	178	225	158	19.94	-72.44	5.12	15548.43	1698.58	4697.76	-15.16	-71.34	27.21 4
92	519	501	229	178	225	159	20.51	-72.41	5.23	15536.41	1726.45	4690.47	-2.60	-77.12	22.95 4
92	518	501	230	178	226	159	20.83	-72.43	5.26	15529.59	1733.93	4687.55	27.73	-76.22	36.75 4
92	518	501	229	178	225	158	20.89	-72.41	5.24	15525.71	1728.84	4692.57	68.29	-73.76	57.71 4
92	519	502	230	178	225	158	20.81	-72.35	5.23	15522.22	1723.19	4704.94	101.68	-74.37	71.58 4
91	519	501	229	178	224	158	20.72	-72.42	5.18	15527.11	1710.63	4701.09	102.14	-76.60	85.45 4
92	518	501	230	178	225	158	20.58	-72.54	5.13	15522.75	1696.30	4676.84	99.64	-78.97	95.03 4
92	518	502	230	178	225	158	20.73	-72.64	5.10	15524.42	1689.49	4648.00	120.40	-64.62	98.67 4
91	518	501	230	178	224	159	21.12	-72.69	5.15	15526.60	1703.21	4613.20	122.48	-44.09	98.99 4
92	518	501	230	178	224	159	21.12	-72.68	5.14	15530.87	1701.05	4593.14	109.21	-16.34	106.94 4
92	519	501	230	178	226	159	20.87	-72.63	5.08	15535.12	1685.40	4587.88	110.40	12.98	111.49 4
92	519	502	230	178	225	159	20.85	-72.50	5.06	15543.37	1680.53	4593.09	124.98	47.93	112.22 4
91	518	502	229	178	225	159	20.76	-72.39	5.05	15546.20	1679.30	4607.83	127.38	60.53	111.86 4
92	519	502	229	178	226	159	20.67	-72.36	5.06	15554.69	1682.14	4619.44	116.56	55.71	109.42 4
92	519	502	230	178	224	159	20.66	-72.34	5.08	15558.75	1688.23	4614.87	108.88	61.17	108.74 4
92	519	502	230	178	225	159	20.78	-72.33	5.14	15552.22	1704.42	4614.92	101.84	55.81	111.96 4
92	519	502	230	178	225	159	20.65	-72.35	5.12	15552.00	1699.00	4612.78	90.25	54.07	123.41 4
92	519	501	229	178	225	158	20.66	-72.43	5.12	15549.20	1696.45	4605.94	85.13	41.87	130.84 4
92	519	502	229	178	224	159	20.64	-72.60	5.07	15554.54	1685.83	4587.24	79.93	32.08	138.80 4
92	519	502	229	178	224	159	20.45	-72.66	5.00	15562.22	1667.53	4562.88	86.88	41.17	145.06 4
92	519	502	229	178	224	159	20.40	-72.63	4.99	15553.11	1662.76	4551.74	96.59	59.76	149.20 4
92	519	502	230	178	225	159	20.64	-72.62	5.03	15551.05	1674.62	4535.95	83.06	73.53	154.99 4
92	519	501	230	178	226	159	20.41	-72.59	4.97	15548.30	1658.49	4532.95	69.95	89.30	166.89 4
92	519	502	230	178	223	159	19.93	-72.53	4.88	15556.28	1632.56	4542.90	69.36	105.93	171.15 4
92	519	502	229	178	225	160	19.54	-72.40	4.81	15549.87	1613.54	4560.36	68.54	118.79	170.69 4
92	519	502	230	178	225	159	19.34	-72.37	4.78	15544.97	1605.46	4576.14	65.46	120.45	164.86 4
92	519	502	230	178	225	159	19.43	-72.36	4.81	15547.13	1614.19	4581.33	56.49	113.68	163.56 4
92	519	502	230	178	226	159	19.62	-72.40	4.84	15552.57	1622.48	4579.67	53.66	113.24	173.99 4
92	519	501	229	178	226	159	19.55	-72.41	4.83	15552.14	1621.55	4576.88	47.33	115.83	187.69 4
92	519	501	229	178	225	160	19.41	-72.43	4.80	15560.33	1613.48	4577.44	42.31	115.94	195.75 4
92	519	502	229	178	225	161	19.26	-72.46	4.74	15567.52	1598.40	4579.57	38.60	117.59	198.92 4
91	519	502	230	178	224	160	18.96	-72.45	4.71	15561.14	1588.08	4582.99	25.92	110.56	197.27 4
92	519	502	229	178	225	160	18.87	-72.44	4.68	15566.08	1580.88	4581.24	23.42	121.03	198.71 4
91	519	501	230	178	226	160	18.73	-72.35	4.66	15557.38	1574.03	4592.38	31.20	128.98	199.22 4
91	519	502	230	179	225	160	18.69	-72.36	4.65	15556.51	1573.33	4591.96	30.74	121.58	203.51 4
92	519	502	229	178	225	160	18.55	-72.32	4.62	15561.48	1565.67	4600.76	28.70	127.95	207.03 4
92	519	502	230	178	226	159	18.35	-72.35	4.56	15574.61	1549.98	4605.92	27.47	132.11	211.18 4
92	519	502	230	178	226	161	18.16	-72.31	4.51	15572.28	1536.28	4608.23	38.50	141.60	210.02 4
92	519	502	230	178	225	160	18.16	-72.32	4.51	15568.26	1536.47	4609.81	33.67	135.17	204.77 4
92	519	502	229	178	225	160	17.91	-72.38	4.45	15574.65	1519.44	4605.12	15.54	137.51	205.93 4
92	519	501	230	178	224	160	17.78	-72.39	4.41	15577.12	1508.47	4601.87	36.31	143.09	201.19 4
92	519	501	229	178	224	161	18.03	-72.31	4.45	15565.86	1520.45	4603.77	48.85	152.43	198.78 4
92	519	501	230	178	226	160	17.98	-72.35	4.45	15561.97	1519.23	4595.58	30.70	147.81	203.49 4
92	519	502	230	178	226	160	17.65	-72.42	4.37	15566.87	1499.47	4591.21	11.42	140.37	206.71 4
93	519	502	230	177	227	161	17.38	-72.42	4.29	15565.13	1477.69	4589.04	21.55	150.10	209.68 4
92	519	501	230	178	226	161	17.28	-72.38	4.27	15563.07	1470.41	4596.19	28.52	159.75	205.94 4
93	519	501	230	178	225	160	17.28	-72.35	4.26	15557.92	1469.09	4601.98	20.94	158.71	206.10 4
92	519	501	229	178	225	161	17.31	-72.34	4.26	15554.62	1468.83	4601.08	19.00	160.42	209.74 4
91	519	501	230	178	225	161	17.35	-72.32	4.27	15556.69	1470.19	4605.03	29.15	165.05	211.96 4
93	519	501	229	178	226	161	17.17	-72.26	4.24	15552.85	1462.88	4612.38	27.99	169.75	218.21 4
92	519	502	230	178	225	161	16.91	-72.22	4.18	15557.21	1447.14	4631.96	37.89	163.11	224.85 4
92	519	501	230	178	226	161	16.70	-72.27	4.12	15553.55	1431.58	4638.36	42.20	158.81	228.60 4
92	519	501	230	178	225	161	16.54	-72.29	4.07	15567.07	1417.80	4639.84	46.69	152.42	236.77 4
93	519	502	230	178	225	161	16.24	-72.36	4.00	15562.72	1398.31	4645.45	44.80	129.75	235.94 4
93	519	501	230	178	226	160	16.13	-72.40	3.96	15566.78	1389.00	4650.38	40.26	120.11	234.14 4
92	519	501	230	178	225	161	16.03	-72.43	3.93	15559.04	1379.15	4650.66	46.70	106.65	231.53 4
93	519	501	229	178	226	161	15.95	-72.51	3.90	15561.29	1372.19	4643.73	35.26	94.82	233.96 4
93	519	501	229	178	225	161	15.76	-72.60	3.83	15558.03	1352.78	4637.34	27.25	80.18	239.46 4
93	519	501	230	178	225	160	15.40	-72.71	3.75	15567.33	1332.14	4625.07	19.19	69.87	235.03 4
92	519	501	230	178	225	161	15.32	-72.78	3.71	15570.96	1322.53	4617.02	16.48	69.68	227.98 4
92	519	501	230	178	225	161	15.06	-72.85	3.67	15578.41	1312.81	4609.97	-7.95	75.44	218.53 4
93	519	501	230	178	226	162	14.75	-72.81	3.60	15586.69	1293.57	4616.47	-15.45	86.42	200.66 4
93	519	501	229	178	225	160	14.88	-72.68	3.64	15592.56	1304.49	4632.85	-9.63	101.50	180.42 4
92	519	501	230	178	225	161	15.14	-72.55	3.70	15597.73	1320.26	4658.40	-3.09	98.62	164.40 4
93	519	501	229	178	225	161	15.36	-72.48	3.78	15613.44	1342.25	4681.68	-0.54	89.09	161.18 4
93	519	502	229	178	225	161	15.38	-72.52	3.77	15624.97	1340.34	4688.20	-0.36	74.74	165.52 4
92	519	502	230	178	225	161	15.40	-72.57	3.73	15641.72	1331.72	4678.59	22.61	67.05	167.05 4
91	519	501	230	178	225	161	15.39	-72.63	3.70	15646.83	1325.93	4675.86	31.87	57.30	159.15 4
93	519	502	230	177	225	161	14.98	-72.68	3.62	15656.09	1303.44	4669.87	13.93	46.83	149.34 4
93	519	502	230	178	226	161	14.73	-72.77	3.54	15654.69	1283.47	4661.37	12.73	37.49	127.47 4
93	519	502	229	178	225	161	14.74	-72.86	3.52	15655.75	1275.89	4640.90	14.35	37.82	98.75 4
93	519	502	230	178	225	160	14.97	-72.88	3.54	15646.57	1281.70	4625.26	25.73	40.33	74.91 4
93	519	501	229	178	225	161	15.26	-72.93	3.58	15639.24	1292.41	4612.60	26.14	41.91	54.81 4
93	519	501	230	178	225	160	15.36	-72.89	3.61	15625.28	1298.99	4607.57	14.39	42.82	44.07 4
93	519	501	229	178	226	161	15.21	-72.90	3.56	15626.21	1286.84	4607.59	19.17	44.82	36.72 4
93	519	502	229	178	225	161	15.19	-72.89	3.54	15619.10	1279.10	4598.21	30.81	60.68	32.68 4
93	518	501	230	178	225	161	15.14	-72.88	3.53	15610.15	1276.35	4600.90	19.77	59.80	34.65 4
93	519	502	230	178	225	161	14.83	-72.93	3.45	15610.84	1255.73	4599.85	12.93	56.56	31.02 4
93	519	501	230	178	224	160	14.61	-72.91	3.41	15615.30	1246.14	4607.06	6.43	56.33	17.12 4
93	519	501	230	178	225	161	14.44	-72.88	3.38	15617.33	1237.03	4604.31	-11.04	57.86	2.86 4
93	519	501	230	178	225	162	14.33	-72.90	3.35	15618.26	1230.38	4613.09	-24.14	53.07	-13.58 4
94	519	501	230	178	225	161	14.46	-72.88	3.34	15629.95	1227.66	4609.64	-20.93	61.72	-32.90 4
93	519	501	230	178	225	161	14.91	-72.87	3.44	15627.65	1253.48	4604.36	-25.53	59.18	-48.96 4
93	519	501	230	178	223	161	15.27	-72.93	3.53	15633.07	1278.81	4594.34	-56.46	49.87	-53.51 4
93	519	501	229	178	225	160	15.27	-72.96	3.51	15642.62	1273.27	4576.82	-52.18	58.63	-51.13 4
93	519	501	230	178	225	161	15.52	-72.90	3.55	15647.29	1283.60	4570.98	-40.67	81.15	-55.93 4
94	519	501	229	178	226	160	15.58	-72.77	3.56	15646.32	1286.62	4585.43	-41.89	98.09	-57.68 4
93	519	501	230	178	225	161	15.25	-72.67	3.51	15641.81	1274.89	4602.56	-46.20	109.19	-65.10 4
94	519	501	230	178	225	162	15.35	-72.60	3.52	15635.91	1276.95	4616.23	-37.14	106.48	-82.14 4
94	519	502	229	178	225	161	15.51	-72.56	3.58	15630.32	1292.50	4624.22	-50.28	101.80	-91.79 4
93	519	501	229	178	225	160	15.45	-72.56	3.59	15614.20	1291.07	4623.01	-64.47	99.96	-97.90 4
93	519	501	229	178	226	160	15.71	-72.55	3.65	15600.09	1309.92	4624.06	-75.54	98.81	-101.40 4
93	519	501	229	178	225	160	15.78	-72.65	3.70	15587.09	1321.22	4621.86	-105.07	77.52	-95.78 4
94	519	501	229	178	225	160	15.95	-72.75	3.75	15578.53	1333.76	4604.16	-141.11	58.05	-85.49 4
94	519	501	230	178	225	160	15.89	-72.85	3.73	15574.61	1329.28	4581.75	-180.46	49.10	-74.02 4
94	519	501	230	178	227	159	15.88	-72.89	3.72	15572.68	1324.21	4565.67	-195.88	59.59	-65.72 4
94	519	501	229	178	225	161	16.17	-72.88	3.78	15567.04	1340.40	4551.18	-205.14	64.26	-57.43 4
95	519	501	230	178	226	161	16.25	-72.87	3.84	15546.09	1356.18	4552.62	-229.88	43.20	-56.21 4
95	519	501	229	178	225	160	16.23	-72.99	3.90	15550.38	1371.97	4558.79	-282.49	4.74	-45.10 4
