102	345	313	148	101	220	168	0.62	-65.63	-1.01	14819.11	79.26	6798.15	-93.98	-365.08	-100.33 10
101	346	313	147	101	221	168	0.29	-65.62	-1.15	14816.76	42.89	6809.04	-69.33	-368.62	-104.07 10
102	345	313	148	101	219	169	0.52	-65.69	-1.11	14818.52	52.35	6801.19	-41.66	-367.09	-108.51 10
102	345	313	148	101	221	168	0.63	-65.75	-1.07	14820.79	63.93	6788.53	-58.43	-363.69	-104.34 10
101	346	314	148	101	221	168	0.40	-65.85	-1.13	14813.15	47.73	6775.91	-74.61	-358.95	-100.77 10
102	345	313	148	101	218	168	0.21	-65.97	-1.19	14817.29	32.95	6752.11	-73.18	-351.26	-102.98 10
102	345	313	147	100	221	169	0.14	-66.00	-1.22	14812.23	26.30	6736.50	-67.57	-333.49	-108.78 10
103	345	312	147	101	223	169	0.08	-65.99	-1.24	14807.22	20.79	6724.48	-73.39	-313.12	-112.49 10
102	345	313	147	102	221	168	0.14	-65.98	-1.20	14799.45	31.55	6711.06	-91.62	-292.86	-116.82 10
102	346	313	148	101	221	169	0.06	-66.00	-1.21	14789.88	29.57	6698.10	-101.59	-275.02	-119.23 10
102	345	313	148	101	221	168	0.05	-65.95	-1.21	14789.19	29.09	6695.00	-100.06	-251.47	-122.47 10
102	346	313	147	101	221	169	0.16	-65.89	-1.22	14780.93	26.24	6699.65	-84.96	-230.49	-121.94 10
102	345	313	148	100	221	169	0.26	-65.82	-1.15	14775.28	42.12	6706.86	-93.41	-210.42	-116.90 10
103	346	313	148	101	220	168	0.13	-65.78	-1.20	14767.32	30.62	6710.52	-88.79	-203.65	-114.05 10
102	346	313	148	102	220	169	0.30	-65.74	-1.15	14764.75	42.49	6707.39	-83.15	-191.37	-109.30 10
103	345	313	148	102	221	169	0.35	-65.75	-1.13	14758.91	48.36	6708.03	-97.19	-191.60	-105.58 10
102	345	313	148	101	221	168	0.35	-65.75	-1.12	14762.97	52.94	6706.82	-100.73	-181.42	-97.41 10
102	346	313	148	100	221	169	0.40	-65.72	-1.12	14762.02	51.90	6715.48	-77.90	-175.35	-92.44 10
102	345	313	148	101	220	168	0.66	-65.75	-1.03	14769.12	74.30	6714.11	-73.15	-171.58	-84.06 10
102	345	313	148	100	221	168	0.56	-65.83	-1.03	14776.66	73.79	6703.00	-86.69	-170.10	-68.81 10
102	345	313	147	101	221	168	0.38	-65.84	-1.09	14781.63	58.50	6699.25	-77.96	-167.10	-57.02 10
103	346	314	147	101	222	168	0.30	-65.85	-1.13	14784.55	47.37	6695.69	-61.71	-157.79	-50.37 10
102	346	313	148	101	220	168	0.33	-65.92	-1.13	14789.72	49.00	6685.90	-51.33	-155.60	-50.35 10
102	346	314	148	101	221	168	0.34	-66.00	-1.12	14796.83	50.95	6679.41	-52.51	-157.52	-51.33 10
102	346	312	148	100	220	169	0.44	-66.02	-1.08	14798.99	61.21	6671.04	-60.23	-149.50	-47.32 10
102	345	313	148	102	221	169	0.47	-66.01	-1.10	14800.44	56.95	6668.69	-49.07	-144.07	-43.95 10
102	346	313	148	101	222	168	0.76	-66.02	-1.01	14800.02	79.10	6660.25	-40.42	-132.97	-35.45 10
102	346	313	147	101	221	169	0.74	-66.01	-1.02	14796.42	76.94	6654.44	-35.95	-122.97	-17.13 10
102	345	313	148	102	221	169	0.74	-66.05	-1.02	14788.40	75.70	6635.72	-28.20	-113.82	-1.82 10
103	346	313	148	101	220	168	0.73	-66.08	-1.01	14792.38	78.71	6622.13	-25.14	-100.73	15.82 10
102	346	313	148	101	222	169	0.57	-66.05	-1.04	14788.36	71.78	6612.02	-33.88	-78.79	36.08 10
102	345	313	148	102	222	169	0.28	-65.98	-1.15	14783.94	44.39	6606.22	-27.74	-60.95	54.67 10
102	346	314	148	101	221	168	0.29	-65.95	-1.16	14789.34	41.97	6603.71	-17.50	-42.01	65.34 10
102	346	313	148	101	221	168	0.31	-65.93	-1.17	14798.47	38.27	6601.73	-15.13	-28.76	74.27 10
103	346	313	148	102	221	169	0.35	-65.92	-1.16	14805.55	41.36	6602.24	-15.17	-20.27	81.61 10
102	346	313	148	101	221	168	0.26	-65.92	-1.22	14819.67	24.49	6603.93	11.59	-11.70	87.63 10
103	345	313	148	101	220	168	0.27	-65.81	-1.27	14822.09	13.26	6619.33	39.61	3.38	92.30 10
102	345	313	148	101	221	169	-0.00	-65.75	-1.34	14823.59	-6.80	6642.16	42.53	0.71	92.58 10
102	345	313	148	101	222	169	-0.29	-65.67	-1.47	14823.81	-38.86	6668.66	62.05	-10.87	81.20 10
102	345	314	149	101	221	169	-0.15	-65.67	-1.44	14824.82	-32.32	6685.42	72.80	-32.98	61.19 10
102	346	314	148	101	221	169	-0.06	-65.80	-1.40	14834.98	-20.90	6687.35	47.81	-64.98	46.03 10
102	346	314	148	100	221	168	-0.03	-65.97	-1.38	14851.63	-18.66	6673.58	50.47	-85.58	37.93 10
102	346	314	148	101	221	169	0.25	-66.04	-1.32	14854.65	-1.32	6660.70	77.30	-87.15	34.83 10
103	346	314	148	101	222	168	0.54	-66.03	-1.24	14852.31	18.14	6660.87	96.98	-86.60	36.04 10
102	346	314	148	101	222	168	0.64	-66.07	-1.22	14845.70	24.04	6654.23	107.18	-93.92	35.49 10
102	346	314	148	101	220	168	0.70	-66.19	-1.20	14841.61	29.03	6640.12	103.72	-103.42	41.32 10
103	346	313	148	100	222	168	0.60	-66.33	-1.22	14840.93	25.58	6614.31	89.19	-111.35	47.40 10
103	345	313	149	101	221	168	0.49	-66.47	-1.24	14843.08	19.10	6579.99	84.28	-105.23	50.48 10
102	346	314	149	101	221	169	0.41	-66.51	-1.27	14849.53	11.75	6567.19	90.41	-99.17	48.71 10
102	346	314	149	101	222	168	0.37	-66.54	-1.30	14856.05	4.56	6559.23	108.39	-95.31	48.92 10
103	346	314	148	101	222	168	0.39	-66.55	-1.29	14857.65	5.93	6558.67	124.82	-92.80	47.03 10
102	345	313	149	102	222	169	0.40	-66.53	-1.28	14858.17	10.44	6561.54	120.23	-93.81	52.12 10
103	346	313	148	101	222	169	0.19	-66.63	-1.33	14864.66	-3.89	6553.46	114.62	-106.57	52.72 10
103	345	314	148	101	222	169	0.08	-66.76	-1.34	14875.83	-8.49	6530.79	114.49	-109.69	47.33 10
102	346	313	149	102	221	168	0.14	-66.92	-1.33	14881.84	-4.47	6495.25	113.41	-107.80	36.87 10
102	346	314	148	101	221	168	0.31	-67.00	-1.28	14889.14	8.96	6474.89	104.64	-97.21	26.72 10
102	346	315	149	102	222	169	0.34	-67.07	-1.27	14891.09	11.11	6444.94	103.31	-80.80	21.54 10
102	346	313	148	101	222	168	0.51	-67.10	-1.21	14883.53	25.95	6426.29	101.05	-66.31	18.06 10
103	346	314	148	101	221	168	0.51	-67.13	-1.19	14885.76	30.06	6403.18	85.69	-49.95	29.26 10
102	346	314	148	101	220	169	0.20	-67.09	-1.29	14884.27	6.95	6392.02	85.31	-30.60	38.19 10
103	346	313	148	100	222	170	0.22	-67.07	-1.31	14888.05	1.41	6385.22	92.84	-14.42	40.78 10
103	346	313	148	101	221	168	0.15	-67.06	-1.30	14897.85	3.34	6385.56	67.50	-4.20	45.99 10
103	346	314	148	101	222	168	-0.17	-67.03	-1.36	14900.36	-14.03	6381.88	38.93	1.11	49.59 10
102	346	313	149	102	222	168	-0.26	-67.06	-1.39	14906.94	-20.93	6373.19	24.63	2.46	38.11 10
102	346	314	148	100	221	169	-0.30	-67.07	-1.36	14907.59	-12.08	6363.33	-6.65	6.08	29.31 10
103	345	314	148	101	221	168	-0.59	-67.05	-1.40	14918.41	-23.48	6361.36	-48.42	15.98	17.09 10
102	345	314	148	101	221	167	-0.84	-66.94	-1.47	14923.69	-42.91	6370.69	-67.35	32.93	-7.96 10
102	346	314	148	98	221	168	-0.79	-66.77	-1.46	14927.71	-39.56	6394.76	-71.68	50.78	-43.96 10
102	345	314	149	101	221	169	-0.60	-66.52	-1.41	14931.72	-25.58	6448.22	-76.25	57.24	-81.71 10
102	345	313	148	102	221	168	-0.15	-66.36	-1.24	14928.74	17.50	6487.01	-86.68	39.38	-110.08 10
102	346	314	148	101	221	168	-0.10	-66.32	-1.17	14927.90	35.02	6515.26	-119.65	15.96	-122.03 10
102	345	314	149	102	221	169	-0.17	-66.27	-1.21	14912.90	26.67	6526.70	-119.02	1.57	-131.42 10
102	345	315	148	101	222	170	0.28	-66.20	-1.12	14896.06	49.94	6535.96	-85.22	-3.06	-148.70 10
102	346	314	149	101	222	169	0.87	-66.22	-0.94	14872.06	95.84	6530.16	-60.01	-25.61	-147.07 10
103	346	314	149	102	222	169	1.00	-66.28	-0.89	14859.65	108.65	6522.45	-60.21	-43.18	-131.36 10
103	346	315	149	102	221	169	0.90	-66.42	-0.94	14847.27	96.42	6499.13	-29.65	-55.62	-115.65 10
103	346	314	149	101	221	168	0.98	-66.61	-0.94	14838.51	96.60	6467.97	-13.41	-67.54	-97.76 10
102	345	314	149	102	220	169	0.99	-66.87	-0.93	14828.18	97.57	6416.18	-26.79	-77.46	-79.38 10
102	346	314	148	99	222	169	1.00	-67.13	-0.92	14819.57	100.29	6357.77	-38.00	-81.24	-57.46 10
103	346	314	149	101	222	169	1.13	-67.24	-0.89	14815.39	108.07	6320.08	-37.85	-62.93	-24.63 10
102	346	315	149	102	222	169	0.96	-67.28	-0.93	14823.42	99.67	6305.47	-38.61	-41.88	17.65 10
102	346	314	148	101	222	169	0.51	-67.21	-1.05	14841.05	66.69	6302.40	-41.63	-19.24	55.97 10
102	345	314	149	101	222	169	0.21	-67.12	-1.14	14865.00	44.55	6323.68	-58.35	-9.78	72.97 10
103	345	314	148	101	221	168	-0.22	-67.11	-1.24	14886.55	19.52	6340.50	-90.38	-4.64	72.52 10
102	345	314	149	101	222	169	-0.40	-67.13	-1.27	14913.82	11.35	6347.07	-109.91	-0.25	57.39 10
103	345	314	149	102	221	169	-0.24	-67.15	-1.20	14937.53	28.98	6343.32	-127.27	4.66	40.37 10
102	345	314	149	102	221	168	-0.21	-67.22	-1.16	14962.85	38.73	6334.75	-161.00	7.83	28.40 10
102	345	314	148	101	221	168	-0.43	-67.29	-1.17	14981.71	33.79	6324.01	-184.55	10.18	15.58 10
103	345	314	149	100	218	168	-0.67	-67.29	-1.23	15001.83	17.10	6316.01	-197.47	25.02	-2.79 10
102	345	315	149	101	220	168	-0.82	-67.22	-1.29	15013.53	2.65	6321.01	-207.05	37.67	-26.16 10
103	345	314	148	101	221	168	-0.89	-67.19	-1.28	15009.06	4.92	6325.16	-226.20	33.04	-48.50 10
102	345	314	149	101	222	168	-0.99	-67.16	-1.30	15010.20	1.47	6334.10	-250.84	26.59	-62.47 10
103	345	314	149	101	221	169	-1.03	-67.16	-1.31	15000.09	-3.80	6339.20	-257.75	13.86	-76.05 10
103	345	314	149	101	220	168	-0.96	-67.16	-1.32	14985.09	-4.01	6342.84	-261.71	1.07	-82.35 10
103	345	314	148	101	222	168	-0.88	-67.22	-1.29	14973.23	3.99	6337.90	-277.47	-21.69	-94.58 10
103	345	313	148	101	221	168	-0.99	-67.27	-1.31	14964.57	-2.41	6318.60	-292.30	-34.65	-98.15 10
102	344	313	148	101	221	168	-1.17	-67.23	-1.36	14947.54	-15.89	6316.87	-289.39	-30.82	-102.84 10
102	345	314	148	102	221	168	-1.14	-67.23	-1.35	14933.37	-12.70	6315.03	-296.52	-36.98	-104.55 10
103	345	314	148	101	222	169	-1.28	-67.21	-1.39	14927.70	-21.26	6317.88	-304.69	-38.88	-95.02 10
102	345	314	149	101	220	168	-1.32	-67.22	-1.41	14929.11	-26.60	6316.78	-314.01	-34.89	-84.92 10
103	345	314	149	101	222	167	-1.39	-67.28	-1.42	14938.46	-29.67	6302.14	-337.21	-23.69	-68.73 10
103	345	314	148	101	222	168	-1.42	-67.32	-1.45	14956.53	-37.78	6287.84	-339.30	-7.36	-60.79 10
102	345	314	148	101	221	168	-1.33	-67.31	-1.43	14984.91	-32.50	6279.44	-330.23	16.46	-52.80 10
102	345	314	149	102	221	168	-1.51	-67.26	-1.47	15011.86	-44.87	6282.47	-328.87	40.14	-54.26 10
102	345	315	148	102	221	169	-1.69	-67.14	-1.56	15045.47	-68.03	6297.55	-311.53	55.63	-65.25 10
103	345	314	148	102	223	169	-1.87	-67.02	-1.64	15061.40	-89.43	6329.47	-299.25	58.30	-84.03 10
103	345	314	148	102	221	169	-1.93	-67.00	-1.67	15067.92	-97.95	6350.20	-295.39	40.48	-113.58 10
102	345	315	149	101	219	168	-1.56	-67.10	-1.59	15063.73	-76.46	6359.09	-296.92	10.36	-144.70 10
102	345	314	149	102	221	168	-1.26	-67.20	-1.50	15049.34	-51.03	6354.73	-306.87	-22.06	-165.77 10
102	345	314	148	101	221	168	-0.78	-67.38	-1.39	15035.47	-24.08	6337.60	-265.43	-49.41	-178.58 10
103	345	314	148	101	221	168	-0.32	-67.38	-1.25	15013.50	12.72	6330.32	-244.81	-69.64	-180.35 10
102	346	315	149	102	220	168	-0.24	-67.53	-1.23	15001.43	18.69	6314.40	-241.27	-100.05	-172.68 10
103	345	315	149	101	220	168	-0.12	-67.66	-1.23	14993.35	17.55	6300.88	-220.70	-120.85	-168.60 10
102	345	314	149	101	222	169	0.01	-67.79	-1.21	14986.89	23.87	6271.04	-208.52	-131.81	-159.27 10
103	345	314	149	99	223	169	0.09	-67.86	-1.22	14980.14	21.08	6252.49	-180.94	-132.12	-149.16 10
103	345	314	148	102	222	169	0.25	-67.90	-1.20	14984.54	26.03	6233.26	-146.29	-119.86	-136.15 10
103	345	315	149	101	221	169	0.25	-67.87	-1.22	14988.71	20.72	6227.00	-120.48	-110.97	-122.94 10
103	345	314	148	102	221	168	0.28	-67.89	-1.25	14998.07	13.09	6222.85	-74.61	-109.77	-119.49 10
103	345	315	149	101	222	169	0.54	-67.95	-1.19	15004.37	29.23	6214.70	-53.78	-116.93	-114.82 10
102	346	314	149	101	221	169	0.60	-68.11	-1.19	15024.35	29.77	6190.97	-39.14	-118.34	-106.23 10
102	345	315	149	101	221	169	0.81	-68.23	-1.14	15032.93	41.68	6166.62	-26.58	-111.22	-101.52 10
103	345	315	149	102	221	169	0.72	-68.30	-1.17	15044.09	33.00	6146.89	-10.30	-103.36	-99.99 10
103	346	315	149	102	222	169	0.77	-68.30	-1.16	15055.88	35.15	6138.75	22.76	-97.04	-106.94 10
103	345	315	149	102	222	168	1.14	-68.35	-1.04	15063.49	67.59	6124.81	30.38	-92.74	-107.59 10
102	346	315	149	101	221	168	0.97	-68.39	-1.07	15071.51	59.41	6110.77	20.21	-85.05	-102.71 10
103	346	315	150	102	221	168	1.11	-68.41	-1.04	15089.74	66.04	6099.43	42.85	-71.20	-107.73 10
102	345	315	149	101	221	169	1.35	-68.31	-1.01	15081.85	74.94	6095.06	60.90	-49.74	-106.59 10
103	345	314	149	101	221	168	1.35	-68.22	-1.00	15076.96	76.19	6105.31	67.21	-44.70	-105.91 10
103	346	315	148	101	222	168	1.51	-68.21	-0.96	15075.51	85.78	6097.84	83.30	-44.17	-111.82 10
103	346	315	149	101	222	169	1.93	-68.22	-0.82	15068.93	122.29	6081.15	90.23	-40.16	-110.73 10
103	345	315	148	101	221	169	1.99	-68.29	-0.78	15072.09	133.78	6056.29	84.22	-34.80	-99.09 10
102	346	315	149	102	221	169	2.00	-68.33	-0.78	15073.88	132.49	6033.28	115.81	-8.66	-93.29 10
103	346	315	148	101	221	170	2.25	-68.26	-0.72	15075.19	149.87	6032.41	131.57	20.17	-85.17 10
103	345	315	149	101	222	169	2.22	-68.11	-0.71	15075.83	151.77	6042.99	133.74	43.11	-76.96 10
102	346	315	148	101	222	169	2.13	-68.10	-0.73	15082.04	144.98	6043.04	131.80	53.91	-72.86 10
103	346	316	149	102	222	168	2.13	-68.10	-0.74	15089.74	143.73	6032.09	137.66	70.46	-72.67 10
103	346	315	149	102	222	169	2.40	-68.19	-0.67	15090.65	160.75	6004.09	140.78	86.69	-73.79 10
103	346	316	149	101	222	169	2.60	-68.19	-0.60	15097.12	178.51	5985.68	134.09	111.91	-70.70 10
103	346	315	150	102	221	169	2.38	-68.03	-0.64	15088.26	168.79	5992.00	136.49	137.56	-65.26 10
102	345	315	149	101	222	169	2.32	-67.99	-0.64	15083.25	168.15	5999.60	137.06	146.13	-67.50 10
103	346	315	149	101	222	169	2.14	-67.96	-0.67	15078.08	161.74	6006.02	118.91	152.58	-65.98 10
103	346	315	149	102	222	169	2.09	-67.90	-0.66	15070.18	164.45	6013.72	100.11	147.80	-72.83 10
103	346	315	149	101	222	169	2.14	-67.93	-0.62	15063.07	173.23	6017.03	75.81	139.91	-72.39 10
103	346	315	149	102	221	168	2.10	-67.91	-0.60	15065.92	178.77	6014.78	63.92	137.01	-67.37 10
103	346	315	149	102	223	169	2.25	-67.82	-0.55	15058.62	191.23	6028.24	67.87	142.51	-63.45 10
102	346	315	150	101	222	169	2.29	-67.73	-0.50	15054.29	204.07	6052.83	54.03	135.89	-54.88 10
103	345	315	149	102	222	169	2.19	-67.72	-0.52	15047.18	201.66	6062.59	22.08	118.79	-44.33 10
103	346	316	149	101	221	168	1.89	-67.75	-0.58	15048.82	185.38	6066.66	-0.38	105.55	-37.76 10
103	346	315	149	102	221	168	1.81	-67.73	-0.61	15047.58	176.31	6068.52	0.59	109.87	-36.78 10
102	346	316	149	102	221	169	1.94	-67.63	-0.56	15034.00	190.10	6080.70	-9.89	116.13	-34.19 10
103	346	315	149	102	223	168	1.85	-67.62	-0.56	15027.70	189.39	6081.06	-42.09	119.17	-26.93 10
103	346	315	149	102	223	169	1.77	-67.64	-0.57	15024.71	187.72	6072.01	-56.29	126.92	-20.78 10
103	345	315	149	101	221	169	1.81	-67.55	-0.55	15011.88	193.54	6070.01	-62.52	152.12	-9.79 10
103	346	315	149	102	221	169	1.49	-67.40	-0.61	15006.08	176.26	6083.31	-81.80	179.11	6.05 10
103	346	316	149	102	220	169	1.09	-67.21	-0.76	15013.38	139.05	6102.14	-74.71	205.31	7.04 10
103	345	315	149	102	221	169	1.02	-66.98	-0.79	15011.11	131.89	6138.24	-68.12	228.84	2.09 10
103	346	316	149	102	222	169	1.02	-66.87	-0.77	15008.95	137.70	6172.12	-90.17	221.45	-2.96 10
103	346	316	150	101	223	170	1.02	-66.89	-0.75	15018.71	140.21	6185.92	-98.86	208.43	-6.06 10
103	346	316	150	101	221	169	1.25	-66.91	-0.67	15026.97	162.20	6191.02	-86.77	200.66	-11.31 10
103	346	316	149	102	222	169	1.57	-66.96	-0.60	15036.22	180.29	6196.27	-69.88	188.77	-11.45 10
103	346	316	149	102	221	169	1.58	-66.98	-0.60	15039.41	180.08	6203.86	-56.58	179.53	-10.52 10
103	345	316	149	102	223	169	1.52	-67.05	-0.62	15051.64	174.67	6212.66	-50.25	160.61	-18.60 10
103	346	316	150	102	222	169	1.40	-67.13	-0.65	15051.66	165.54	6213.23	-45.59	141.53	-35.52 10
103	346	316	149	102	222	169	1.61	-67.23	-0.62	15051.07	174.26	6198.77	-42.76	122.75	-55.39 10
103	346	315	150	102	221	170	1.89	-67.29	-0.52	15047.92	199.55	6182.83	-41.47	114.21	-65.92 10
104	346	316	149	102	222	169	2.21	-67.35	-0.42	15040.72	226.37	6172.49	-43.70	108.65	-68.18 10
103	345	315	149	101	221	169	2.44	-67.38	-0.35	15049.29	244.25	6168.26	-31.76	105.92	-65.82 10
103	346	316	149	102	223	169	2.42	-67.35	-0.36	15043.82	240.44	6172.65	-16.68	106.02	-59.53 10
103	346	315	149	103	222	169	2.49	-67.32	-0.36	15042.83	240.42	6182.82	10.46	103.72	-55.65 10
103	346	316	149	102	221	169	2.63	-67.32	-0.34	15040.29	247.80	6185.48	18.38	93.64	-48.22 10
103	346	316	150	102	221	169	2.56	-67.40	-0.34	15041.08	245.21	6181.40	11.67	77.41	-38.56 10
104	346	315	149	102	220	167	2.47	-67.49	-0.37	15039.62	238.55	6176.93	25.33	64.98	-34.28 10
103	346	315	149	101	222	169	2.51	-67.61	-0.35	15037.04	244.42	6159.09	14.62	51.14	-23.91 10
103	346	316	149	102	220	169	2.28	-67.77	-0.40	15032.59	230.40	6133.53	3.18	40.58	-19.72 10
103	346	316	149	101	223	170	2.29	-67.82	-0.41	15030.96	227.48	6102.85	3.13	48.55	-18.13 10
104	346	316	149	101	222	170	2.27	-67.82	-0.39	15032.41	232.71	6086.71	-3.83	60.72	-17.73 10
104	346	316	149	102	222	169	2.41	-67.78	-0.35	15029.39	244.87	6082.98	-7.44	75.09	-15.04 10
103	346	316	149	100	223	170	2.67	-67.77	-0.26	15027.92	268.63	6079.03	-16.87	83.98	-5.69 10
103	346	316	148	102	222	170	2.71	-67.70	-0.23	15026.72	275.40	6088.88	-26.87	88.23	7.80 10
103	346	316	149	101	222	169	2.60	-67.67	-0.26	15028.99	266.83	6100.43	-18.83	85.87	20.06 10
103	346	316	149	101	222	170	2.71	-67.66	-0.22	15032.94	278.08	6107.01	-13.49	82.23	34.00 10
103	346	315	149	102	221	169	2.56	-67.70	-0.25	15044.69	269.18	6112.66	-19.81	72.07	47.05 10
103	346	316	149	102	222	169	2.35	-67.75	-0.29	15053.26	259.72	6114.83	-24.42	62.26	55.00 10
103	346	316	149	102	222	169	2.24	-67.83	-0.31	15054.59	255.74	6105.09	-29.60	50.15	56.05 10
103	346	316	150	102	222	169	2.12	-67.89	-0.35	15059.46	244.95	6098.43	-24.92	45.34	56.45 10
103	346	316	150	102	222	169	2.21	-67.87	-0.37	15062.29	239.90	6092.11	-13.73	53.78	59.28 10
103	346	316	149	102	223	169	2.19	-67.84	-0.37	15056.58	238.31	6098.70	-11.89	51.19	58.71 10
104	346	316	150	102	222	170	2.12	-67.79	-0.39	15054.95	232.19	6107.97	-13.25	43.33	58.28 10
103	346	317	149	102	222	169	2.12	-67.82	-0.41	15057.60	228.18	6114.77	-10.63	35.71	55.26 10
103	346	317	150	101	222	170	2.04	-67.83	-0.42	15067.92	224.77	6113.23	-14.55	30.03	52.60 10
104	346	316	150	102	222	169	2.15	-67.83	-0.42	15071.12	225.53	6115.37	1.08	28.02	44.92 10
103	346	316	150	102	222	169	2.31	-67.85	-0.37	15071.17	238.66	6114.20	-5.78	19.72	41.62 10
103	346	316	150	102	222	169	2.05	-67.90	-0.40	15071.41	231.72	6110.09	-17.14	8.29	41.79 10
103	346	317	150	103	221	169	1.98	-67.97	-0.45	15081.24	217.14	6098.39	6.82	6.62	40.15 10
104	346	316	149	102	221	170	2.08	-67.98	-0.43	15081.58	222.48	6091.67	14.98	5.19	39.75 10
104	346	317	150	102	221	169	1.96	-68.07	-0.44	15085.30	220.76	6088.88	-13.27	-7.07	40.51 10
104	347	316	149	102	223	170	1.46	-68.24	-0.57	15096.83	186.72	6066.84	-27.26	-16.36	35.58 10
103	346	316	149	102	222	169	1.56	-68.27	-0.57	15102.59	187.38	6045.30	2.00	-4.85	23.60 10
103	346	317	149	102	223	169	1.88	-68.27	-0.48	15093.86	208.21	6037.23	-0.30	-0.00	17.72 10
103	346	316	149	102	223	169	1.80	-68.29	-0.48	15095.37	208.80	6029.37	-24.78	-0.60	16.84 10
103	346	316	149	103	222	169	1.73	-68.31	-0.52	15102.40	199.76	6021.50	-8.69	6.38	11.80 10
103	346	316	149	102	221	169	2.10	-68.32	-0.44	15096.88	220.17	6003.83	-0.91	15.46	12.41 10
103	346	317	150	102	222	170	1.97	-68.37	-0.46	15097.43	215.17	5988.44	-25.31	19.83	17.89 10
104	346	316	149	103	222	169	1.96	-68.32	-0.50	15107.16	203.61	5992.41	-2.40	39.99	20.59 10
103	346	316	150	102	223	169	2.18	-68.22	-0.43	15105.00	223.23	6000.19	-4.98	48.34	20.81 10
104	347	316	150	103	223	169	1.94	-68.20	-0.48	15110.15	210.47	6009.78	-31.08	42.08	22.27 10
103	346	316	150	102	223	169	2.00	-68.21	-0.48	15115.85	209.74	6013.89	-9.12	35.32	17.91 10
103	346	316	149	102	221	169	2.36	-68.24	-0.38	15113.45	235.46	6005.80	-8.97	32.41	24.16 10
104	346	317	149	102	222	169	2.23	-68.24	-0.39	15110.18	233.68	6008.11	-12.37	33.34	32.45 10
104	346	316	149	102	222	169	2.26	-68.26	-0.38	15101.47	235.60	6002.50	-9.10	33.92	39.33 10
103	346	316	150	103	222	169	2.26	-68.33	-0.40	15100.60	230.62	5992.78	-6.05	26.97	47.81 10
103	347	317	150	104	223	170	2.04	-68.30	-0.46	15101.17	215.49	5994.34	-10.29	33.27	53.22 10
103	346	317	150	102	221	169	1.82	-68.28	-0.53	15094.91	195.91	5995.02	-9.08	31.36	53.11 10
103	346	316	150	102	222	170	1.94	-68.30	-0.52	15094.16	199.52	5994.07	-10.47	26.04	49.26 10
103	346	317	149	102	222	169	1.92	-68.35	-0.50	15100.05	203.14	5983.77	-33.10	27.34	52.94 10
103	346	316	149	103	222	169	1.96	-68.39	-0.50	15104.25	205.78	5971.58	-38.70	33.52	55.75 10
103	346	316	150	102	222	169	2.05	-68.36	-0.50	15108.24	205.90	5964.20	-29.76	46.90	57.46 10
103	347	317	149	102	222	169	2.16	-68.28	-0.46	15113.23	215.80	5968.59	-14.07	63.75	64.04 10
104	346	316	149	102	222	170	2.11	-68.22	-0.46	15121.97	214.81	5980.16	-11.12	69.56	72.48 10
103	346	317	150	103	222	169	1.88	-68.19	-0.54	15131.47	194.87	5993.55	2.14	64.84	76.16 10
103	346	317	150	102	222	169	1.65	-68.13	-0.62	15136.49	173.53	6012.67	16.23	62.14	75.10 10
103	346	317	150	102	222	169	1.48	-68.15	-0.67	15134.27	160.65	6021.04	15.82	44.59	67.65 10
103	346	317	150	103	223	169	1.32	-68.24	-0.71	15132.55	150.02	6023.19	-4.02	24.01	58.62 10
103	346	316	150	102	222	169	1.21	-68.38	-0.73	15132.13	145.32	6006.83	-21.22	4.11	45.23 10
103	346	316	150	102	222	169	1.24	-68.48	-0.71	15134.32	150.45	5989.49	-14.41	0.95	32.02 10
103	346	317	150	102	223	170	1.58	-68.52	-0.62	15130.40	172.53	5978.61	-8.14	2.95	21.97 10
103	346	317	150	102	221	169	1.68	-68.49	-0.59	15132.68	180.50	5981.48	-15.33	2.51	18.62 10
103	346	316	150	102	222	169	1.62	-68.42	-0.62	15133.45	173.48	5996.41	-14.82	-0.32	14.69 10
104	346	316	150	103	222	169	1.45	-68.39	-0.67	15132.58	161.00	6012.79	-18.38	-16.05	10.26 10
103	346	317	150	102	222	169	1.29	-68.47	-0.72	15129.35	147.55	6015.95	-25.21	-42.35	2.39 10
103	346	317	150	102	222	170	1.27	-68.62	-0.71	15130.88	149.98	6000.95	-46.15	-63.68	-7.73 10
103	346	317	149	103	222	169	1.37	-68.88	-0.70	15122.94	153.08	5962.70	-55.54	-85.40	-21.14 10
104	346	317	150	103	223	169	1.49	-69.06	-0.64	15122.99	167.82	5919.37	-84.06	-84.23	-29.48 10
103	346	317	149	102	222	169	1.48	-69.09	-0.63	15124.64	170.83	5887.60	-106.51	-64.27	-32.71 10
103	346	317	149	103	222	169	1.42	-68.99	-0.64	15123.01	167.09	5889.02	-107.48	-42.35	-38.72 10
103	346	317	149	103	221	169	1.67	-68.91	-0.58	15132.26	184.94	5896.97	-101.46	-29.89	-47.34 10
103	346	317	150	103	222	169	1.70	-68.78	-0.53	15134.84	195.29	5926.32	-115.94	-38.14	-50.27 10
103	346	317	150	102	222	169	1.66	-68.85	-0.53	15135.30	196.52	5935.40	-132.14	-66.03	-47.66 10
103	346	317	150	103	221	169	1.79	-69.01	-0.53	15149.94	197.90	5918.43	-117.68	-87.88	-44.42 10
103	346	317	150	102	223	169	2.13	-69.17	-0.44	15156.44	220.80	5899.51	-107.65	-106.49	-40.00 10
103	346	317	150	103	223	169	2.04	-69.31	-0.43	15164.42	223.16	5887.34	-117.97	-126.71	-31.75 10
103	347	317	150	103	222	169	1.81	-69.42	-0.50	15177.00	204.80	5861.77	-102.52	-131.48	-31.86 10
103	346	317	149	102	222	169	1.89	-69.53	-0.48	15181.55	210.76	5838.48	-102.94	-132.65	-36.57 10
103	346	317	150	103	223	169	1.63	-69.66	-0.56	15190.67	188.83	5811.36	-101.14	-132.97	-42.04 10
103	346	317	149	103	222	169	1.83	-69.74	-0.53	15186.14	197.79	5776.99	-86.89	-117.02	-51.99 10
103	347	317	150	103	222	169	1.88	-69.75	-0.51	15181.83	200.70	5759.54	-91.49	-96.82	-53.44 10
102	346	317	150	102	221	168	1.84	-69.68	-0.52	15174.34	198.26	5751.36	-97.07	-65.88	-52.37 10
103	346	317	150	100	222	169	1.83	-69.58	-0.51	15170.42	200.35	5750.79	-99.62	-40.69	-48.80 10
103	346	317	150	103	222	169	1.69	-69.49	-0.55	15163.10	191.53	5756.85	-104.38	-30.45	-46.66 10
102	346	317	150	102	222	169	1.66	-69.42	-0.55	15164.74	190.35	5759.41	-102.02	-22.13	-42.68 10
103	346	317	149	103	222	169	1.79	-69.35	-0.53	15164.51	197.04	5767.84	-105.26	-18.62	-36.74 10
102	346	317	150	102	222	169	1.85	-69.39	-0.50	15173.68	204.98	5765.05	-109.90	-18.89	-27.66 10
102	346	317	150	103	222	169	1.97	-69.37	-0.47	15176.00	212.54	5760.00	-103.51	-8.95	-18.37 10
101	347	317	150	103	222	169	2.10	-69.32	-0.42	15183.20	224.31	5763.00	-107.98	-4.10	-7.50 10
102	346	317	150	102	222	169	1.97	-69.28	-0.44	15186.64	219.49	5764.25	-114.43	-3.90	0.42 10
102	346	318	150	102	222	170	1.78	-69.26	-0.49	15191.30	207.52	5769.83	-118.56	-4.70	8.00 10
102	346	317	150	103	222	170	1.70	-69.31	-0.51	15199.94	200.74	5764.14	-125.03	-3.97	9.10 10
103	346	317	150	103	222	169	1.67	-69.31	-0.54	15210.54	192.71	5753.33	-119.03	3.83	9.79 10
102	346	317	150	102	222	169	1.70	-69.31	-0.54	15216.21	192.27	5753.67	-112.73	12.89	8.60 10
102	347	317	149	102	223	169	1.54	-69.25	-0.59	15216.00	181.86	5757.58	-114.39	28.60	7.57 10
101	346	318	150	103	222	169	1.50	-69.16	-0.59	15220.60	181.76	5765.70	-110.27	35.17	2.00 10
101	346	318	150	102	222	169	1.47	-69.05	-0.60	15216.77	178.68	5787.22	-106.71	37.41	-2.00 10
101	347	317	149	103	222	169	1.54	-69.03	-0.60	15215.73	176.14	5798.46	-100.87	32.49	-3.15 10
102	346	317	149	100	223	169	1.63	-69.01	-0.59	15214.95	181.13	5808.33	-96.63	26.61	-5.15 10
101	346	317	150	103	222	169	1.71	-69.06	-0.57	15223.40	184.88	5803.72	-99.35	19.18	-1.44 10
101	346	317	149	102	223	169	1.71	-69.13	-0.55	15230.43	189.03	5790.73	-91.13	9.72	4.08 10
101	346	317	149	103	222	169	1.69	-69.19	-0.56	15233.11	186.38	5779.20	-86.52	10.24	6.33 10
101	347	317	149	103	223	169	1.49	-69.19	-0.63	15234.25	169.06	5774.24	-83.10	13.53	3.86 10
101	347	317	150	102	222	169	1.45	-69.18	-0.65	15235.94	164.61	5769.52	-72.54	18.75	2.72 10
101	346	317	149	103	221	168	1.43	-69.18	-0.66	15232.34	163.18	5771.05	-70.07	23.26	-0.07 10
101	347	318	150	103	222	168	1.43	-69.21	-0.66	15235.33	162.62	5763.10	-69.81	25.60	-2.86 10
101	347	317	150	102	222	169	1.41	-69.18	-0.68	15231.56	156.09	5760.94	-59.82	39.02	-5.97 10
101	347	318	148	103	222	170	1.57	-69.15	-0.63	15230.98	170.49	5759.89	-53.78	45.42	-9.42 10
101	347	317	150	102	222	169	1.55	-69.14	-0.62	15229.63	171.96	5763.50	-57.09	52.30	-6.35 10
101	347	318	150	102	222	169	1.53	-69.10	-0.65	15227.55	165.16	5763.52	-53.64	60.68	-9.53 10
101	347	318	150	103	222	168	1.56	-69.09	-0.64	15230.37	167.10	5760.15	-51.56	69.95	-8.46 10
100	347	318	150	102	222	169	1.59	-69.08	-0.65	15238.46	165.15	5759.34	-41.88	80.95	-9.53 10
100	347	318	150	102	222	169	1.62	-69.02	-0.65	15240.33	165.29	5756.97	-34.98	101.85	-9.76 10
100	347	318	150	103	223	169	1.58	-68.96	-0.66	15239.92	161.83	5770.72	-35.58	111.76	-10.87 10
100	347	318	149	102	222	169	1.50	-68.94	-0.69	15245.72	154.74	5778.39	-28.21	111.37	-13.63 10
100	347	318	150	103	222	169	1.64	-68.95	-0.66	15243.83	163.40	5781.67	-25.05	108.95	-17.19 10
100	347	318	150	102	223	169	1.79	-69.03	-0.61	15242.04	175.23	5771.59	-30.69	100.61	-16.88 10
101	347	318	150	103	222	168	1.86	-69.08	-0.60	15238.34	178.47	5756.21	-30.26	98.63	-15.54 10
100	347	318	150	103	223	169	1.98	-69.10	-0.56	15232.42	187.94	5741.80	-35.90	108.04	-11.81 10
100	347	317	150	103	222	169	2.04	-69.08	-0.55	15236.40	190.75	5733.51	-27.45	127.44	-4.57 10
101	347	318	150	103	222	169	2.02	-69.02	-0.58	15234.58	183.21	5725.83	-15.83	143.02	-3.89 10
101	347	318	150	103	221	169	2.06	-68.93	-0.57	15240.05	184.65	5738.14	-10.49	156.07	-3.60 10
101	347	317	150	103	223	169	2.02	-68.84	-0.58	15239.25	183.02	5748.23	-9.96	169.17	-0.62 10
101	347	318	150	103	222	169	2.06	-68.78	-0.58	15239.69	182.67	5759.22	-5.26	168.71	-0.44 10
100	346	318	150	103	222	169	2.08	-68.73	-0.56	15242.70	188.33	5775.06	-6.00	170.62	2.03 10
100	347	318	149	103	222	169	2.23	-68.73	-0.51	15239.57	200.52	5783.71	-9.10	162.79	3.53 10
101	347	318	150	103	222	169	2.24	-68.74	-0.50	15236.79	202.49	5792.92	-6.45	148.85	7.36 10
101	347	318	150	103	221	169	2.34	-68.78	-0.48	15237.95	208.57	5785.87	3.18	141.11	10.64 10
101	347	318	149	103	223	169	2.30	-68.82	-0.50	15232.65	203.94	5774.58	12.32	149.10	15.41 10
101	347	318	150	102	222	169	2.14	-68.78	-0.54	15228.22	192.74	5773.45	23.60	156.05	20.39 10
101	346	318	150	103	223	168	2.02	-68.76	-0.57	15229.41	184.10	5781.38	28.37	156.35	14.67 10
101	346	318	150	102	222	170	1.82	-68.74	-0.62	15233.34	171.30	5786.91	20.20	150.83	5.18 10
101	346	318	149	103	223	169	1.75	-68.77	-0.64	15232.27	166.53	5784.77	16.94	145.44	-2.98 10
101	347	318	150	103	221	169	1.97	-68.81	-0.57	15225.66	184.61	5781.33	6.40	133.67	-3.18 10
102	347	317	150	102	222	169	2.04	-68.89	-0.54	15222.77	193.98	5778.26	-0.52	122.43	-3.22 10
102	346	318	150	103	222	170	2.22	-68.90	-0.49	15229.04	205.08	5772.15	8.30	124.66	4.74 10
102	346	318	150	103	223	169	2.29	-68.88	-0.46	15228.18	213.82	5769.14	12.64	137.28	17.11 10
102	346	318	149	103	221	169	2.17	-68.84	-0.49	15227.37	206.73	5778.08	9.96	138.16	25.95 10
102	346	318	150	103	223	170	2.05	-68.79	-0.52	15229.20	198.80	5788.58	7.86	138.96	30.80 10
102	347	318	150	103	222	170	1.93	-68.80	-0.55	15233.74	190.66	5794.15	6.56	132.86	35.01 10
102	346	318	150	103	221	169	1.77	-68.79	-0.59	15236.86	181.52	5803.24	0.79	132.91	35.71 10
102	346	318	150	103	221	169	1.68	-68.77	-0.59	15232.01	180.25	5803.48	-2.95	134.97	32.28 10
102	347	318	149	103	223	169	1.84	-68.77	-0.54	15224.41	193.63	5805.10	-9.56	127.92	25.06 10
101	346	318	150	103	224	169	1.98	-68.84	-0.47	15223.99	211.15	5797.45	-27.18	118.37	21.86 10
102	347	318	150	102	221	169	1.97	-68.90	-0.47	15224.59	210.40	5784.98	-28.47	117.76	22.32 10
102	347	318	150	103	222	170	2.08	-68.96	-0.45	15230.16	215.28	5767.53	-16.05	122.62	26.35 10
102	347	318	150	102	222	170	2.07	-68.91	-0.50	15235.65	204.91	5766.75	-8.29	138.89	28.23 10
102	346	318	150	103	223	170	2.06	-68.86	-0.51	15232.27	201.47	5767.01	-11.88	152.49	31.12 10
102	347	318	150	103	222	169	1.75	-68.84	-0.57	15230.26	184.19	5772.06	-32.38	150.22	23.37 10
103	347	318	150	102	222	168	1.62	-68.82	-0.60	15245.54	177.78	5776.26	-45.97	158.06	14.85 10
103	347	318	150	102	221	170	1.55	-68.74	-0.62	15232.07	171.49	5789.05	-46.92	161.45	2.10 10
103	347	318	150	103	222	169	1.79	-68.75	-0.57	15221.66	186.32	5793.39	-58.62	147.68	-11.85 10
103	346	318	150	103	221	170	2.04	-68.81	-0.49	15216.18	207.80	5786.52	-80.64	137.60	-15.41 10
102	347	318	150	103	222	169	2.01	-68.83	-0.48	15216.97	208.01	5776.40	-88.46	146.27	-10.04 10
103	347	319	150	103	222	169	2.04	-68.79	-0.48	15213.52	208.61	5776.58	-78.34	155.15	-7.39 10
103	347	318	150	103	223	170	1.87	-68.74	-0.51	15211.05	200.58	5786.55	-79.67	158.35	-8.22 10
103	347	318	150	103	222	169	1.66	-68.70	-0.56	15205.89	187.75	5791.82	-87.43	158.43	-13.31 10
104	346	318	150	101	222	170	1.56	-68.73	-0.59	15209.00	180.57	5793.23	-101.76	156.31	-20.89 10
104	347	319	150	103	222	169	1.71	-68.69	-0.56	15209.55	187.14	5791.57	-92.53	167.49	-28.95 10
103	347	318	150	104	222	170	2.00	-68.63	-0.49	15206.87	207.58	5798.19	-102.70	183.92	-32.65 10
104	347	318	150	103	223	171	1.96	-68.50	-0.50	15206.93	204.60	5808.48	-100.66	198.07	-32.72 10
103	347	318	150	103	222	170	2.04	-68.37	-0.49	15200.78	205.37	5825.06	-83.58	210.67	-31.98 10
104	347	317	150	104	222	169	2.10	-68.28	-0.48	15193.34	208.30	5840.00	-77.80	208.28	-24.58 10
104	347	318	151	104	222	170	1.97	-68.32	-0.50	15193.87	203.09	5842.80	-83.81	202.17	-12.45 10
104	347	319	151	104	223	169	1.78	-68.35	-0.56	15190.78	188.73	5847.66	-84.47	195.86	-9.68 10
104	347	318	151	103	223	169	1.82	-68.38	-0.54	15187.44	193.90	5846.48	-84.20	193.47	-9.70 10
104	347	318	150	103	222	170	1.95	-68.38	-0.49	15183.47	205.00	5845.16	-88.34	195.80	-11.41 10
104	347	319	150	104	221	169	2.10	-68.33	-0.49	15185.30	206.35	5846.10	-67.47	201.36	-8.39 10
104	347	318	150	103	223	170	2.25	-68.21	-0.45	15176.63	216.43	5857.59	-58.65	213.29	-5.27 10
104	347	319	150	103	222	169	2.22	-68.17	-0.44	15168.20	218.01	5869.11	-60.66	207.42	3.39 10
104	347	319	150	104	223	170	2.01	-68.13	-0.51	15166.39	202.11	5881.06	-41.93	204.10	11.32 10
103	347	318	151	103	223	170	2.06	-68.06	-0.49	15156.07	206.61	5897.00	-30.73	197.75	17.96 10
104	347	318	150	103	222	169	2.10	-68.05	-0.47	15146.27	211.08	5912.35	-30.95	179.06	24.81 10
104	347	318	150	104	222	169	2.09	-68.10	-0.49	15139.35	205.92	5911.74	-20.45	165.06	33.62 10
104	347	319	150	104	222	170	2.29	-68.12	-0.47	15135.18	213.03	5912.75	6.47	163.05	42.34 10
104	348	318	150	103	223	170	2.44	-68.15	-0.43	15124.62	223.57	5914.11	9.70	153.95	52.52 10
104	348	318	150	104	223	169	2.35	-68.13	-0.45	15122.79	218.60	5925.41	6.21	153.05	63.89 10
104	347	319	150	104	223	169	2.34	-68.06	-0.46	15119.45	214.27	5942.74	27.60	147.50	75.35 10
104	347	318	150	103	222	169	2.41	-68.05	-0.45	15114.28	218.75	5955.60	38.62	134.03	88.38 10
104	347	319	150	103	222	170	2.39	-68.08	-0.45	15115.97	216.22	5956.22	44.84	120.82	105.81 10
104	347	318	151	103	222	171	2.38	-68.14	-0.50	15110.17	204.60	5953.01	58.35	107.38	113.97 10
105	347	319	150	103	223	169	2.58	-68.22	-0.46	15107.46	214.57	5946.36	79.33	90.86	117.42 10
104	347	318	150	103	223	170	2.71	-68.33	-0.45	15109.89	218.85	5937.84	95.62	74.82	130.60 10
104	347	319	150	103	222	170	2.87	-68.44	-0.43	15111.79	222.70	5923.35	116.28	66.78	153.07 10
104	347	319	151	103	222	170	2.66	-68.48	-0.47	15109.40	211.57	5911.78	124.82	66.49	187.17 10
103	347	318	150	103	222	169	2.38	-68.49	-0.58	15117.33	184.99	5905.39	157.28	78.37	213.41 10
104	347	319	151	103	223	170	2.19	-68.47	-0.68	15112.07	158.94	5898.32	188.37	86.20	222.44 10
104	347	318	150	104	223	170	2.06	-68.53	-0.73	15121.86	144.59	5885.21	206.85	88.04	225.17 10
104	347	319	150	103	223	170	1.83	-68.55	-0.81	15134.57	124.96	5872.75	226.00	106.89	224.41 10
104	347	318	150	104	222	170	1.93	-68.44	-0.81	15136.24	123.12	5875.31	264.40	135.74	220.79 10
104	347	319	150	103	221	169	2.06	-68.35	-0.80	15136.63	126.96	5881.54	288.48	153.25	219.55 10
104	347	319	150	103	221	169	2.13	-68.28	-0.80	15142.20	126.41	5896.07	302.86	159.74	219.42 10
104	347	318	150	103	223	170	2.02	-68.30	-0.82	15162.29	121.49	5908.26	300.72	149.76	224.40 10
104	347	318	150	104	222	169	1.68	-68.35	-0.91	15176.37	98.62	5908.25	284.18	145.97	226.18 10
104	347	318	150	103	222	170	1.49	-68.39	-0.97	15184.55	82.29	5910.04	289.52	140.12	220.92 10
104	347	318	151	104	222	170	1.23	-68.45	-1.04	15198.93	63.17	5905.54	290.70	136.26	201.13 10
104	347	319	150	104	222	169	1.43	-68.46	-1.00	15200.78	73.21	5901.86	306.06	141.95	177.92 10
104	347	318	150	103	222	169	1.71	-68.44	-0.91	15198.34	98.95	5894.57	300.06	147.90	160.07 10
104	347	319	150	103	222	169	1.75	-68.37	-0.89	15191.42	102.40	5901.64	300.91	155.76	143.57 10
104	347	319	150	102	222	169	1.83	-68.30	-0.89	15190.65	102.28	5907.75	323.91	168.62	127.29 10
104	347	319	150	104	222	169	2.20	-68.26	-0.81	15192.52	124.77	5910.17	345.81	177.89	118.48 10
104	347	319	150	104	221	169	2.21	-68.15	-0.82	15182.09	121.53	5926.26	367.32	182.54	112.30 10
104	347	318	150	103	222	170	2.31	-68.07	-0.81	15173.79	124.45	5943.35	402.31	178.72	108.99 10
104	347	318	150	103	224	167	2.48	-68.05	-0.76	15169.90	135.23	5947.58	401.89	168.93	107.09 10
104	347	318	150	104	222	169	2.23	-68.10	-0.79	15160.60	130.47	5950.40	375.05	157.73	107.63 10
104	347	318	150	103	222	169	2.02	-68.14	-0.86	15163.97	109.75	5940.28	390.00	165.30	95.55 10
104	347	319	150	103	222	170	2.33	-68.05	-0.79	15153.17	128.66	5945.47	416.50	176.48	77.27 10
104	347	318	151	103	223	169	2.71	-68.00	-0.67	15152.12	160.23	5954.99	408.12	176.66	70.41 10
104	347	319	150	103	222	170	2.73	-67.98	-0.62	15149.91	173.02	5964.24	383.76	178.58	73.49 10
104	347	318	150	103	223	169	2.82	-68.00	-0.60	15144.61	178.56	5963.83	389.78	177.25	72.57 10
104	346	318	151	103	222	169	3.02	-67.96	-0.52	15137.38	200.04	5964.64	368.44	182.68	70.49 10
104	347	319	151	103	221	169	2.97	-67.96	-0.50	15131.91	205.83	5969.01	345.57	178.20	77.96 10
104	347	318	151	104	222	169	2.78	-67.93	-0.53	15135.92	197.74	5972.76	329.64	178.69	80.47 10
104	347	318	150	102	223	169	2.73	-67.89	-0.55	15135.32	192.06	5974.92	338.66	187.66	79.44 10
104	347	318	150	103	223	170	2.86	-67.80	-0.52	15125.56	198.45	5978.77	348.92	196.97	70.67 10
104	347	319	151	104	221	169	3.05	-67.74	-0.43	15127.28	223.73	5981.83	321.53	195.87	67.79 10
104	347	319	150	103	222	170	2.87	-67.72	-0.45	15124.51	217.94	5991.14	293.25	191.33	68.65 10
104	347	319	150	103	222	170	2.85	-67.72	-0.45	15124.09	216.45	5992.58	295.99	192.91	64.26 10
104	347	319	150	103	223	170	3.05	-67.70	-0.38	15116.28	236.42	5996.76	287.34	191.27	58.05 10
104	346	318	151	103	222	168	3.15	-67.75	-0.32	15114.67	250.20	5989.12	262.32	191.00	62.35 10
103	347	319	150	104	221	169	3.11	-67.70	-0.30	15108.14	255.49	5994.66	238.91	192.40	69.08 10
104	346	318	150	104	222	169	2.82	-67.70	-0.38	15108.93	236.72	6003.93	234.91	186.88	69.93 10
104	346	318	150	103	221	169	2.79	-67.65	-0.40	15118.48	230.68	6017.53	251.41	190.14	66.03 10
103	346	318	150	103	222	170	3.01	-67.70	-0.33	15117.76	248.35	6017.46	251.34	179.08	65.83 10
104	347	319	151	103	222	169	2.85	-67.79	-0.37	15117.47	239.13	6012.98	227.28	173.28	73.19 10
105	347	319	150	104	222	170	2.69	-67.86	-0.41	15118.80	227.97	6003.73	225.36	166.57	70.98 10
104	347	318	151	103	222	169	2.79	-67.96	-0.40	15119.06	229.18	5983.35	232.34	166.54	63.38 10
104	347	319	150	103	222	169	2.83	-67.92	-0.38	15111.10	235.12	5973.38	226.78	181.91	52.91 10
104	347	319	150	102	221	170	2.97	-67.86	-0.34	15107.75	246.76	5977.11	222.99	193.91	42.62 10
104	347	318	150	103	222	170	2.76	-67.79	-0.37	15108.96	238.42	5980.85	205.89	207.72	37.33 10
104	347	318	150	103	222	170	2.48	-67.62	-0.44	15093.71	219.70	6001.41	194.49	229.33	31.77 10
104	347	319	150	102	223	169	2.48	-67.48	-0.43	15078.23	223.12	6017.14	181.12	243.47	21.08 10
105	347	319	150	103	221	169	2.45	-67.39	-0.40	15070.72	231.76	6039.68	151.76	240.79	14.58 10
105	346	318	150	104	221	170	2.47	-67.34	-0.38	15063.38	236.37	6050.10	131.38	243.65	9.35 10
104	346	319	150	102	221	170	2.66	-67.32	-0.32	15057.01	252.15	6046.19	117.36	250.57	1.98 10
104	346	319	150	104	222	170	2.95	-67.24	-0.21	15049.16	279.15	6033.88	101.54	271.49	-2.22 10
105	346	318	151	103	221	169	3.11	-67.12	-0.16	15041.50	293.19	6040.39	97.76	297.22	-0.16 10
104	346	318	151	103	223	170	3.39	-66.96	-0.08	15036.83	314.93	6055.57	92.97	316.81	9.75 10
105	346	319	150	103	222	169	3.37	-66.83	-0.07	15041.79	317.58	6082.79	89.43	331.77	29.36 10
105	347	318	150	103	221	169	3.16	-66.63	-0.12	15036.50	303.30	6114.45	89.75	348.43	47.14 10
104	347	319	150	103	222	170	2.96	-66.56	-0.17	15038.67	291.54	6139.13	88.62	343.16	50.69 10
104	347	319	150	104	222	170	2.83	-66.55	-0.19	15045.94	285.56	6158.57	78.94	331.55	49.35 10
105	347	319	150	103	222	170	2.73	-66.56	-0.20	15047.84	281.88	6172.84	64.14	318.77	41.93 10
104	347	319	150	102	222	168	2.72	-66.54	-0.19	15043.05	285.99	6179.80	59.08	315.38	30.39 10
104	347	319	151	102	222	169	2.93	-66.52	-0.13	15035.29	300.29	6183.21	64.18	315.96	19.37 10
105	347	319	150	103	221	170	3.17	-66.49	-0.07	15030.13	316.08	6189.45	63.67	320.47	11.85 10
104	347	318	150	104	222	169	3.32	-66.41	-0.01	15028.62	331.67	6209.98	64.14	323.84	14.41 10
104	347	319	150	104	222	169	3.27	-66.29	-0.01	15018.79	330.49	6244.08	62.38	312.90	21.79 10
104	347	319	150	103	223	170	3.14	-66.27	-0.05	15012.25	320.36	6270.68	66.56	293.80	34.35 10
105	347	320	151	104	222	169	3.14	-66.31	-0.05	15011.04	320.35	6286.54	71.53	267.41	44.53 10
105	347	319	150	103	222	171	3.18	-66.41	-0.04	15008.09	324.33	6282.61	67.06	245.74	54.40 10
104	347	319	150	103	221	170	3.17	-66.49	-0.03	15012.88	327.71	6276.88	67.50	232.11	57.13 10
105	347	319	150	104	223	170	3.00	-66.56	-0.06	15006.64	319.33	6270.84	67.73	225.05	53.63 10
104	347	319	150	103	222	169	2.90	-66.57	-0.08	14997.71	313.96	6269.50	72.59	227.80	45.45 10
104	348	319	150	104	221	170	2.90	-66.52	-0.07	14989.62	316.06	6281.02	64.31	224.76	36.77 10
104	347	320	150	104	223	171	2.70	-66.53	-0.13	14979.74	301.06	6290.57	52.30	213.27	33.93 10
104	347	319	151	103	221	170	2.68	-66.55	-0.13	14969.35	302.01	6291.04	42.58	205.61	30.34 10
104	347	319	151	103	221	170	2.59	-66.54	-0.17	14962.29	291.11	6294.69	49.80	201.53	28.07 10
104	347	320	151	103	221	170	2.91	-66.51	-0.07	14947.57	317.75	6295.76	54.81	198.05	31.52 10
104	347	319	151	104	222	170	2.95	-66.57	-0.02	14937.99	329.86	6295.57	19.47	178.25	43.79 10
105	347	318	150	104	223	170	2.71	-66.62	-0.07	14940.89	317.37	6295.39	-5.45	168.99	59.90 10
104	347	319	151	104	222	170	2.65	-66.69	-0.11	14949.25	306.90	6292.22	12.67	160.64	67.21 10
104	347	318	151	103	222	170	2.57	-66.70	-0.10	14954.58	307.56	6289.81	8.04	154.45	74.45 10
104	347	319	151	103	222	170	2.41	-66.72	-0.14	14962.45	298.58	6298.12	-5.47	140.48	78.22 10
105	347	319	151	104	221	170	2.40	-66.77	-0.14	14968.33	299.45	6298.21	-29.69	121.91	80.26 10
104	347	319	151	104	223	170	2.10	-66.92	-0.20	14974.12	282.28	6284.90	-45.06	103.51	77.65 10
105	347	319	150	103	223	170	2.19	-66.97	-0.21	14981.81	281.16	6274.26	-25.40	108.14	72.47 10
104	347	319	151	104	222	169	2.29	-66.95	-0.19	14980.12	285.70	6280.74	-30.68	108.33	69.34 10
105	347	319	150	104	222	170	2.10	-66.95	-0.24	14981.11	274.82	6281.31	-57.05	94.06	67.53 10
104	347	319	150	103	221	171	1.86	-66.99	-0.29	14989.86	260.68	6283.84	-78.30	84.36	65.75 10
104	347	319	151	103	221	170	1.62	-67.02	-0.36	14994.36	242.44	6291.45	-80.43	73.59	59.51 10
104	347	319	151	103	222	169	1.69	-67.05	-0.34	14998.45	247.32	6295.08	-91.46	64.36	52.39 10
104	347	319	151	104	223	170	1.59	-67.09	-0.36	14996.12	242.96	6292.52	-105.19	51.29	45.07 10
105	347	320	151	103	221	169	1.54	-67.13	-0.36	14996.72	241.21	6292.50	-124.58	45.18	38.91 10
104	347	319	150	103	222	170	1.63	-67.19	-0.36	15000.48	241.35	6283.67	-120.25	39.82	34.27 10
104	347	319	150	104	222	170	1.48	-67.23	-0.41	15004.66	228.88	6280.29	-118.49	38.03	34.06 10
104	347	319	151	103	222	170	1.33	-67.20	-0.45	15009.82	217.44	6285.87	-119.96	40.18	33.30 10
104	347	320	151	103	223	170	1.15	-67.24	-0.52	15011.13	199.16	6285.38	-118.66	35.47	22.39 10
104	347	319	151	104	221	170	0.97	-67.24	-0.56	15007.17	190.61	6278.11	-132.78	34.95	9.82 10
104	347	319	150	104	222	170	0.85	-67.26	-0.63	15005.82	172.48	6273.20	-133.49	34.85	-6.97 10
104	347	320	150	103	221	170	1.05	-67.23	-0.58	15001.12	184.45	6279.54	-131.67	40.51	-23.02 10
105	347	319	150	104	223	170	1.22	-67.20	-0.52	15007.27	200.43	6281.37	-130.03	45.53	-30.97 10
105	347	319	151	103	222	170	1.38	-67.13	-0.47	15005.10	212.01	6283.30	-132.73	59.35	-32.52 10
104	347	319	151	103	222	170	1.48	-67.04	-0.44	14999.25	220.21	6293.93	-135.70	68.79	-32.05 10
105	347	319	151	104	222	170	1.43	-66.93	-0.46	14990.29	215.80	6308.44	-138.16	76.00	-31.60 10
104	347	319	151	104	222	170	1.38	-66.91	-0.49	15002.37	207.21	6316.41	-124.60	80.50	-32.02 10
105	347	320	150	104	220	170	1.35	-66.90	-0.51	15001.65	204.85	6322.19	-124.17	82.92	-31.02 10
105	347	319	151	103	222	170	1.31	-66.94	-0.52	15001.37	200.00	6315.08	-122.41	78.68	-33.76 10
105	347	320	150	103	223	170	1.44	-66.94	-0.47	14996.50	213.20	6310.33	-132.94	78.49	-33.08 10
105	347	319	150	103	222	170	1.24	-67.00	-0.54	15004.88	194.34	6303.01	-125.05	81.52	-29.82 10
104	347	319	151	104	222	170	1.34	-66.94	-0.53	15002.03	197.43	6310.06	-113.44	97.44	-27.58 10
105	347	319	150	103	222	170	1.17	-66.88	-0.57	14994.73	186.96	6321.56	-123.67	94.27	-29.95 10
104	347	319	151	104	222	170	1.21	-66.89	-0.58	14990.79	184.81	6325.08	-129.64	86.41	-35.60 10
105	347	320	151	104	222	170	1.35	-66.99	-0.54	14987.85	194.17	6306.83	-137.71	79.64	-34.52 10
104	347	319	151	103	222	169	1.38	-67.05	-0.55	14983.06	192.86	6292.69	-129.97	83.70	-33.30 10
104	347	319	151	104	222	170	1.59	-67.02	-0.49	14983.11	209.62	6278.45	-121.92	101.62	-26.43 10
104	347	319	151	103	221	169	1.54	-66.94	-0.51	14977.95	204.14	6275.53	-115.08	117.24	-18.66 10
104	347	320	150	104	222	170	1.40	-66.87	-0.54	14978.05	196.93	6273.35	-118.17	134.53	-15.13 10
104	347	320	151	104	222	170	1.10	-66.76	-0.60	14975.15	179.28	6284.68	-137.41	145.75	-16.27 10
104	347	319	151	104	221	170	1.02	-66.71	-0.64	14980.19	169.12	6289.65	-128.04	157.11	-26.16 10
104	347	319	151	103	222	169	1.27	-66.67	-0.56	14981.18	189.46	6282.37	-136.19	166.66	-36.50 10
104	347	320	151	104	221	170	1.40	-66.59	-0.52	14973.12	201.39	6286.65	-144.78	181.02	-37.08 10
104	347	319	151	104	222	170	1.63	-66.50	-0.44	14966.47	222.72	6295.52	-151.74	187.87	-34.37 10
104	347	320	150	104	222	170	1.58	-66.38	-0.43	14970.14	223.38	6314.34	-166.06	198.98	-21.05 10
104	347	319	151	103	221	170	1.34	-66.24	-0.55	14966.84	193.81	6342.42	-132.95	204.28	-18.75 10
104	347	319	151	104	221	170	1.51	-66.24	-0.51	14966.50	204.12	6354.30	-120.75	194.37	-23.86 10
104	347	319	151	104	221	170	1.40	-66.35	-0.55	14980.77	193.32	6351.59	-120.37	174.00	-26.17 10
104	346	319	151	104	222	170	1.33	-66.45	-0.56	14984.73	189.45	6346.81	-108.10	160.65	-33.16 10
104	347	319	151	103	222	170	1.67	-66.56	-0.48	14983.29	210.38	6341.07	-95.64	145.67	-43.40 10
104	347	319	151	104	222	170	1.91	-66.69	-0.44	14979.93	221.46	6321.01	-87.21	134.18	-48.93 10
104	347	319	151	104	221	170	2.25	-66.78	-0.36	14972.53	242.59	6305.76	-72.65	126.52	-48.49 10
105	347	319	151	104	222	169	2.25	-66.85	-0.35	14969.50	245.06	6293.08	-67.87	121.90	-41.66 10
104	347	319	151	104	222	170	2.03	-66.82	-0.44	14967.83	222.00	6295.22	-45.38	130.50	-41.68 10
105	347	319	151	104	223	169	2.06	-66.79	-0.41	14966.24	228.50	6298.26	-31.56	129.63	-46.65 10
104	347	319	150	103	222	170	1.70	-66.77	-0.47	14957.92	214.88	6301.35	-57.43	126.70	-47.91 10
104	347	320	151	104	222	170	1.71	-66.77	-0.49	14955.03	209.14	6306.48	-47.31	123.81	-63.52 10
104	347	319	151	105	222	170	2.11	-66.77	-0.34	14945.68	246.48	6307.36	-56.94	123.77	-71.14 10
104	346	319	151	104	221	170	2.27	-66.78	-0.27	14945.39	264.15	6298.99	-78.14	131.33	-68.23 10
104	347	319	151	104	223	170	2.57	-66.75	-0.20	14946.12	282.15	6289.84	-58.89	153.22	-61.22 10
104	347	319	151	104	221	170	2.87	-66.59	-0.12	14942.62	304.44	6309.35	-44.79	170.40	-47.26 10
104	347	319	151	104	221	170	2.81	-66.45	-0.13	14938.49	302.42	6339.88	-46.70	171.33	-30.00 10
104	348	320	150	104	222	170	2.72	-66.41	-0.16	14942.36	293.70	6363.08	-29.17	156.97	-18.40 10
104	346	319	151	104	222	170	2.68	-66.44	-0.16	14942.84	293.21	6372.33	-28.16	143.27	-7.98 10
104	347	319	151	104	223	170	2.62	-66.59	-0.19	14958.50	286.55	6359.11	-26.05	123.21	-5.53 10
104	347	320	151	104	223	170	2.57	-66.70	-0.21	14971.77	280.82	6343.96	-20.75	119.35	-10.40 10
104	347	320	151	104	222	170	2.41	-66.74	-0.27	14969.99	266.98	6334.56	-13.16	120.03	-17.93 10
104	346	319	151	104	221	171	2.41	-66.77	-0.27	14965.09	264.43	6328.63	-4.95	117.33	-33.09 10
104	347	320	151	104	221	169	2.22	-66.86	-0.30	14962.63	258.01	6310.00	-17.36	114.66	-47.98 10
104	347	319	151	104	222	170	2.21	-66.90	-0.31	14971.90	254.11	6292.70	-14.89	123.93	-59.63 10
104	346	319	151	103	222	170	2.21	-66.82	-0.32	14971.90	250.41	6292.46	-17.24	138.33	-72.25 10
104	347	319	150	104	221	170	2.15	-66.75	-0.32	14968.11	252.29	6296.04	-31.08	143.01	-83.09 10
104	346	319	151	104	221	169	2.05	-66.63	-0.36	14963.90	241.07	6321.24	-34.58	151.11	-93.43 10
104	347	320	151	103	221	170	2.29	-66.51	-0.30	14962.31	258.42	6344.98	-29.40	158.66	-102.06 10
104	347	319	151	103	222	170	2.43	-66.45	-0.24	14951.59	274.70	6361.93	-39.48	151.93	-108.86 10
104	347	319	151	104	222	170	2.49	-66.47	-0.19	14948.41	286.36	6369.03	-39.60	142.43	-114.32 10
104	347	319	151	103	222	169	2.68	-66.54	-0.14	14952.39	299.84	6361.98	-33.77	137.66	-119.35 10
105	347	319	151	104	222	170	2.84	-66.65	-0.09	14951.37	310.85	6339.08	-33.84	135.27	-120.58 10
104	347	320	151	104	221	170	2.97	-66.64	-0.06	14944.80	319.11	6325.53	-28.04	152.06	-117.50 10
104	346	320	151	104	223	170	3.10	-66.54	-0.00	14937.96	333.75	6331.65	-33.84	163.56	-112.23 10
104	347	320	151	104	221	170	2.80	-66.47	-0.06	14932.66	318.87	6340.87	-42.80	163.78	-104.62 10
104	346	319	151	103	222	170	2.77	-66.40	-0.07	14923.03	316.52	6354.22	-38.21	159.74	-102.89 10
104	347	319	151	103	220	170	2.76	-66.39	-0.05	14917.28	322.70	6364.31	-62.30	150.40	-100.34 10
104	346	320	151	104	222	171	2.61	-66.42	-0.07	14911.82	315.16	6372.10	-74.48	141.63	-98.27 10
104	347	320	151	104	223	170	2.82	-66.45	-0.01	14901.83	331.00	6363.49	-75.01	138.40	-101.41 10
104	347	320	151	103	223	170	3.05	-66.46	0.08	14897.13	355.85	6354.52	-87.46	144.13	-92.94 10
104	346	320	151	103	221	170	3.02	-66.39	0.09	14890.48	357.46	6364.19	-98.34	150.93	-76.89 10
105	347	319	150	104	222	170	2.95	-66.34	0.07	14889.75	351.59	6373.38	-96.07	151.08	-62.30 10
103	346	319	151	103	223	171	2.79	-66.29	0.01	14887.66	338.21	6386.51	-95.97	150.08	-50.78 10
104	346	320	151	104	222	170	2.78	-66.31	0.02	14889.08	340.30	6396.19	-106.37	135.07	-43.64 10
104	346	319	150	105	223	170	2.69	-66.34	0.01	14892.23	337.08	6401.38	-119.65	122.92	-33.76 10
104	347	320	151	104	223	169	2.62	-66.38	-0.01	14895.41	331.23	6407.11	-118.72	114.62	-32.47 10
103	346	319	151	104	221	170	2.72	-66.40	0.01	14897.64	338.87	6405.15	-119.08	110.49	-33.15 10
104	346	320	151	104	221	169	2.73	-66.37	0.03	14895.76	341.32	6416.69	-123.03	103.92	-34.29 10
104	347	319	151	104	223	170	2.83	-66.38	0.05	14891.77	347.66	6424.06	-114.58	91.17	-30.53 10
104	347	319	150	104	222	170	2.78	-66.38	0.05	14891.38	346.67	6427.46	-117.05	82.26	-23.45 10
104	347	319	150	104	223	170	2.70	-66.39	0.01	14891.02	338.94	6431.28	-112.09	69.15	-17.93 10
104	346	319	150	104	221	170	2.59	-66.43	-0.03	14894.87	326.39	6437.12	-98.44	55.24	-13.13 10
104	346	319	150	104	221	170	2.59	-66.49	-0.05	14898.72	321.27	6431.06	-96.12	44.13	-14.03 10
104	346	319	151	103	221	169	2.64	-66.56	-0.04	14899.58	324.61	6424.11	-100.91	31.72	-18.18 10
104	347	319	150	104	222	170	2.70	-66.63	-0.04	14908.01	324.38	6408.30	-93.37	31.24	-19.27 10
104	346	320	151	103	222	170	2.87	-66.68	360.00	14909.81	334.76	6400.29	-86.80	37.62	-18.05 10
104	346	319	151	103	222	170	2.80	-66.63	-0.00	14912.32	333.22	6398.67	-78.16	49.29	-11.35 10
104	346	319	150	104	221	169	2.82	-66.56	-0.02	14914.70	329.96	6412.34	-66.20	58.48	-7.38 10
104	346	319	150	104	222	169	2.61	-66.50	-0.09	14924.56	311.46	6423.72	-59.89	64.25	-3.96 10
104	346	318	150	104	222	169	2.58	-66.49	-0.10	14930.54	309.09	6437.74	-54.20	60.69	-10.52 10
104	346	318	151	103	222	170	2.63	-66.50	-0.09	14934.61	310.24	6448.25	-43.49	47.81	-19.74 10
104	346	318	151	104	221	169	2.76	-66.62	-0.04	14937.08	323.72	6436.64	-55.86	29.67	-26.55 10
104	346	318	150	103	221	169	2.80	-66.70	-0.05	14944.42	322.14	6421.01	-40.67	26.33	-31.68 10
104	344	317	150	104	220	168	3.12	-66.72	0.04	14938.40	345.43	6419.56	-31.19	16.22	-33.09 10
104	346	318	150	104	222	169	3.08	-66.79	0.05	14943.08	346.76	6418.18	-38.68	-2.69	-33.44 10
104	345	318	150	103	221	169	3.14	-66.90	0.05	14942.53	346.22	6399.47	-34.24	-10.36	-33.91 10
105	350	322	152	104	224	171	3.19	-67.02	0.07	14947.80	353.11	6370.10	-38.33	-14.34	-31.47 10
105	349	322	152	104	224	172	3.23	-67.15	0.07	14948.21	351.85	6332.19	-27.06	-2.62	-31.90 10
105	349	321	152	104	222	171	3.32	-67.10	0.07	14940.40	353.26	6313.38	-4.86	24.61	-31.10 10
105	349	322	152	106	223	172	3.69	-67.04	0.15	14936.38	373.00	6304.71	18.73	45.03	-23.00 10
105	349	322	152	105	224	171	3.85	-66.94	0.22	14934.36	389.95	6293.08	24.95	72.83	-7.00 10
106	349	322	152	104	224	171	3.72	-66.76	0.19	14919.24	381.25	6313.62	31.65	98.98	6.10 10
106	349	322	152	104	225	172	3.63	-66.63	0.17	14901.88	377.79	6336.34	29.72	98.09	18.25 10
106	349	321	152	104	224	171	3.64	-66.69	0.19	14910.98	381.70	6333.12	19.08	87.53	27.09 10
106	349	322	152	105	223	170	3.74	-66.83	0.21	14926.43	388.81	6315.47	18.13	78.25	31.88 10
106	348	321	152	104	224	171	3.96	-66.89	0.29	14938.31	407.17	6302.89	11.47	82.94	42.84 10
105	348	322	152	104	223	171	3.93	-66.95	0.28	14949.60	406.62	6290.35	8.25	87.74	53.70 10
106	348	321	152	104	222	171	3.63	-66.88	0.20	14962.12	386.28	6291.63	7.33	107.01	61.46 10
106	348	322	152	104	224	171	3.37	-66.68	0.11	14962.61	363.57	6333.65	15.52	122.26	59.79 10
106	349	321	151	105	223	171	2.91	-66.47	-0.02	14963.48	329.19	6391.97	-5.26	108.99	49.00 10
105	348	322	152	104	223	171	2.45	-66.34	-0.17	14971.90	290.93	6456.97	-14.15	71.09	22.75 10
106	348	322	152	104	223	171	2.39	-66.39	-0.16	14987.31	293.79	6499.12	-41.99	12.89	-6.69 10
106	348	322	151	104	223	172	2.51	-66.52	-0.07	14995.14	317.50	6526.56	-86.09	-61.00	-30.65 10
106	349	322	151	105	224	171	2.86	-66.81	0.11	14994.99	363.62	6524.24	-168.58	-147.70	-40.17 10
106	349	321	152	104	224	171	2.72	-67.11	0.21	14991.64	389.44	6518.22	-302.66	-230.97	-40.01 10
105	348	321	152	104	223	169	1.90	-67.38	0.11	14992.85	363.77	6530.71	-449.02	-326.12	-39.21 10
105	348	321	151	104	224	168	0.48	-67.67	-0.29	15009.61	260.38	6534.38	-502.17	-426.41	-56.55 10
105	347	320	151	104	224	166	-0.06	-68.13	-0.47	15022.53	214.96	6508.66	-505.21	-526.84	-104.22 10
104	346	320	151	104	223	166	-0.45	-68.82	-0.53	15031.81	197.01	6452.43	-562.85	-642.50	-155.31 10
104	345	319	150	104	221	165	-1.20	-69.63	-0.71	15059.01	151.36	6350.40	-574.96	-736.23	-219.15 10
105	347	320	151	103	223	166	-0.67	-70.17	-0.67	15083.26	162.59	6252.48	-506.71	-768.72	-285.64 10
105	347	321	151	104	223	166	0.06	-70.50	-0.55	15089.10	191.86	6187.46	-457.38	-786.08	-344.01 10
105	348	320	151	104	224	166	0.66	-70.70	-0.44	15089.05	220.67	6141.69	-430.76	-809.33	-390.56 10
105	348	321	152	104	224	165	1.38	-71.01	-0.25	15085.19	269.84	6093.20	-453.27	-860.31	-426.73 10
105	348	322	151	104	224	165	2.32	-71.45	-0.02	15096.93	329.55	6009.34	-498.41	-900.04	-439.69 10
106	348	321	152	104	223	166	2.88	-71.79	0.14	15106.69	370.07	5924.67	-543.69	-907.09	-437.66 10
105	348	321	151	105	224	166	3.02	-71.89	0.19	15117.15	384.17	5881.04	-567.90	-895.04	-438.53 10
105	348	321	152	104	224	164	3.26	-71.86	0.27	15119.09	405.76	5875.39	-594.66	-898.44	-440.10 10
105	348	322	152	104	224	164	3.49	-72.02	0.44	15132.74	447.07	5860.82	-674.42	-943.86	-430.24 10
106	348	321	152	104	223	162	2.91	-72.42	0.38	15164.70	432.72	5819.78	-746.45	-999.17	-412.23 10
105	348	321	152	105	224	162	2.51	-72.76	0.22	15201.67	392.88	5751.99	-685.08	-1012.71	-407.07 10
105	349	322	152	104	224	162	3.15	-72.99	0.31	15227.58	415.24	5694.39	-601.43	-1011.33	-418.22 10
105	349	322	152	105	225	161	3.61	-73.29	0.37	15255.40	431.87	5625.67	-579.75	-1024.36	-426.01 10
105	349	323	152	104	223	161	3.74	-73.58	0.40	15281.03	438.28	5564.59	-585.97	-1035.69	-435.86 10
105	349	322	152	104	223	162	4.24	-73.97	0.40	15312.18	439.97	5481.16	-512.27	-1028.56	-453.01 10
105	349	322	152	105	224	162	5.69	-74.16	0.58	15322.17	487.97	5396.50	-417.95	-998.98	-465.11 10
105	349	322	152	105	223	161	6.72	-74.30	0.73	15334.46	525.37	5328.07	-341.06	-974.33	-465.86 10
106	349	322	152	105	224	160	7.15	-74.35	0.79	15355.34	542.10	5275.87	-287.00	-948.76	-456.61 10
105	349	322	152	104	224	160	7.40	-74.44	0.84	15367.97	554.40	5237.28	-265.80	-936.88	-448.48 10
105	349	322	152	106	224	161	7.73	-74.68	0.91	15385.58	572.68	5177.01	-266.71	-942.23	-444.41 10
105	349	322	152	105	225	161	8.10	-74.98	0.94	15407.90	581.64	5093.36	-241.83	-933.97	-436.34 10
105	349	322	152	105	224	160	9.16	-75.17	1.09	15430.10	620.56	5009.09	-197.79	-902.17	-426.22 10
105	349	322	152	103	224	160	9.64	-75.22	1.17	15439.40	643.53	4944.24	-177.70	-859.66	-407.51 10
106	349	322	152	105	225	161	10.01	-75.20	1.26	15454.43	666.16	4902.63	-170.11	-818.28	-391.49 10
106	349	321	152	105	224	161	10.09	-75.14	1.29	15473.70	674.45	4877.10	-151.91	-776.22	-377.36 10
105	349	322	152	105	225	160	10.45	-75.14	1.37	15496.62	696.53	4836.84	-126.06	-742.46	-362.54 10
106	349	322	152	105	224	161	10.70	-75.15	1.42	15514.99	709.90	4797.80	-107.11	-705.88	-348.57 10
105	349	322	152	104	224	159	10.90	-75.17	1.46	15529.24	721.80	4770.11	-88.65	-680.64	-339.09 10
105	349	322	152	104	224	160	11.20	-75.16	1.52	15549.37	737.31	4741.20	-62.32	-644.91	-323.58 10
105	349	322	152	104	224	161	11.59	-75.21	1.60	15558.51	760.65	4700.54	-37.95	-623.71	-308.80 10
106	349	322	152	105	225	161	12.12	-75.29	1.70	15565.78	785.62	4653.92	-23.06	-602.48	-293.21 10
105	349	322	151	105	225	161	12.45	-75.32	1.77	15576.89	806.33	4614.02	-31.50	-579.10	-273.35 10
105	349	322	151	104	224	161	12.50	-75.36	1.77	15586.45	806.02	4570.32	-9.38	-542.45	-253.79 10
105	349	323	152	104	224	162	12.84	-75.35	1.82	15594.33	818.12	4534.00	23.34	-500.97	-241.30 10
105	349	322	151	105	225	161	13.17	-75.30	1.90	15602.21	841.21	4500.70	27.92	-465.48	-227.38 10
104	349	322	151	105	225	160	13.20	-75.34	1.92	15608.30	845.55	4469.67	22.18	-435.20	-208.51 10
105	349	322	150	104	225	160	13.08	-75.25	1.91	15628.28	844.07	4449.18	42.87	-395.09	-187.04 10
105	349	322	151	104	224	161	13.25	-75.18	1.95	15633.87	854.47	4435.33	68.42	-367.44	-169.73 10
105	349	323	152	104	224	161	13.27	-75.13	1.98	15640.98	863.75	4433.96	71.40	-355.37	-155.55 10
105	349	322	152	105	225	162	13.12	-75.15	1.95	15658.13	857.96	4420.66	80.58	-349.75	-145.57 10
105	349	322	151	104	225	161	13.55	-75.16	2.07	15667.42	887.66	4401.63	89.50	-341.71	-137.49 10
104	349	321	151	104	224	161	13.95	-75.22	2.17	15676.45	916.08	4377.75	83.38	-339.37	-127.77 10
104	349	322	151	104	224	162	13.94	-75.17	2.17	15687.43	917.07	4370.46	107.11	-318.56	-114.68 10
104	349	322	151	104	225	161	14.25	-75.09	2.23	15691.66	933.42	4359.94	146.85	-295.88	-105.70 10
105	349	322	152	105	225	161	14.74	-75.14	2.31	15690.67	953.55	4341.94	168.61	-287.98	-91.96 10
104	349	322	152	104	224	161	14.90	-75.20	2.35	15689.54	963.07	4318.64	171.93	-283.43	-72.26 10
105	349	322	152	104	224	161	14.62	-75.33	2.27	15700.06	944.52	4288.11	186.68	-272.66	-52.55 10
105	349	322	151	104	224	162	14.55	-75.37	2.22	15704.06	930.69	4253.70	225.45	-248.53	-46.22 10
104	349	322	151	105	225	162	14.81	-75.41	2.24	15711.45	936.76	4225.82	239.38	-231.50	-42.11 10
105	349	322	151	105	226	162	14.54	-75.46	2.21	15706.68	926.12	4209.73	234.76	-218.63	-34.16 10
105	349	322	151	104	224	162	14.62	-75.45	2.23	15710.95	934.61	4199.24	231.72	-209.20	-26.85 10
105	349	322	152	105	224	162	14.77	-75.45	2.28	15716.80	947.68	4185.68	211.19	-202.99	-13.41 10
105	349	323	152	104	225	162	14.81	-75.52	2.30	15729.16	953.70	4169.60	224.33	-202.69	-5.73 10
105	349	322	152	104	224	162	15.51	-75.55	2.46	15726.10	996.81	4151.92	231.91	-199.85	5.25 10
104	349	322	152	105	225	160	15.60	-75.65	2.48	15741.80	1000.57	4122.72	222.46	-189.71	28.79 10
104	349	323	152	104	224	161	15.39	-75.68	2.41	15754.31	984.34	4111.18	250.24	-172.22	41.05 10
105	349	322	152	104	224	161	15.53	-75.61	2.44	15742.99	991.93	4102.42	264.38	-152.36	52.70 10
105	348	322	152	104	223	162	15.22	-75.65	2.39	15751.04	977.53	4090.50	267.96	-147.00	65.26 10
104	349	323	152	105	225	162	14.19	-75.79	2.17	15765.89	918.85	4062.38	330.51	-139.75	57.75 10
104	349	323	152	104	225	161	14.49	-75.81	2.12	15785.79	906.11	4028.86	465.74	-94.71	37.41 10
105	349	322	151	105	225	163	15.37	-75.55	2.26	15779.91	944.41	4028.02	530.60	-45.12	24.64 10
105	349	323	152	104	224	162	15.93	-75.30	2.45	15765.51	993.19	4057.42	493.77	-30.97	26.81 10
105	349	322	152	104	225	163	15.63	-75.30	2.47	15763.83	999.93	4065.54	399.08	-47.52	44.12 10
105	349	322	152	105	225	163	14.20	-75.39	2.20	15789.64	927.53	4056.67	402.03	-57.04	46.26 10
105	349	323	152	104	225	163	15.12	-75.35	2.29	15796.76	952.15	4034.83	480.48	-34.49	32.30 10
105	349	323	152	104	225	163	16.22	-75.23	2.54	15788.12	1020.35	4028.29	460.60	-28.32	37.33 10
104	349	323	152	105	225	163	15.78	-75.27	2.53	15792.12	1017.33	4023.48	400.67	-36.45	57.32 10
105	349	322	152	104	224	163	15.11	-75.32	2.37	15798.91	973.26	4017.90	459.29	-34.63	64.40 10
104	349	322	152	104	223	163	15.52	-75.28	2.42	15806.37	987.60	4012.41	521.97	-24.55	57.28 10
104	349	323	152	104	225	163	16.41	-75.23	2.61	15808.05	1040.02	4008.99	514.92	-26.17	62.52 10
105	349	322	152	105	225	163	16.41	-75.33	2.64	15805.24	1046.22	3998.14	473.93	-42.86	78.29 10
105	349	323	151	105	225	164	15.73	-75.44	2.48	15820.18	1006.51	3988.43	512.73	-44.72	83.93 10
105	349	323	152	104	224	163	16.41	-75.36	2.60	15809.97	1036.58	3982.01	545.70	-27.43	90.08 10
105	349	323	151	104	223	163	17.13	-75.35	2.74	15796.47	1074.95	3967.51	505.01	-32.61	108.18 10
104	349	323	152	105	225	163	16.53	-75.50	2.65	15804.65	1049.00	3948.73	476.51	-38.63	125.97 10
105	349	323	152	105	226	164	16.59	-75.56	2.60	15810.22	1038.15	3934.10	498.23	-21.45	139.02 10
105	350	322	152	105	225	163	16.68	-75.53	2.65	15807.31	1050.25	3931.59	475.67	-11.43	152.87 10
105	349	323	152	105	225	164	16.41	-75.52	2.63	15807.34	1044.13	3931.61	437.99	-9.45	170.73 10
105	349	323	152	105	224	164	16.00	-75.59	2.55	15805.37	1024.73	3918.03	398.04	-20.28	184.19 10
104	349	323	152	105	225	163	15.53	-75.67	2.47	15822.70	1001.49	3910.13	409.44	-15.42	193.43 10
105	349	323	152	105	224	164	15.84	-75.66	2.52	15825.77	1016.62	3905.22	409.07	-10.05	199.06 10
105	349	322	152	105	224	163	15.87	-75.71	2.55	15828.08	1024.39	3899.56	371.71	-17.59	210.76 10
105	349	322	152	104	225	164	15.50	-75.82	2.49	15838.88	1008.77	3896.98	337.13	-34.86	220.17 10
106	350	323	152	105	224	164	15.20	-75.90	2.41	15852.33	988.33	3879.34	360.52	-33.37	219.21 10
105	350	323	152	104	225	164	15.44	-75.83	2.47	15843.91	1003.51	3882.17	344.19	-23.95	221.50 10
105	350	323	152	105	226	164	15.33	-75.87	2.48	15840.92	1006.14	3874.06	305.88	-34.01	224.17 10
104	350	323	152	104	225	164	15.14	-75.93	2.43	15848.67	992.63	3870.76	289.49	-42.00	224.76 10
105	349	323	152	105	224	164	15.14	-75.97	2.42	15850.64	989.20	3864.22	296.57	-43.30	225.78 10
104	350	323	151	104	225	165	15.37	-75.97	2.47	15851.11	1002.74	3865.21	283.94	-47.09	229.64 10
104	349	323	152	105	225	164	15.66	-76.11	2.50	15855.15	1013.80	3840.75	252.84	-59.18	243.16 10
105	349	322	152	105	225	165	15.51	-76.20	2.47	15853.59	1004.11	3822.51	244.15	-57.88	253.05 10
105	349	323	152	105	224	164	15.94	-76.24	2.54	15857.71	1022.91	3805.18	245.24	-42.83	268.30 10
105	349	323	152	105	224	164	15.86	-76.21	2.52	15864.03	1018.16	3799.93	243.58	-21.29	286.63 10
104	349	322	152	105	224	164	15.75	-76.20	2.47	15858.83	1004.45	3791.13	262.85	3.92	302.95 10
104	349	323	152	105	225	165	15.55	-76.20	2.42	15850.29	989.23	3775.97	275.01	27.33	320.80 10
103	349	322	152	104	225	165	15.28	-76.23	2.35	15855.77	972.37	3761.97	283.11	41.21	336.11 10
104	349	322	152	105	225	165	15.10	-76.23	2.32	15858.58	963.55	3751.08	287.55	51.75	351.81 10
104	349	323	152	105	225	165	14.45	-76.22	2.22	15861.05	935.37	3742.52	301.22	69.36	369.27 10
104	350	323	152	104	224	165	13.93	-76.15	2.10	15871.20	905.00	3748.60	330.71	91.15	378.20 10
104	349	323	151	105	225	166	13.53	-76.05	2.02	15868.84	882.95	3766.37	345.03	107.49	384.39 10
104	350	323	152	104	225	165	13.36	-76.06	1.99	15866.20	874.81	3770.25	330.88	101.16	387.42 10
104	350	323	152	104	226	166	13.01	-76.08	1.91	15874.09	853.27	3768.53	321.13	104.61	393.50 10
104	349	323	152	105	224	165	12.82	-76.01	1.83	15877.78	832.40	3770.71	344.43	112.23	395.48 10
104	350	323	152	105	225	166	12.83	-75.94	1.83	15877.49	830.78	3786.17	351.55	113.16	403.40 10
104	350	323	152	105	225	166	12.57	-75.93	1.77	15881.42	814.44	3795.06	348.88	105.26	415.03 10
104	350	323	152	105	225	166	12.10	-75.96	1.69	15891.55	793.12	3806.71	346.48	90.74	420.88 10
104	350	322	152	104	225	165	11.85	-75.99	1.64	15888.97	778.26	3811.77	354.86	78.21	417.24 10
104	350	323	152	104	224	165	11.80	-76.04	1.61	15892.72	772.35	3805.39	379.97	69.40	415.78 10
103	349	323	152	104	224	167	11.98	-76.08	1.65	15893.89	782.33	3798.12	376.37	56.88	423.39 10
104	350	322	152	105	224	165	11.74	-76.18	1.59	15902.59	765.82	3784.21	381.10	54.13	432.22 10
104	350	323	152	104	225	166	11.08	-76.22	1.46	15907.46	730.33	3768.00	388.84	64.58	433.46 10
104	350	323	151	105	225	166	10.56	-76.23	1.34	15918.29	698.21	3763.00	424.30	76.65	424.53 10
104	349	323	152	105	224	166	10.76	-76.22	1.36	15920.77	703.70	3763.05	428.39	79.51	421.16 10
104	350	323	152	105	225	166	10.46	-76.31	1.31	15918.33	690.71	3752.90	403.32	77.94	422.35 10
104	349	323	152	105	223	167	9.59	-76.30	1.16	15929.02	650.58	3755.85	403.30	87.14	424.33 10
104	349	323	152	105	224	166	8.89	-76.27	1.01	15922.37	608.05	3755.26	432.74	97.53	423.11 10
104	350	323	152	104	225	166	8.71	-76.24	0.96	15920.05	594.45	3765.70	441.95	92.76	417.56 10
103	350	323	152	105	225	167	8.72	-76.34	0.92	15919.64	584.13	3763.81	424.50	74.62	415.43 10
103	349	323	152	106	225	166	8.49	-76.43	0.88	15924.86	572.52	3759.22	403.68	57.89	411.96 10
104	350	323	152	105	225	166	8.02	-76.52	0.79	15930.02	550.09	3745.06	397.04	50.89	410.11 10
104	349	323	152	106	225	167	7.81	-76.53	0.71	15930.92	528.59	3745.81	414.89	58.55	402.41 10
104	349	323	152	105	225	167	8.17	-76.49	0.76	15923.97	540.16	3747.52	428.15	60.97	395.74 10
104	350	323	152	104	225	167	8.30	-76.55	0.77	15931.37	545.35	3738.74	394.44	51.57	396.90 10
104	350	323	152	105	225	167	7.72	-76.62	0.66	15948.20	515.68	3727.40	389.22	53.99	398.00 10
104	350	323	152	105	225	166	7.50	-76.61	0.59	15950.39	494.30	3718.03	425.36	69.15	383.60 10
104	350	323	152	105	224	167	7.56	-76.51	0.57	15948.08	490.78	3727.53	468.99	85.49	367.97 10
104	350	322	152	105	225	166	7.70	-76.37	0.58	15939.47	493.24	3756.76	493.94	84.06	357.12 10
104	350	323	152	105	225	166	7.55	-76.34	0.57	15934.90	490.58	3776.12	472.89	59.31	353.92 10
104	350	323	152	105	225	166	6.62	-76.43	0.41	15936.15	444.45	3776.11	464.60	36.59	352.17 10
104	350	323	152	104	225	167	6.39	-76.56	0.33	15942.75	424.63	3753.71	495.27	32.27	342.96 10
103	349	323	152	105	225	167	6.77	-76.59	0.35	15936.01	429.40	3745.42	528.75	39.55	332.72 10
104	349	323	152	104	225	167	7.77	-76.71	0.47	15921.41	462.33	3718.95	520.17	33.52	335.03 10
104	350	322	152	105	224	167	7.91	-76.88	0.51	15924.14	472.01	3681.00	471.11	29.30	352.93 10
104	350	323	152	104	225	166	7.22	-77.06	0.41	15937.33	444.61	3634.35	440.25	45.93	369.63 10
104	350	323	152	105	226	167	7.23	-77.18	0.37	15934.86	434.78	3582.43	439.49	88.44	381.30 10
104	350	322	152	104	226	168	7.10	-77.06	0.34	15937.72	426.84	3562.11	422.52	146.71	392.04 10
103	350	323	152	104	225	167	6.53	-76.82	0.22	15943.83	395.90	3570.01	413.39	204.78	395.98 10
103	350	323	152	105	223	167	6.12	-76.52	0.17	15941.64	380.91	3602.51	411.97	254.49	393.43 10
104	350	323	152	104	223	167	5.83	-76.18	0.12	15935.36	366.26	3649.98	408.87	288.82	387.81 10
104	350	323	151	105	224	167	5.85	-75.99	0.14	15932.59	371.95	3684.68	379.93	296.97	388.87 10
104	350	323	152	105	225	167	5.75	-75.95	0.14	15931.76	371.95	3697.45	344.03	290.33	402.33 10
103	350	324	152	104	225	168	5.07	-75.83	0.00	15934.37	335.55	3718.98	348.53	302.76	414.41 10
103	350	323	152	105	224	168	4.83	-75.71	-0.06	15933.45	317.37	3748.63	358.45	313.47	420.84 10
103	349	323	152	104	225	168	4.23	-75.64	-0.16	15925.18	290.91	3769.00	330.18	302.85	418.45 10
104	350	323	152	104	224	167	3.21	-75.57	-0.34	15924.12	240.76	3788.95	296.02	297.76	402.78 10
104	350	323	152	105	225	167	2.78	-75.56	-0.43	15915.52	215.12	3800.70	287.12	297.37	378.54 10
104	350	322	152	105	225	167	2.91	-75.55	-0.41	15898.74	223.77	3806.86	265.61	298.20	355.16 10
103	349	323	152	105	225	166	2.94	-75.57	-0.42	15898.00	219.38	3812.52	239.38	300.94	341.45 10
104	350	323	152	106	225	165	2.87	-75.47	-0.43	15893.50	216.01	3829.89	226.31	308.74	336.43 10
104	349	323	152	105	224	163	2.54	-75.37	-0.50	15893.83	198.61	3855.20	213.55	307.36	331.46 10
104	350	323	152	104	224	165	2.33	-75.34	-0.54	15886.94	186.08	3865.04	208.22	304.49	326.69 10
104	350	323	152	105	225	165	2.06	-75.33	-0.59	15887.79	173.77	3871.79	182.86	304.71	323.30 10
104	350	323	152	105	224	164	1.64	-75.35	-0.67	15891.80	151.09	3869.80	179.32	305.13	313.19 10
104	350	323	152	105	225	165	1.55	-75.35	-0.70	15894.21	144.33	3871.31	162.55	307.82	306.48 10
104	350	323	152	104	225	165	1.15	-75.28	-0.78	15900.50	122.71	3880.94	163.02	318.08	299.25 10
104	350	323	152	105	225	165	1.15	-75.19	-0.76	15901.47	127.78	3893.50	152.52	322.58	292.94 10
104	350	323	152	105	225	165	0.63	-75.19	-0.85	15900.40	101.39	3901.82	127.75	314.90	286.54 10
104	350	324	152	104	224	164	0.34	-75.23	-0.90	15904.38	89.72	3897.93	109.26	318.05	276.12 10
103	350	323	152	105	225	165	0.16	-75.17	-0.94	15905.36	79.83	3904.03	104.75	330.70	266.56 10
104	350	323	152	105	225	165	-0.06	-75.04	-0.99	15902.09	64.04	3926.63	102.21	340.36	252.73 10
104	350	323	152	105	225	165	-0.17	-74.93	-1.03	15900.79	52.24	3956.70	90.30	341.90	235.85 10
104	350	323	152	105	226	165	-0.55	-74.90	-1.12	15896.75	30.03	3989.67	58.83	325.20	216.65 10
104	350	323	152	105	225	165	-0.74	-74.90	-1.17	15897.71	16.33	4000.18	58.09	314.49	194.02 10
105	350	323	152	105	225	165	-0.30	-74.94	-1.11	15891.62	32.91	4004.77	47.44	305.67	179.57 10
104	350	323	152	105	225	165	-0.32	-74.97	-1.12	15879.44	29.67	4000.13	30.42	300.88	172.49 10
104	350	323	152	105	225	164	-0.49	-74.96	-1.16	15879.67	19.78	4003.53	19.54	301.14	165.62 10
104	350	324	152	105	225	165	-0.87	-74.89	-1.23	15872.69	-0.41	4021.75	10.12	295.03	152.29 10
104	350	323	152	105	227	165	-0.97	-74.95	-1.25	15866.25	-5.99	4023.86	-6.24	280.38	133.77 10
104	350	323	152	105	225	165	-0.57	-75.10	-1.19	15873.34	10.11	4002.47	-42.48	272.41	124.18 10
104	350	323	152	105	224	165	-0.95	-75.18	-1.23	15865.27	0.01	3981.15	-100.65	278.84	121.32 10
104	350	323	152	105	226	164	-1.06	-75.04	-1.26	15858.61	-9.39	3988.49	-93.57	307.90	111.76 10
104	350	323	152	105	225	165	-0.93	-74.86	-1.25	15856.08	-5.32	4006.46	-92.34	336.90	109.07 10
104	350	323	152	105	226	164	-1.24	-74.63	-1.32	15848.08	-23.26	4042.14	-105.92	353.36	112.22 10
104	350	323	152	104	225	164	-2.01	-74.50	-1.46	15839.47	-61.89	4069.63	-143.78	350.39	106.46 10
104	350	323	152	105	225	164	-2.57	-74.45	-1.59	15851.70	-98.00	4082.75	-162.19	345.82	77.88 10
104	350	323	152	106	224	164	-2.20	-74.40	-1.53	15849.91	-80.10	4092.41	-168.43	349.23	52.09 10
104	350	323	152	105	225	164	-2.03	-74.39	-1.47	15850.82	-64.69	4092.19	-216.86	346.02	41.58 10
104	350	324	152	105	224	164	-2.68	-74.43	-1.56	15845.08	-89.46	4085.58	-275.32	342.42	30.05 10
104	350	323	152	104	224	165	-3.27	-74.33	-1.69	15847.62	-124.39	4093.50	-302.40	361.25	-1.50 10
104	350	324	152	105	225	164	-2.87	-74.17	-1.62	15832.04	-105.57	4113.43	-300.53	381.08	-31.07 10
104	350	323	152	105	225	164	-2.64	-74.01	-1.57	15818.64	-90.69	4143.96	-339.05	388.53	-44.52 10
104	350	323	152	105	226	164	-2.90	-73.80	-1.62	15814.71	-104.35	4188.36	-358.55	393.45	-58.84 10
104	349	323	152	105	224	163	-2.88	-73.64	-1.61	15803.77	-101.74	4228.94	-378.92	386.98	-73.80 10
104	350	323	152	105	224	164	-3.11	-73.62	-1.63	15807.78	-108.85	4248.49	-401.33	372.88	-94.76 10
104	349	324	152	104	225	164	-2.97	-73.63	-1.60	15809.79	-99.61	4260.67	-408.26	368.89	-116.97 10
104	350	323	152	105	225	163	-2.58	-73.65	-1.52	15806.30	-78.63	4261.64	-420.65	368.74	-136.82 10
104	350	323	151	105	227	164	-2.17	-73.63	-1.45	15802.39	-59.10	4265.35	-425.52	371.56	-155.13 10
104	350	323	152	104	225	163	-1.94	-73.49	-1.40	15795.07	-45.74	4296.09	-431.54	374.13	-162.88 10
105	350	323	152	104	224	163	-2.03	-73.40	-1.42	15789.91	-49.65	4324.28	-443.71	367.32	-166.18 10
104	350	323	151	105	224	164	-2.18	-73.30	-1.48	15786.22	-67.77	4349.07	-445.28	362.86	-174.52 10
104	350	323	152	105	225	164	-2.16	-73.24	-1.48	15780.71	-66.38	4379.81	-439.96	348.11	-192.65 10
104	350	323	152	105	224	164	-1.74	-73.25	-1.40	15772.27	-45.66	4385.22	-431.51	332.66	-204.86 10
104	350	323	152	105	225	163	-1.69	-73.28	-1.38	15763.06	-40.38	4391.96	-446.14	316.72	-208.67 10
104	350	323	152	104	224	163	-1.75	-73.28	-1.42	15756.30	-49.76	4401.56	-444.88	306.04	-216.34 10
104	350	323	152	104	224	163	-1.65	-73.23	-1.40	15753.69	-43.67	4425.09	-431.84	297.54	-226.57 10
104	350	323	152	105	224	164	-1.42	-73.19	-1.36	15740.41	-32.09	4442.43	-424.75	286.31	-235.49 10
104	350	323	152	105	224	163	-1.25	-73.21	-1.31	15735.98	-19.89	4460.11	-432.06	267.69	-242.02 10
104	350	323	152	104	224	163	-1.25	-73.21	-1.29	15736.58	-15.89	4469.31	-444.11	255.76	-241.92 10
104	350	323	152	105	225	163	-2.08	-73.00	-1.49	15740.76	-68.70	4510.24	-456.70	251.97	-248.82 10
104	350	323	152	104	225	163	-2.96	-72.75	-1.76	15737.12	-140.86	4577.73	-437.32	227.02	-291.28 10
104	350	323	152	104	224	163	-2.79	-72.73	-1.75	15739.86	-137.22	4637.44	-413.35	164.92	-352.12 10
104	350	324	152	105	225	162	-1.94	-73.11	-1.53	15750.67	-78.76	4634.97	-458.88	67.38	-400.86 10
104	350	323	152	105	225	162	-1.22	-73.73	-1.38	15763.73	-38.02	4574.02	-507.64	-20.09	-432.32 10
104	350	324	152	104	225	163	0.17	-74.28	-1.19	15761.95	12.08	4482.52	-499.06	-59.99	-457.90 10
104	350	323	153	105	224	163	1.46	-74.62	-1.00	15772.25	64.28	4409.79	-486.95	-59.74	-472.36 10
104	350	324	152	104	223	163	1.66	-74.75	-0.94	15761.64	79.06	4366.70	-497.76	-44.30	-488.74 10
105	350	323	152	105	225	163	1.64	-74.86	-0.91	15764.16	88.71	4328.97	-530.82	-30.74	-515.30 10
104	350	323	152	105	225	163	1.63	-74.82	-0.85	15763.15	104.47	4303.72	-556.33	5.75	-535.49 10
104	349	324	153	105	224	163	2.41	-74.62	-0.67	15742.59	153.65	4309.53	-563.76	40.66	-550.56 10
