89	521	277	130	84	228	165	-15.01	-62.95	-9.21	14386.83	-1946.17	7131.53	62.16	-71.85	-230.80
89	521	277	130	85	227	165	-15.01	-62.97	-9.20	14382.48	-1943.06	7129.35	54.95	-80.46	-229.71
89	521	277	130	84	227	165	-14.94	-63.08	-9.16	14383.36	-1933.51	7117.08	60.00	-92.54	-222.68
89	521	278	131	85	228	165	-14.91	-63.14	-9.13	14383.19	-1925.63	7103.43	55.50	-97.76	-204.79
89	521	278	130	84	228	165	-14.98	-63.21	-9.13	14386.03	-1925.75	7082.46	54.43	-94.62	-183.05
89	521	278	131	85	228	165	-15.09	-63.19	-9.15	14389.93	-1930.86	7069.54	56.41	-79.14	-164.15
89	521	278	131	85	228	166	-15.29	-63.18	-9.18	14391.63	-1938.12	7060.86	48.94	-62.29	-148.94
90	521	278	130	85	228	165	-15.50	-63.11	-9.20	14396.25	-1946.81	7059.42	39.99	-39.97	-141.00
90	521	278	131	85	229	165	-15.53	-63.03	-9.22	14397.84	-1949.67	7061.25	36.39	-19.82	-137.05
89	521	278	131	85	227	166	-15.62	-62.96	-9.24	14407.95	-1956.59	7062.98	20.67	1.42	-128.39
89	521	278	131	85	227	165	-15.63	-62.86	-9.27	14408.35	-1963.96	7076.43	19.14	12.05	-124.42
90	521	276	130	85	228	166	-15.63	-62.82	-9.24	14414.53	-1957.16	7085.61	4.28	17.15	-117.65
90	521	278	131	84	228	165	-15.75	-62.79	-9.28	14413.80	-1968.30	7095.33	-5.23	16.04	-113.42
90	521	278	130	85	227	165	-15.86	-62.71	-9.34	14414.91	-1982.89	7111.16	-19.47	12.79	-112.60
90	521	278	131	85	228	166	-16.00	-62.68	-9.43	14411.97	-2004.34	7125.41	-32.35	2.75	-118.27
90	521	277	131	85	228	165	-15.95	-62.73	-9.41	14412.97	-1999.13	7133.74	-38.58	-10.09	-126.61
90	521	279	131	85	227	165	-15.85	-62.79	-9.35	14413.12	-1986.37	7127.05	-52.75	-12.19	-127.68
90	521	278	131	85	228	165	-15.76	-62.81	-9.30	14413.66	-1973.85	7120.30	-62.41	-4.78	-124.44
90	521	279	131	85	227	165	-15.70	-62.73	-9.30	14401.98	-1971.56	7124.08	-63.84	5.76	-116.97
90	521	278	131	85	228	165	-15.74	-62.67	-9.32	14392.48	-1975.18	7126.28	-62.85	14.52	-108.77
89	521	278	132	85	225	165	-15.73	-62.63	-9.34	14393.45	-1978.42	7129.76	-56.41	22.10	-99.13
90	521	279	132	85	228	165	-15.80	-62.60	-9.35	14393.98	-1982.30	7129.87	-66.29	33.39	-85.73
90	521	279	131	84	228	165	-15.95	-62.57	-9.44	14398.28	-2005.79	7129.58	-65.32	42.77	-80.29
90	521	279	131	85	228	165	-16.12	-62.51	-9.51	14396.37	-2022.30	7131.70	-68.36	48.78	-80.73
90	521	279	131	85	227	166	-16.12	-62.50	-9.53	14400.75	-2028.58	7131.72	-62.99	54.25	-86.29
90	520	278	132	86	227	165	-16.04	-62.47	-9.51	14391.51	-2022.35	7130.53	-61.29	62.68	-92.77
90	521	279	131	85	228	165	-15.85	-62.46	-9.44	14384.94	-2002.44	7125.20	-64.58	74.65	-95.79
90	521	280	131	85	226	165	-15.62	-62.48	-9.35	14372.89	-1978.31	7120.14	-66.00	82.72	-94.40
90	521	279	131	85	227	165	-15.53	-62.51	-9.29	14374.45	-1963.80	7109.14	-70.85	93.48	-78.43
90	521	280	131	85	227	166	-15.46	-62.43	-9.29	14375.72	-1963.21	7109.08	-61.55	111.81	-60.16
89	520	280	131	85	227	165	-15.37	-62.37	-9.27	14376.14	-1960.85	7118.03	-49.13	122.12	-41.70
90	521	280	131	85	228	165	-15.29	-62.35	-9.25	14383.13	-1954.01	7120.52	-49.07	132.26	-22.76
90	521	280	132	85	228	166	-15.34	-62.24	-9.29	14379.77	-1963.90	7137.90	-46.97	141.25	-7.27
89	520	280	131	86	227	166	-15.32	-62.16	-9.31	14386.18	-1970.11	7151.20	-38.22	147.94	2.34
90	520	279	132	85	227	165	-15.34	-62.14	-9.32	14397.67	-1975.00	7162.64	-31.51	153.84	10.77
90	521	279	131	86	227	166	-15.33	-62.11	-9.33	14406.39	-1980.85	7181.11	-18.58	149.15	19.58
90	521	279	131	85	227	166	-15.31	-62.12	-9.33	14408.07	-1978.41	7189.26	-18.00	138.29	27.35
89	521	279	130	86	228	165	-15.39	-62.18	-9.35	14412.67	-1986.89	7190.79	-14.10	120.57	31.14
90	520	280	132	86	228	165	-15.36	-62.27	-9.34	14415.63	-1983.55	7179.45	-4.95	115.85	30.53
90	521	280	131	86	227	165	-15.36	-62.30	-9.34	14414.65	-1984.97	7168.68	-4.80	116.35	32.80
90	520	280	131	86	228	166	-15.40	-62.34	-9.36	14414.32	-1988.32	7161.05	-0.01	117.94	33.26
90	521	280	131	85	227	165	-15.33	-62.37	-9.34	14408.20	-1982.30	7147.59	12.74	127.64	34.75
91	521	280	131	85	228	165	-15.34	-62.39	-9.33	14398.99	-1978.79	7144.21	-1.10	131.61	42.21
90	521	279	132	85	227	165	-15.52	-62.39	-9.38	14402.64	-1990.65	7135.00	-5.79	140.73	51.25
91	521	279	131	86	227	166	-15.53	-62.33	-9.38	14404.71	-1992.32	7132.05	-0.45	157.34	58.34
90	520	279	131	86	227	164	-15.55	-62.30	-9.41	14400.28	-1999.90	7131.05	-7.13	167.57	65.77
90	521	280	132	85	227	165	-15.68	-62.25	-9.47	14402.66	-2014.11	7136.30	-9.92	183.04	71.13
90	520	280	132	86	228	166	-15.76	-62.14	-9.48	14408.53	-2017.40	7134.28	-23.93	216.44	79.78
90	520	280	131	86	228	165	-15.90	-61.95	-9.52	14403.50	-2027.73	7147.37	-44.48	245.22	86.49
90	520	280	132	85	227	166	-15.92	-61.85	-9.55	14397.53	-2034.94	7158.20	-42.61	262.26	86.11
90	520	280	131	86	226	165	-15.78	-61.82	-9.51	14387.05	-2022.00	7166.09	-45.08	261.50	83.51
90	520	280	132	86	227	165	-15.76	-61.77	-9.52	14381.90	-2023.50	7183.18	-48.72	254.52	86.63
90	521	280	131	86	228	166	-15.60	-61.75	-9.48	14376.60	-2013.72	7205.42	-51.69	240.35	92.75
90	520	281	131	86	227	166	-15.63	-61.73	-9.49	14378.57	-2015.04	7223.55	-68.30	227.08	107.61
90	520	279	132	86	226	166	-15.69	-61.77	-9.52	14379.84	-2023.68	7232.98	-67.39	205.07	114.68
90	520	281	132	86	226	165	-15.67	-61.87	-9.51	14374.05	-2018.30	7224.93	-72.32	189.22	121.10
90	520	281	132	86	227	166	-15.80	-61.90	-9.52	14373.55	-2021.18	7219.08	-91.10	186.36	133.14
90	520	281	132	86	225	166	-15.96	-61.93	-9.56	14371.47	-2031.93	7201.33	-88.30	196.79	138.44
90	520	280	132	86	226	165	-16.10	-61.93	-9.59	14371.50	-2039.73	7185.06	-83.88	219.85	142.86
90	520	282	131	86	228	166	-16.23	-61.83	-9.67	14373.32	-2058.14	7187.61	-71.14	242.21	145.62
90	520	281	132	85	227	165	-16.34	-61.65	-9.76	14372.66	-2083.04	7208.43	-48.38	260.60	142.69
90	520	281	132	86	226	166	-16.36	-61.49	-9.84	14368.62	-2100.28	7235.20	-29.51	267.12	139.71
90	520	281	132	86	228	166	-16.39	-61.40	-9.91	14354.19	-2115.27	7260.64	-24.09	252.76	133.97
90	520	281	132	86	226	165	-16.51	-61.38	-9.98	14345.48	-2131.31	7275.41	-28.18	231.67	131.92
90	520	280	131	86	227	165	-16.58	-61.49	-9.99	14337.21	-2134.94	7280.04	-42.47	195.34	132.53
90	520	281	132	86	227	166	-16.73	-61.62	-10.04	14333.35	-2146.39	7273.64	-48.80	163.57	131.55
91	520	282	132	86	226	165	-16.68	-61.76	-10.00	14326.28	-2134.27	7264.56	-44.01	140.70	125.52
91	520	281	132	86	227	166	-16.70	-61.85	-10.00	14319.96	-2132.96	7251.53	-49.56	127.11	126.90
90	520	281	131	86	228	166	-16.74	-61.93	-9.99	14314.57	-2130.51	7236.55	-60.58	119.81	133.35
91	520	282	132	86	227	166	-16.87	-61.90	-10.05	14310.24	-2144.59	7235.53	-61.00	120.86	141.28
90	520	282	132	86	227	166	-16.94	-61.83	-10.09	14306.93	-2154.76	7239.35	-66.10	129.67	150.32
91	520	282	132	86	227	165	-16.99	-61.74	-10.13	14305.98	-2163.82	7251.58	-67.10	137.79	157.05
90	520	281	132	86	227	165	-16.99	-61.66	-10.16	14309.88	-2171.03	7258.80	-61.34	145.20	161.35
91	520	281	131	86	226	165	-17.10	-61.55	-10.22	14313.59	-2187.28	7277.46	-61.17	154.04	162.43
90	520	280	132	86	227	165	-17.14	-61.48	-10.27	14317.11	-2200.11	7292.79	-51.92	156.34	156.66
90	520	281	132	86	227	166	-17.15	-61.39	-10.31	14318.25	-2211.31	7315.75	-51.12	155.77	151.38
90	520	281	132	86	226	166	-17.09	-61.36	-10.33	14320.14	-2217.54	7337.36	-33.56	146.68	138.41
90	520	281	132	87	227	166	-17.02	-61.37	-10.34	14329.93	-2221.26	7353.69	-20.34	132.15	132.09
90	520	282	132	86	227	166	-17.12	-61.39	-10.39	14336.23	-2235.00	7369.21	-14.77	115.99	122.03
90	520	281	132	86	227	166	-17.16	-61.37	-10.44	14339.82	-2247.05	7378.55	-2.33	107.14	109.93
90	520	282	132	86	227	166	-17.24	-61.37	-10.51	14335.03	-2264.70	7393.22	7.04	83.53	93.84
90	520	282	133	86	227	166	-17.29	-61.44	-10.55	14334.28	-2274.46	7397.56	20.78	59.91	72.99
90	520	282	133	87	227	165	-17.10	-61.58	-10.50	14331.37	-2260.54	7388.08	29.94	41.41	56.89
90	520	282	132	86	228	166	-17.11	-61.79	-10.48	14328.20	-2256.31	7366.68	27.80	19.49	44.30
90	520	282	133	85	226	166	-17.02	-61.95	-10.44	14332.19	-2246.70	7338.74	41.61	15.32	33.49
91	519	282	132	86	226	165	-16.91	-62.02	-10.38	14324.98	-2230.36	7325.81	47.78	10.40	26.01
90	520	282	132	87	226	166	-16.98	-62.02	-10.40	14325.13	-2236.64	7320.52	54.69	12.63	23.06
90	520	282	133	85	226	165	-16.97	-61.95	-10.42	14320.87	-2238.41	7325.29	58.90	17.65	18.86
90	520	281	132	86	227	165	-17.01	-61.91	-10.44	14319.23	-2244.69	7326.63	64.61	16.97	12.31
89	520	282	132	86	227	165	-17.06	-61.96	-10.44	14324.47	-2245.26	7317.69	55.73	14.97	7.80
91	520	281	133	86	227	166	-17.21	-61.97	-10.47	14327.84	-2253.59	7300.21	44.49	22.97	10.11
90	520	282	132	86	226	165	-17.43	-61.78	-10.56	14328.65	-2276.52	7315.60	39.57	49.42	8.70
91	519	282	133	87	226	166	-17.53	-61.57	-10.70	14328.42	-2312.89	7348.62	64.04	57.25	-9.78
91	519	282	132	86	227	166	-17.44	-61.58	-10.69	14326.40	-2309.44	7376.19	59.14	29.19	-43.94
91	519	282	132	87	226	166	-17.31	-61.84	-10.58	14334.68	-2282.97	7363.18	33.48	-15.22	-72.65
91	520	283	133	86	226	166	-17.08	-62.19	-10.43	14346.94	-2247.22	7325.82	17.11	-50.86	-93.91
90	519	282	132	86	225	165	-16.70	-62.49	-10.23	14345.00	-2196.26	7272.13	8.80	-69.72	-109.47
91	519	282	133	86	227	165	-16.32	-62.73	-10.06	14350.75	-2154.05	7229.32	20.36	-71.43	-109.54
90	519	282	132	86	227	166	-16.09	-62.70	-10.00	14338.01	-2135.95	7211.85	36.89	-53.71	-100.92
91	519	282	132	87	227	167	-16.08	-62.59	-9.98	14332.51	-2130.55	7213.46	40.25	-38.97	-84.67
91	519	282	133	86	226	166	-16.26	-62.47	-10.08	14330.28	-2155.02	7228.39	43.94	-36.08	-73.14
90	519	282	133	87	227	166	-16.42	-62.41	-10.14	14330.97	-2170.07	7238.57	35.14	-39.97	-65.28
91	520	282	132	86	226	166	-16.64	-62.50	-10.16	14351.42	-2178.77	7222.04	20.43	-36.32	-52.37
90	519	282	132	87	226	166	-16.78	-62.46	-10.17	14368.25	-2185.83	7211.74	4.76	-6.81	-34.90
90	519	282	133	87	227	166	-16.95	-62.41	-10.22	14361.84	-2195.74	7199.35	-4.73	7.48	-34.30
91	519	283	133	87	226	166	-16.87	-62.42	-10.19	14364.95	-2188.55	7188.98	-0.69	19.26	-40.19
91	519	284	133	87	226	165	-16.64	-62.48	-10.08	14365.90	-2162.92	7176.13	-1.81	23.90	-44.98
91	519	284	132	87	226	166	-16.58	-62.50	-10.02	14365.40	-2145.58	7162.53	-21.72	39.25	-40.63
90	518	283	133	87	227	166	-16.69	-62.38	-10.06	14359.73	-2156.90	7171.00	-28.78	53.29	-36.85
90	519	282	133	86	225	166	-16.69	-62.32	-10.07	14363.95	-2159.85	7183.25	-28.24	57.42	-39.31
91	519	283	132	87	226	166	-16.85	-62.27	-10.11	14372.75	-2171.66	7189.09	-34.48	56.00	-38.54
91	519	283	133	87	226	166	-16.88	-62.21	-10.14	14370.51	-2176.08	7200.03	-38.51	57.30	-41.21
90	519	283	133	87	226	166	-16.97	-62.24	-10.17	14358.19	-2183.87	7202.43	-45.98	47.54	-49.40
91	519	284	133	87	226	167	-17.04	-62.24	-10.20	14355.88	-2189.28	7214.91	-49.53	33.56	-62.73
90	519	283	133	87	226	166	-17.15	-62.30	-10.23	14363.68	-2200.22	7211.76	-53.15	20.58	-76.90
91	520	282	133	86	227	166	-17.27	-62.42	-10.24	14375.30	-2203.40	7196.78	-57.70	17.80	-86.40
91	520	284	133	86	227	167	-17.33	-62.51	-10.24	14377.33	-2204.63	7167.74	-51.31	22.16	-97.33
90	519	283	132	86	226	165	-17.13	-62.67	-10.14	14381.87	-2179.80	7137.15	-45.05	20.51	-108.91
90	519	283	132	86	226	167	-16.98	-62.82	-10.02	14391.37	-2151.81	7111.49	-55.49	19.63	-109.57
91	519	283	133	87	226	166	-17.03	-62.82	-10.03	14388.20	-2152.82	7101.12	-56.27	27.65	-107.49
90	520	284	133	87	226	165	-17.22	-62.79	-10.07	14396.79	-2163.18	7097.06	-62.06	33.82	-110.77
90	519	283	132	87	226	166	-17.38	-62.76	-10.12	14402.75	-2177.42	7102.81	-61.35	31.68	-130.58
90	520	283	132	87	227	166	-17.44	-62.77	-10.10	14409.42	-2175.15	7099.07	-76.74	41.39	-144.90
90	519	283	133	86	226	166	-17.49	-62.73	-10.10	14416.54	-2175.19	7104.12	-100.30	39.57	-165.30
90	519	284	133	86	226	165	-17.36	-62.75	-10.06	14420.52	-2166.63	7108.11	-109.68	36.29	-193.39
90	519	284	133	87	226	166	-17.16	-62.74	-9.99	14419.69	-2149.90	7108.10	-105.60	36.78	-207.37
90	519	283	132	86	227	166	-16.94	-62.71	-9.92	14424.71	-2131.81	7106.10	-96.52	52.54	-217.65
90	519	282	133	86	227	166	-16.74	-62.64	-9.87	14414.87	-2115.42	7106.19	-89.04	68.11	-228.72
90	519	282	133	87	226	166	-16.50	-62.66	-9.76	14412.13	-2088.44	7105.48	-94.54	77.06	-232.98
89	519	282	133	87	227	166	-16.40	-62.68	-9.77	14411.72	-2090.22	7098.41	-51.41	78.75	-231.13
88	519	282	133	87	227	165	-16.14	-62.67	-9.75	14408.54	-2084.71	7090.69	7.86	90.82	-239.88
87	519	280	133	87	228	164	-15.89	-62.64	-9.69	14420.51	-2071.88	7078.35	73.26	122.73	-248.73
86	519	280	133	86	227	164	-15.46	-62.50	-9.67	14404.88	-2064.08	7094.04	166.15	137.99	-254.25
87	519	279	133	86	226	163	-14.95	-62.46	-9.55	14397.24	-2034.28	7115.93	222.04	130.89	-258.68
86	519	278	134	87	227	162	-14.54	-62.48	-9.44	14395.78	-2004.96	7137.54	245.44	105.75	-270.40
86	518	278	134	86	227	161	-14.22	-62.54	-9.26	14414.19	-1962.72	7142.26	240.22	100.61	-269.83
85	519	278	134	86	228	161	-14.07	-62.54	-9.18	14418.48	-1942.58	7142.35	236.36	112.58	-267.34
85	518	276	134	86	226	161	-13.73	-62.54	-9.05	14405.76	-1909.05	7151.83	265.64	91.80	-282.97
85	519	276	134	86	227	160	-13.12	-62.73	-8.85	14412.47	-1859.40	7161.04	284.26	58.76	-288.32
85	519	276	134	86	227	160	-12.91	-62.83	-8.72	14432.64	-1830.83	7169.59	263.29	49.12	-271.41
85	519	276	135	86	227	159	-12.82	-62.83	-8.70	14433.41	-1823.09	7172.71	282.93	52.61	-250.64
85	519	275	134	86	227	159	-12.47	-62.83	-8.59	14426.54	-1795.73	7173.07	315.13	51.78	-241.20
85	518	273	134	86	226	159	-12.22	-62.90	-8.48	14423.21	-1768.95	7174.42	310.23	29.89	-239.14
85	519	274	134	85	227	159	-12.25	-62.94	-8.48	14434.25	-1768.30	7176.30	317.02	21.05	-230.69
85	519	274	134	84	226	159	-11.97	-62.95	-8.44	14430.34	-1758.68	7185.28	354.51	16.75	-221.40
85	518	274	135	85	227	159	-11.76	-63.01	-8.39	14426.02	-1746.55	7188.62	393.99	-7.49	-220.53
85	519	272	134	85	226	158	-11.31	-63.20	-8.25	14430.52	-1710.42	7186.19	410.94	-33.82	-226.51
85	519	271	134	84	226	157	-11.14	-63.33	-8.15	14435.19	-1687.70	7166.28	421.89	-41.22	-208.08
85	519	271	134	85	227	158	-10.98	-63.43	-8.08	14431.63	-1669.92	7153.16	440.55	-45.96	-192.43
85	519	271	135	85	227	158	-10.75	-63.55	-7.93	14439.65	-1633.62	7133.50	428.72	-49.62	-184.11
85	519	270	134	84	226	158	-10.67	-63.60	-7.88	14439.67	-1619.14	7123.83	430.08	-50.68	-174.35
85	519	270	134	85	226	157	-10.52	-63.70	-7.76	14445.09	-1590.38	7112.64	410.58	-62.75	-168.18
85	519	268	134	83	227	157	-10.68	-63.70	-7.74	14447.43	-1584.06	7102.81	378.90	-53.91	-146.82
85	519	268	134	84	227	157	-10.59	-63.71	-7.68	14441.46	-1569.26	7097.87	374.16	-53.37	-130.78
85	520	268	134	84	226	157	-10.42	-63.79	-7.57	14442.39	-1543.00	7089.77	362.10	-63.90	-112.09
84	520	267	134	84	226	158	-10.37	-63.83	-7.49	14451.67	-1523.85	7080.68	332.69	-69.50	-95.49
84	520	267	133	83	227	158	-10.43	-63.89	-7.46	14466.28	-1516.45	7090.65	303.56	-89.53	-84.26
84	521	266	134	84	227	157	-10.50	-63.98	-7.40	14483.17	-1505.83	7080.32	285.18	-97.40	-66.40
84	521	266	133	83	227	157	-10.51	-64.04	-7.37	14484.41	-1498.74	7064.30	285.42	-98.18	-50.08
83	520	265	133	84	226	158	-10.48	-64.12	-7.34	14482.19	-1490.40	7056.88	279.70	-120.32	-39.43
83	520	264	133	84	227	158	-10.52	-64.31	-7.29	14483.08	-1477.68	7055.84	234.47	-164.61	-41.46
83	521	265	134	84	227	158	-10.89	-64.50	-7.33	14505.33	-1490.00	7034.65	197.79	-190.03	-36.08
82	520	263	134	84	227	158	-11.03	-64.59	-7.33	14517.26	-1491.70	7015.12	194.65	-191.78	-29.03
83	521	263	133	84	227	158	-10.87	-64.69	-7.24	14516.80	-1469.91	7007.56	192.67	-213.04	-30.13
81	521	263	133	83	227	159	-10.92	-64.86	-7.21	14532.56	-1462.42	6988.18	176.99	-234.58	-17.82
81	521	264	134	84	227	158	-11.06	-64.93	-7.19	14545.33	-1461.90	6970.77	175.59	-230.21	-1.53
82	521	263	133	84	227	158	-10.94	-64.93	-7.15	14555.46	-1450.80	6953.03	182.61	-223.44	11.60
81	521	261	133	84	227	159	-10.87	-64.97	-7.11	14555.69	-1440.06	6939.18	182.48	-215.77	24.82
81	521	262	134	84	228	159	-10.86	-65.07	-7.09	14566.71	-1437.46	6928.02	187.75	-222.83	31.78
81	521	261	133	84	228	159	-10.91	-65.10	-7.08	14580.97	-1436.99	6913.82	187.42	-217.84	44.14
81	521	261	134	84	228	159	-11.11	-65.04	-7.14	14587.72	-1452.74	6909.33	190.70	-204.65	53.78
81	521	261	133	84	229	159	-10.97	-65.14	-7.08	14599.54	-1438.90	6884.66	192.61	-196.52	61.59
81	521	260	133	82	228	159	-11.21	-65.15	-7.11	14610.56	-1448.15	6866.43	176.43	-181.04	68.21
80	521	261	133	83	227	159	-11.41	-65.07	-7.17	14604.63	-1462.75	6867.91	170.51	-175.14	59.85
81	521	260	133	84	228	159	-11.35	-65.18	-7.13	14617.40	-1455.61	6855.31	176.13	-188.33	58.31
81	521	259	133	84	229	160	-11.44	-65.22	-7.11	14622.53	-1450.83	6839.95	152.58	-189.02	56.29
81	521	260	133	84	227	160	-11.33	-65.32	-7.05	14635.20	-1436.09	6807.95	131.85	-181.62	55.28
81	521	259	133	83	225	160	-11.47	-65.38	-7.06	14633.64	-1437.08	6785.95	113.76	-170.13	63.86
81	521	258	132	84	228	160	-11.68	-65.39	-7.08	14639.96	-1444.43	6774.25	97.62	-162.73	63.12
81	521	260	133	84	228	160	-11.76	-65.36	-7.08	14656.96	-1446.01	6766.34	102.49	-146.89	60.77
82	521	260	133	84	227	160	-11.85	-65.35	-7.13	14666.51	-1459.51	6767.22	117.46	-141.40	65.53
81	521	258	132	84	227	160	-11.98	-65.34	-7.14	14670.59	-1463.73	6764.46	108.19	-133.83	69.85
81	521	260	133	84	227	160	-12.19	-65.42	-7.19	14678.06	-1477.35	6753.44	94.53	-149.19	60.46
81	521	259	133	84	228	160	-12.30	-65.49	-7.19	14693.75	-1479.08	6730.17	90.30	-143.48	61.69
82	520	259	132	84	228	161	-12.06	-65.56	-7.11	14696.67	-1459.52	6703.86	105.59	-133.90	68.80
82	521	259	132	83	228	161	-11.91	-65.64	-7.04	14697.03	-1442.35	6683.27	101.86	-133.41	76.41
82	520	259	133	84	227	161	-11.92	-65.68	-7.00	14706.98	-1430.43	6670.30	88.97	-127.04	79.99
81	521	259	132	84	228	161	-11.97	-65.56	-6.99	14719.03	-1431.11	6672.19	80.07	-109.44	85.44
82	520	259	133	84	228	161	-12.09	-65.48	-7.04	14716.68	-1444.15	6680.38	81.61	-104.41	85.07
81	520	257	132	83	228	161	-11.87	-65.60	-6.97	14730.25	-1426.35	6673.56	87.43	-122.34	76.47
81	520	257	132	84	228	162	-11.95	-65.59	-6.98	14749.33	-1431.83	6661.48	78.01	-104.83	79.39
81	520	257	132	84	228	161	-12.05	-65.58	-7.02	14744.07	-1441.24	6652.41	82.61	-88.38	73.62
81	521	256	132	84	227	161	-11.94	-65.60	-7.00	14735.26	-1436.78	6638.39	88.68	-87.22	67.44
81	521	256	132	83	228	162	-11.95	-65.66	-6.96	14745.30	-1427.94	6626.67	88.70	-86.15	63.92
81	521	255	132	84	228	162	-12.00	-65.62	-6.93	14758.43	-1421.94	6612.93	70.01	-58.50	70.77
81	520	255	130	84	228	162	-12.31	-65.39	-7.06	14740.71	-1451.44	6621.09	61.11	-34.37	75.28
81	521	256	131	84	228	162	-12.25	-65.35	-7.07	14728.68	-1451.67	6635.23	66.81	-48.65	61.42
81	520	256	131	84	228	161	-12.30	-65.51	-7.05	14752.64	-1450.69	6620.47	57.77	-62.32	59.20
81	521	257	131	84	228	162	-12.34	-65.48	-7.05	14758.41	-1450.95	6612.45	50.63	-38.65	61.94
81	521	257	131	84	228	161	-12.28	-65.49	-7.02	14759.29	-1444.41	6617.03	41.95	-46.47	55.54
81	521	257	131	84	227	162	-12.39	-65.54	-7.05	14759.92	-1451.58	6619.97	42.20	-63.80	54.97
80	521	255	131	84	228	162	-12.24	-65.65	-7.00	14775.93	-1440.81	6610.97	44.24	-72.66	57.87
81	521	257	131	84	228	161	-12.44	-65.63	-7.04	14786.93	-1451.97	6596.83	33.93	-47.53	65.62
81	521	256	132	84	228	162	-12.77	-65.54	-7.15	14777.38	-1479.97	6595.38	35.68	-27.60	64.74
81	520	256	131	84	229	162	-12.85	-65.57	-7.17	14785.92	-1484.77	6578.62	39.85	-16.72	55.11
81	521	255	131	84	228	163	-12.89	-65.52	-7.15	14791.02	-1481.93	6576.88	17.10	8.97	46.85
80	521	256	131	84	227	162	-13.14	-65.39	-7.21	14786.87	-1494.03	6579.64	-23.40	36.97	34.71
81	521	255	131	84	227	162	-13.17	-65.32	-7.23	14785.33	-1501.73	6589.86	-19.58	47.52	19.37
80	521	256	132	84	228	162	-13.03	-65.29	-7.25	14768.06	-1502.85	6599.37	2.05	36.39	10.20
80	521	257	131	84	228	162	-12.75	-65.43	-7.14	14785.66	-1478.10	6584.80	1.20	30.27	12.59
80	521	255	131	84	227	162	-12.81	-65.41	-7.14	14779.77	-1477.00	6583.76	-8.81	43.11	13.41
80	521	255	130	83	228	162	-12.84	-65.41	-7.13	14784.38	-1475.55	6580.37	-20.67	41.01	9.74
80	521	255	131	84	227	163	-13.22	-65.48	-7.28	14831.30	-1519.00	6581.66	-15.65	41.04	-14.27
80	521	255	130	83	228	163	-13.17	-65.50	-7.26	14833.13	-1513.65	6573.38	-21.96	52.03	-12.01
80	521	254	130	84	227	162	-13.16	-65.48	-7.28	14820.48	-1517.77	6578.31	-27.72	52.08	-17.61
80	521	254	130	84	227	162	-13.15	-65.54	-7.27	14826.65	-1515.68	6571.00	-27.33	45.23	-23.18
79	521	254	130	84	228	162	-13.08	-65.60	-7.24	14828.92	-1509.30	6556.05	-20.96	48.37	-21.02
79	521	254	131	84	228	162	-13.03	-65.58	-7.24	14822.67	-1508.43	6546.25	-7.07	61.35	-15.97
80	521	252	130	84	229	161	-13.06	-65.58	-7.30	14815.74	-1522.41	6548.93	12.74	52.53	-23.12
79	521	252	129	84	228	161	-12.75	-65.65	-7.19	14828.35	-1494.89	6536.09	11.75	47.25	-22.51
79	521	250	128	83	228	162	-12.79	-65.46	-7.21	14836.14	-1502.95	6576.68	-1.64	51.44	-7.34
78	521	248	127	83	229	162	-12.84	-65.46	-7.24	14848.33	-1512.40	6554.25	8.44	74.92	-4.12
78	521	248	127	84	228	162	-12.73	-65.43	-7.18	14850.31	-1495.18	6544.74	-3.43	98.12	4.29
78	521	249	127	85	228	162	-12.94	-65.31	-7.24	14845.60	-1510.42	6545.70	-5.91	121.97	13.12
78	521	249	127	83	228	161	-12.79	-65.19	-7.24	14827.32	-1508.30	6566.01	12.19	121.77	4.76
78	521	249	127	84	227	162	-12.76	-65.25	-7.22	14827.15	-1504.08	6579.91	10.93	91.83	-7.27
78	521	248	128	84	227	161	-12.84	-65.29	-7.25	14825.79	-1510.68	6585.92	5.88	67.79	-13.01
78	521	250	127	84	229	161	-12.86	-65.39	-7.24	14832.50	-1509.95	6576.22	4.59	53.60	-12.81
77	521	250	128	84	227	161	-12.93	-65.45	-7.27	14822.68	-1515.45	6573.01	9.46	41.02	-17.12
77	521	250	128	85	227	161	-12.92	-65.51	-7.28	14809.94	-1515.48	6573.76	13.59	14.67	-38.66
78	521	249	128	84	228	161	-12.74	-65.67	-7.20	14827.65	-1499.50	6561.67	14.61	-6.71	-55.73
78	522	249	128	84	228	162	-12.68	-65.77	-7.15	14839.26	-1487.33	6538.59	2.13	1.52	-55.44
77	522	250	128	84	228	161	-12.62	-65.74	-7.12	14835.10	-1479.96	6535.46	-0.83	10.49	-63.92
77	521	250	128	82	228	161	-12.46	-65.75	-7.07	14825.95	-1463.56	6536.69	-8.44	4.27	-72.53
77	522	252	128	85	228	161	-12.42	-65.82	-7.02	14837.45	-1454.98	6542.65	-3.87	-15.19	-75.90
76	522	249	128	86	228	161	-12.44	-65.79	-7.05	14848.78	-1461.04	6548.72	7.48	-12.18	-69.85
77	522	250	127	85	227	161	-12.55	-65.72	-7.11	14846.94	-1476.58	6557.28	23.75	-8.57	-72.36
76	522	250	128	85	228	161	-12.39	-65.77	-7.07	14851.39	-1468.55	6561.22	41.42	-22.95	-75.54
77	521	251	128	85	228	160	-12.33	-65.86	-7.04	14860.42	-1460.73	6554.56	38.80	-32.40	-80.37
77	521	252	128	86	228	161	-12.47	-65.92	-7.04	14864.00	-1460.09	6544.43	21.06	-32.73	-82.20
76	521	251	128	86	228	160	-12.53	-66.02	-7.02	14868.60	-1456.89	6522.01	27.20	-31.49	-88.09
76	522	252	128	86	229	160	-12.43	-66.06	-6.99	14867.57	-1449.44	6501.31	42.24	-24.62	-91.98
77	522	251	128	84	228	160	-12.24	-66.11	-6.94	14859.59	-1436.77	6480.84	67.48	-15.74	-98.93
76	521	253	128	86	228	160	-12.02	-66.14	-6.87	14865.41	-1418.53	6461.80	82.21	5.25	-99.84
76	522	252	128	86	229	160	-11.98	-66.05	-6.82	14864.54	-1405.40	6457.51	70.50	39.19	-88.95
76	521	251	129	86	228	160	-11.97	-65.93	-6.84	14854.51	-1408.13	6462.43	84.07	61.73	-84.30
77	521	252	129	86	227	161	-11.71	-65.85	-6.77	14848.39	-1390.73	6469.31	88.92	75.84	-79.38
77	521	252	129	86	227	160	-11.58	-65.84	-6.74	14860.37	-1385.59	6470.05	103.27	87.05	-73.06
77	521	251	129	86	228	161	-11.37	-65.69	-6.71	14850.75	-1375.31	6481.54	137.31	109.90	-64.61
77	522	252	129	86	228	161	-11.05	-65.63	-6.64	14835.61	-1354.55	6489.67	157.64	111.60	-60.68
78	522	252	129	87	227	162	-11.03	-65.71	-6.62	14841.43	-1351.82	6497.18	150.86	84.62	-58.95
78	521	252	129	86	228	162	-11.13	-65.73	-6.64	14850.36	-1356.23	6501.72	145.52	89.34	-54.85
79	522	252	129	86	228	161	-10.96	-65.75	-6.57	14853.64	-1339.02	6493.24	145.99	97.87	-47.26
79	522	251	129	87	228	162	-11.00	-65.73	-6.57	14845.96	-1338.07	6491.78	136.34	102.88	-41.19
79	522	252	129	86	228	163	-10.93	-65.74	-6.52	14841.86	-1324.76	6490.19	118.72	109.64	-42.33
79	522	252	129	86	228	162	-10.91	-65.76	-6.50	14841.77	-1320.52	6486.28	119.64	107.25	-33.02
79	522	251	129	86	227	162	-10.87	-65.73	-6.48	14845.28	-1316.10	6492.76	115.56	109.09	-29.92
80	522	251	129	87	227	162	-10.89	-65.75	-6.47	14846.01	-1313.49	6495.93	102.93	100.39	-28.67
79	521	252	129	87	228	162	-11.04	-65.77	-6.50	14849.71	-1321.42	6489.93	86.28	98.47	-26.44
79	522	251	129	86	228	161	-11.02	-65.78	-6.51	14847.03	-1322.95	6490.63	83.97	93.64	-27.72
80	522	252	129	86	228	162	-11.03	-65.85	-6.48	14842.08	-1315.00	6485.90	69.87	76.96	-31.98
80	522	250	130	87	227	162	-11.13	-65.90	-6.49	14839.97	-1317.85	6479.01	62.33	66.61	-36.03
79	522	252	130	86	228	163	-11.06	-65.97	-6.45	14842.37	-1306.56	6465.66	56.66	67.63	-32.18
79	522	252	130	87	229	163	-11.08	-66.01	-6.43	14837.85	-1301.43	6450.97	47.98	70.30	-21.02
80	522	251	129	86	228	162	-11.14	-66.02	-6.43	14830.16	-1302.76	6447.02	41.73	66.19	-22.57
80	522	252	130	87	227	163	-11.13	-66.04	-6.39	14827.85	-1291.82	6445.47	21.59	66.43	-21.29
80	522	251	130	87	226	163	-11.09	-66.02	-6.38	14822.26	-1288.83	6449.60	13.51	63.36	-18.88
79	522	252	128	86	229	162	-11.18	-66.02	-6.39	14814.95	-1289.79	6455.12	1.74	50.84	-13.48
80	522	251	129	86	228	163	-11.13	-66.04	-6.38	14815.00	-1286.50	6453.36	15.50	37.65	-4.86
80	522	250	130	86	228	163	-11.00	-66.08	-6.33	14820.25	-1274.17	6455.29	12.67	28.81	3.48
80	522	250	129	87	229	163	-11.08	-66.12	-6.33	14834.44	-1276.46	6450.73	-1.81	31.27	13.16
79	522	249	128	86	227	163	-11.21	-66.13	-6.33	14852.12	-1277.44	6443.99	-30.82	43.71	27.40
79	522	249	129	87	228	163	-11.41	-66.05	-6.38	14867.11	-1292.77	6430.59	-22.73	88.62	44.93
79	522	251	128	87	228	163	-11.30	-65.85	-6.39	14834.35	-1292.53	6445.86	-2.44	104.44	38.89
79	522	251	128	87	229	163	-11.23	-65.89	-6.37	14839.64	-1287.90	6457.37	-2.77	81.27	29.29
79	522	251	129	87	229	163	-11.32	-65.91	-6.40	14852.65	-1294.11	6463.90	-18.73	77.01	29.18
79	522	250	128	87	228	163	-11.34	-65.91	-6.41	14841.62	-1296.60	6467.31	-26.29	60.26	29.47
79	522	249	129	87	228	164	-11.33	-66.02	-6.38	14844.34	-1290.77	6460.14	-40.68	38.64	27.69
79	523	251	128	87	229	163	-11.51	-66.08	-6.43	14859.32	-1304.23	6462.13	-56.45	18.26	21.16
79	523	250	128	87	229	162	-11.49	-66.15	-6.40	14884.76	-1300.02	6458.03	-61.97	16.95	23.05
79	523	249	128	87	229	163	-11.62	-66.11	-6.43	14870.52	-1304.42	6454.92	-69.57	17.90	24.00
79	523	249	128	87	228	163	-11.53	-66.20	-6.42	14870.79	-1303.40	6443.18	-53.70	6.16	16.65
79	523	249	127	86	228	163	-11.45	-66.25	-6.37	14876.25	-1291.63	6433.62	-54.66	9.35	22.92
79	523	248	128	85	228	163	-11.50	-66.26	-6.39	14887.64	-1296.25	6420.94	-36.78	32.38	27.22
79	523	249	128	86	228	163	-11.33	-66.13	-6.35	14871.06	-1286.64	6417.49	-20.64	67.96	28.11
80	523	250	128	87	228	163	-11.37	-66.12	-6.35	14860.50	-1284.50	6406.22	-17.41	80.76	32.55
79	523	248	128	86	228	164	-11.32	-66.10	-6.35	14860.48	-1283.08	6402.51	0.26	91.83	39.23
79	523	248	128	87	228	164	-11.38	-65.95	-6.37	14857.25	-1288.13	6414.58	-1.50	110.18	51.12
79	523	248	128	87	228	163	-11.47	-65.90	-6.41	14851.19	-1297.32	6416.85	0.68	113.43	61.51
80	523	248	128	87	228	163	-11.40	-65.87	-6.39	14853.63	-1293.65	6423.21	19.94	126.90	68.28
80	524	249	128	87	228	162	-11.15	-65.78	-6.35	14847.35	-1283.37	6433.25	45.79	142.56	76.17
80	524	248	127	86	228	162	-10.93	-65.67	-6.30	14849.78	-1269.40	6435.19	64.80	171.93	95.56
80	524	249	128	86	227	162	-10.81	-65.49	-6.32	14835.09	-1272.13	6456.63	97.11	187.98	113.73
80	524	250	128	86	228	161	-10.53	-65.47	-6.26	14819.34	-1256.73	6485.40	124.16	159.94	121.20
80	524	249	128	86	228	162	-10.58	-65.56	-6.27	14837.17	-1260.89	6498.53	129.10	121.24	134.29
80	524	250	127	87	228	161	-10.76	-65.49	-6.34	14840.11	-1278.84	6507.00	134.35	124.48	160.32
79	524	249	127	86	228	162	-10.75	-65.50	-6.36	14822.91	-1281.50	6517.05	162.83	105.75	163.81
79	524	248	128	87	228	162	-10.64	-65.71	-6.33	14835.96	-1274.03	6500.40	180.94	77.96	168.32
80	524	249	127	86	228	162	-10.63	-65.80	-6.32	14844.56	-1273.53	6469.18	191.94	82.77	178.40
80	524	249	128	87	228	162	-10.50	-65.86	-6.29	14848.93	-1266.85	6454.32	223.09	87.58	183.83
79	525	250	128	87	229	162	-10.32	-65.87	-6.24	14848.09	-1253.71	6442.20	252.64	101.45	194.44
80	524	248	127	86	228	162	-10.16	-65.92	-6.20	14847.28	-1243.42	6430.69	272.11	102.23	208.57
79	524	248	128	87	227	162	-10.27	-65.95	-6.25	14853.12	-1256.05	6421.16	293.40	114.62	227.09
80	524	250	128	87	228	163	-10.45	-65.84	-6.34	14851.66	-1279.25	6425.90	318.68	130.68	240.73
80	524	250	128	87	228	162	-10.69	-65.78	-6.42	14848.88	-1301.29	6431.00	331.40	134.15	252.25
79	524	250	127	86	229	163	-11.05	-65.76	-6.55	14850.63	-1334.82	6430.45	339.88	133.74	253.88
80	524	249	128	87	228	162	-11.26	-65.77	-6.60	14846.30	-1347.88	6428.93	339.28	128.41	252.94
79	524	249	127	87	229	163	-11.41	-65.83	-6.64	14839.59	-1356.29	6413.28	326.32	118.54	251.39
80	524	250	128	87	229	163	-11.70	-65.83	-6.72	14839.21	-1376.67	6404.42	318.95	117.16	248.62
80	524	250	127	87	229	163	-11.58	-65.76	-6.70	14835.85	-1371.84	6397.20	333.41	132.60	245.89
79	524	249	127	87	227	163	-11.44	-65.69	-6.65	14839.85	-1359.05	6397.14	323.69	154.32	249.30
80	525	251	128	87	228	163	-11.46	-65.58	-6.66	14829.26	-1360.69	6409.88	314.75	175.65	249.53
80	523	251	128	87	227	163	-11.35	-65.50	-6.63	14831.00	-1352.86	6422.79	306.41	187.57	253.26
80	524	251	128	86	228	163	-11.43	-65.37	-6.68	14824.65	-1365.42	6442.85	299.99	196.89	258.29
79	524	252	128	87	228	163	-11.38	-65.31	-6.70	14824.22	-1368.35	6460.31	305.84	196.65	258.63
80	524	251	128	87	228	163	-11.34	-65.27	-6.70	14821.80	-1368.33	6468.89	301.20	191.27	262.55
80	524	251	128	87	227	164	-11.29	-65.27	-6.71	14817.91	-1370.31	6477.85	310.44	180.90	265.57
81	524	252	128	86	228	163	-11.24	-65.37	-6.67	14825.62	-1362.40	6475.55	310.02	167.91	272.94
81	524	251	128	88	229	164	-11.13	-65.40	-6.67	14827.74	-1361.68	6459.17	318.67	183.76	287.44
80	524	250	128	88	227	164	-11.30	-65.39	-6.75	14813.55	-1380.79	6458.02	329.88	180.22	291.72
80	524	250	128	88	229	164	-11.40	-65.35	-6.78	14812.47	-1389.95	6450.71	343.09	189.91	292.89
80	524	252	128	87	228	163	-11.32	-65.30	-6.78	14806.25	-1387.65	6451.18	346.09	197.92	290.14
81	524	251	128	87	228	164	-11.46	-65.20	-6.84	14799.74	-1402.07	6454.82	333.73	212.17	297.88
80	524	251	128	88	228	164	-11.62	-65.19	-6.88	14792.35	-1411.97	6462.08	315.99	204.71	293.54
81	524	251	128	88	227	164	-11.70	-65.18	-6.91	14790.13	-1420.17	6464.77	300.70	209.08	298.96
81	524	251	128	87	226	163	-11.88	-65.14	-6.95	14796.22	-1429.36	6467.34	275.81	222.07	312.12
80	524	252	129	88	227	164	-12.16	-65.01	-7.04	14784.61	-1452.49	6484.77	265.82	228.27	305.61
82	524	252	128	88	227	164	-12.21	-64.95	-7.08	14789.98	-1462.87	6497.53	269.93	234.01	296.93
81	524	251	128	87	227	163	-12.14	-64.85	-7.08	14793.48	-1464.13	6510.65	279.33	249.76	293.63
81	524	251	128	87	228	164	-12.20	-64.76	-7.12	14782.61	-1472.92	6532.72	270.57	252.72	292.45
81	524	252	129	88	227	164	-12.35	-64.69	-7.20	14775.48	-1491.47	6554.68	263.44	240.18	291.38
82	524	251	128	87	228	164	-12.29	-64.71	-7.19	14774.30	-1488.50	6572.55	260.17	222.67	285.41
81	525	252	129	88	229	164	-12.54	-64.75	-7.25	14785.79	-1506.87	6575.72	242.46	211.49	278.64
82	525	251	129	87	228	164	-12.64	-64.68	-7.32	14780.30	-1523.93	6582.34	241.83	220.47	266.36
81	524	251	129	88	227	164	-12.67	-64.66	-7.34	14774.68	-1528.13	6598.42	231.64	206.49	253.99
81	525	250	129	88	229	164	-12.70	-64.67	-7.35	14773.15	-1530.53	6613.70	220.06	192.72	238.24
81	524	252	129	87	228	164	-12.64	-64.67	-7.34	14775.49	-1528.80	6620.01	221.11	189.13	221.88
81	524	250	129	88	228	164	-12.56	-64.64	-7.30	14757.32	-1514.56	6625.41	211.45	188.52	214.88
81	525	252	129	88	228	164	-12.56	-64.72	-7.27	14760.85	-1508.83	6626.14	196.38	168.95	210.49
82	525	252	129	87	227	165	-12.63	-64.70	-7.31	14756.81	-1516.19	6627.84	200.31	164.55	209.02
81	525	252	129	88	228	164	-12.61	-64.70	-7.29	14751.77	-1511.78	6637.04	185.30	153.32	208.66
81	524	253	129	87	229	164	-12.92	-64.77	-7.39	14753.58	-1537.39	6627.19	176.73	135.06	207.78
82	525	253	129	88	226	164	-12.98	-64.80	-7.42	14754.50	-1546.72	6629.23	178.69	128.10	201.04
82	525	252	130	88	227	164	-13.07	-64.83	-7.45	14753.37	-1554.19	6624.17	174.66	125.15	193.04
81	525	252	129	88	228	164	-13.14	-64.85	-7.50	14753.11	-1566.48	6618.96	177.03	124.69	183.19
82	525	252	129	87	228	164	-13.10	-64.88	-7.48	14754.85	-1560.95	6614.21	168.92	125.21	174.18
82	525	253	130	88	227	164	-12.97	-64.94	-7.42	14754.11	-1545.91	6603.70	158.38	123.75	171.22
82	525	252	129	87	227	164	-13.07	-64.89	-7.45	14745.60	-1552.21	6612.92	137.26	122.11	167.26
82	525	252	129	87	227	163	-13.20	-64.87	-7.49	14752.72	-1561.60	6623.27	128.85	120.55	164.85
82	525	252	129	87	228	164	-13.09	-64.85	-7.47	14747.89	-1556.72	6631.31	131.25	124.73	162.00
83	525	252	129	88	228	164	-13.07	-64.85	-7.46	14746.09	-1555.08	6634.14	118.79	115.79	161.30
83	525	252	129	88	228	164	-13.16	-64.91	-7.49	14752.99	-1561.53	6630.24	114.90	112.40	159.99
82	525	252	129	88	228	165	-13.12	-64.89	-7.47	14747.74	-1557.85	6632.32	116.36	119.73	157.04
82	525	253	130	88	227	163	-13.25	-64.85	-7.54	14741.35	-1573.76	6636.31	114.04	121.99	151.19
83	525	252	129	88	228	165	-13.28	-64.83	-7.57	14735.88	-1581.07	6644.29	120.99	113.04	139.88
83	525	253	130	88	227	164	-13.21	-64.88	-7.55	14732.29	-1576.22	6648.08	121.24	96.94	134.28
83	525	252	129	87	228	164	-13.27	-64.95	-7.54	14739.87	-1574.81	6644.07	102.13	92.09	139.47
83	525	253	129	87	227	165	-13.45	-64.94	-7.60	14744.48	-1589.67	6633.67	102.17	104.29	143.55
84	525	253	129	88	227	164	-13.42	-64.94	-7.60	14744.86	-1589.78	6627.19	123.56	116.78	139.32
83	525	252	128	88	228	165	-13.44	-64.86	-7.61	14744.21	-1593.49	6634.83	114.13	128.24	141.45
84	525	254	130	88	227	164	-13.59	-64.80	-7.69	14738.00	-1612.02	6651.49	101.53	120.33	133.23
84	525	252	130	88	226	165	-13.63	-64.83	-7.71	14747.10	-1618.02	6649.71	86.20	116.86	127.57
84	525	252	130	88	227	164	-13.69	-64.79	-7.73	14746.54	-1623.72	6658.43	77.89	116.57	121.64
84	525	251	130	87	228	165	-13.68	-64.81	-7.73	14748.02	-1623.53	6658.90	74.15	110.44	109.06
83	525	252	129	88	227	164	-13.63	-64.85	-7.70	14754.02	-1617.56	6660.76	71.24	102.77	99.51
84	525	252	129	88	228	164	-13.50	-64.85	-7.66	14753.72	-1607.68	6660.32	81.53	100.53	91.78
84	525	252	129	88	227	164	-13.34	-64.88	-7.60	14746.43	-1591.09	6657.50	73.20	94.00	92.29
84	526	252	129	88	227	164	-13.55	-64.91	-7.62	14738.31	-1595.14	6657.03	43.54	83.55	99.58
86	525	254	129	88	227	164	-13.85	-64.94	-7.69	14741.59	-1613.18	6654.38	20.81	72.87	102.25
86	524	253	129	88	227	164	-14.01	-64.97	-7.73	14740.51	-1622.72	6648.66	7.02	72.68	104.39
86	525	254	129	88	227	164	-14.11	-64.98	-7.75	14742.69	-1628.99	6631.83	8.57	88.30	99.77
87	525	252	129	89	226	165	-14.04	-64.89	-7.77	14725.35	-1630.74	6635.23	10.64	96.33	96.58
87	526	253	129	89	227	164	-14.02	-64.89	-7.79	14726.29	-1637.00	6637.87	15.41	87.61	95.45
87	525	252	128	89	227	164	-14.06	-64.83	-7.80	14727.57	-1640.75	6645.18	5.34	88.13	101.88
88	525	253	128	88	227	165	-14.13	-64.80	-7.82	14723.59	-1643.51	6652.92	-15.93	84.88	105.13
89	525	253	128	89	228	166	-14.36	-64.84	-7.87	14722.21	-1656.54	6650.87	-32.53	74.13	104.43
88	526	253	128	88	227	165	-14.34	-64.87	-7.86	14728.10	-1655.91	6650.13	-34.90	71.88	103.65
89	526	254	128	88	227	165	-14.45	-64.81	-7.93	14725.90	-1671.71	6659.42	-29.26	69.08	106.47
90	526	253	127	88	227	166	-14.38	-64.84	-7.94	14719.60	-1673.33	6663.05	-18.60	52.58	98.65
89	526	253	127	88	228	165	-14.26	-64.93	-7.90	14720.62	-1663.46	6666.50	-27.02	25.70	91.67
89	526	254	127	89	228	165	-14.39	-64.99	-7.92	14727.19	-1670.09	6661.37	-43.97	18.66	93.33
90	526	253	127	89	228	165	-14.30	-65.02	-7.90	14728.03	-1663.98	6658.31	-39.02	14.48	94.47
90	526	253	126	88	227	165	-14.33	-65.05	-7.92	14736.43	-1669.79	6652.79	-28.12	14.26	92.59
89	525	253	126	88	228	165	-14.36	-65.08	-7.93	14736.81	-1673.10	6639.15	-17.11	21.14	93.11
89	525	253	126	88	227	166	-14.47	-65.07	-7.96	14733.37	-1680.04	6645.59	-28.55	22.44	86.06
90	526	254	126	88	228	165	-14.51	-65.06	-7.96	14735.90	-1681.84	6634.11	-32.83	29.02	89.40
90	526	254	127	89	227	165	-14.57	-65.12	-7.96	14749.30	-1683.55	6621.41	-34.74	33.86	94.83
90	526	252	127	88	227	166	-14.71	-65.01	-8.03	14749.04	-1700.97	6622.14	-31.90	52.47	100.49
90	526	252	128	89	228	166	-14.38	-65.00	-7.94	14742.19	-1676.72	6624.63	-29.85	55.15	95.12
90	526	252	127	88	228	165	-14.51	-65.01	-7.96	14752.48	-1684.69	6611.20	-56.31	62.44	99.61
90	526	252	127	88	228	166	-14.62	-64.93	-8.02	14754.65	-1700.45	6609.24	-57.25	83.47	105.88
90	526	251	127	88	228	166	-14.71	-64.91	-8.06	14746.92	-1707.03	6607.18	-63.13	85.09	100.94
90	526	251	127	88	227	166	-14.80	-64.88	-8.11	14750.97	-1721.28	6608.22	-44.63	89.89	97.59
90	526	252	128	86	226	166	-14.55	-64.91	-8.05	14752.63	-1707.61	6610.01	-19.55	86.45	95.76
90	526	251	127	88	228	165	-14.58	-64.89	-8.07	14744.79	-1711.23	6620.31	-26.42	75.17	98.37
90	526	252	128	89	227	166	-14.73	-64.88	-8.15	14742.15	-1730.87	6629.49	-14.35	58.76	92.60
90	526	252	128	88	227	165	-14.64	-64.95	-8.12	14745.85	-1724.33	6626.22	-8.93	48.08	97.72
91	526	251	128	89	227	166	-14.79	-64.98	-8.16	14742.55	-1732.31	6620.91	-14.48	35.92	100.04
90	526	251	128	88	227	166	-14.84	-65.07	-8.17	14749.43	-1737.90	6608.46	6.19	32.63	90.09
90	526	250	128	89	228	166	-14.62	-65.08	-8.13	14748.95	-1725.40	6607.44	26.68	34.65	80.98
91	526	251	128	88	228	166	-14.45	-65.12	-8.09	14750.91	-1715.53	6598.86	29.65	38.81	86.08
91	526	251	129	89	228	166	-14.55	-65.15	-8.13	14746.56	-1726.95	6594.72	42.11	29.62	86.33
91	526	252	128	89	227	166	-14.58	-65.16	-8.15	14748.63	-1731.81	6587.98	56.96	34.29	84.16
91	526	252	128	88	227	166	-14.60	-65.13	-8.16	14751.00	-1734.42	6588.79	58.21	42.58	90.10
91	526	252	128	88	227	166	-14.68	-65.12	-8.20	14753.45	-1745.29	6593.55	66.45	45.95	90.60
90	526	251	128	88	228	166	-14.68	-65.09	-8.21	14745.58	-1747.43	6596.07	73.43	44.15	90.42
91	526	252	129	89	226	164	-14.56	-65.20	-8.17	14749.30	-1737.26	6586.07	83.51	30.09	90.90
91	526	251	126	87	228	166	-14.64	-65.24	-8.19	14753.23	-1743.60	6583.56	89.53	28.39	93.30
91	526	252	128	89	227	166	-14.47	-65.21	-8.17	14754.97	-1736.82	6586.98	115.10	36.22	94.04
91	526	252	128	88	227	166	-14.32	-65.23	-8.12	14755.42	-1724.17	6584.03	117.45	36.26	95.44
90	526	251	126	89	228	166	-14.46	-65.27	-8.15	14757.25	-1732.37	6576.23	115.03	31.64	103.16
91	526	252	128	89	228	166	-14.55	-65.26	-8.15	14758.59	-1733.15	6567.42	104.08	36.71	106.36
91	526	251	128	89	229	166	-14.56	-65.25	-8.17	14755.46	-1737.29	6559.25	110.82	42.08	111.69
91	526	252	128	89	227	166	-14.59	-65.27	-8.18	14754.89	-1741.43	6555.09	120.48	45.27	111.90
91	526	252	128	89	227	166	-14.59	-65.26	-8.19	14753.14	-1743.95	6543.53	128.76	49.11	109.41
91	526	253	128	89	227	165	-14.53	-65.30	-8.17	14758.89	-1737.36	6537.16	130.52	50.30	108.49
91	526	252	128	89	227	164	-14.47	-65.30	-8.14	14758.14	-1731.69	6535.50	129.69	50.74	113.51
91	526	253	128	89	228	166	-14.59	-65.27	-8.17	14764.43	-1739.50	6526.32	132.26	56.70	119.74
91	526	252	128	89	227	166	-14.50	-65.25	-8.16	14757.81	-1734.53	6530.41	137.10	60.47	119.10
91	526	252	128	89	226	166	-14.61	-65.22	-8.16	14761.32	-1736.80	6536.49	129.34	63.39	118.90
90	526	252	128	89	228	166	-14.58	-65.21	-8.17	14758.86	-1738.56	6539.46	138.17	60.62	111.55
91	526	253	128	90	228	165	-14.58	-65.25	-8.15	14758.71	-1733.83	6533.09	128.66	59.24	113.42
91	526	253	129	89	227	166	-14.69	-65.30	-8.19	14762.38	-1743.34	6527.83	122.43	56.13	116.80
91	526	252	128	89	227	165	-14.84	-65.27	-8.27	14761.86	-1763.38	6531.04	134.36	58.87	117.81
91	526	252	128	89	227	166	-14.79	-65.34	-8.23	14766.96	-1754.61	6524.29	140.44	60.03	117.27
90	526	252	128	89	229	166	-15.05	-65.35	-8.30	14769.82	-1772.88	6512.08	126.12	63.78	120.31
90	526	253	128	89	227	166	-15.15	-65.38	-8.32	14772.72	-1778.43	6494.87	129.76	74.54	113.54
90	526	253	128	89	228	165	-15.35	-65.42	-8.35	14767.89	-1786.71	6489.53	114.23	74.91	111.67
90	526	253	128	89	228	166	-15.90	-65.47	-8.45	14779.49	-1813.78	6464.85	78.81	79.47	103.53
90	526	252	128	88	227	166	-16.42	-65.44	-8.57	14785.32	-1845.09	6442.61	53.22	99.34	79.61
90	526	252	129	89	227	166	-16.73	-65.43	-8.63	14799.65	-1861.63	6428.68	21.21	122.83	49.68
89	526	253	129	89	228	166	-17.25	-65.40	-8.70	14812.67	-1882.75	6407.24	-48.95	153.89	23.49
90	526	252	128	89	228	166	-18.23	-65.23	-8.94	14811.64	-1945.81	6398.68	-138.70	183.49	-9.73
89	526	252	128	89	227	166	-19.03	-65.03	-9.18	14819.65	-2009.92	6396.55	-187.67	212.17	-85.85
89	526	252	128	89	228	166	-18.86	-64.88	-9.15	14801.07	-1998.83	6413.52	-219.13	241.66	-172.35
88	526	253	129	89	227	165	-18.30	-64.73	-8.93	14785.02	-1939.68	6442.64	-279.88	266.18	-235.44
88	526	252	128	89	227	165	-17.81	-64.64	-8.73	14767.17	-1884.50	6466.91	-343.53	272.12	-277.11
89	526	253	128	89	227	165	-17.24	-64.56	-8.51	14767.41	-1827.48	6484.77	-386.66	283.91	-297.36
89	526	253	129	89	227	165	-16.85	-64.45	-8.35	14757.64	-1783.90	6505.33	-434.92	304.42	-300.49
89	526	253	128	89	228	165	-16.64	-64.32	-8.28	14744.96	-1763.31	6537.06	-469.93	312.29	-305.17
89	526	254	128	89	228	164	-16.56	-64.27	-8.22	14742.31	-1748.94	6549.81	-511.18	318.18	-305.86
89	526	253	128	89	227	165	-16.81	-64.12	-8.31	14747.79	-1772.49	6574.32	-537.32	330.12	-319.72
89	526	253	128	89	226	164	-16.82	-63.95	-8.35	14749.00	-1783.07	6599.60	-537.66	350.86	-345.43
89	526	253	128	89	227	165	-16.62	-63.78	-8.31	14739.55	-1772.92	6633.82	-542.92	358.12	-369.56
89	525	255	128	89	227	164	-16.44	-63.75	-8.25	14739.77	-1755.27	6654.13	-568.93	355.57	-383.33
89	526	254	128	89	227	165	-16.36	-63.76	-8.21	14742.19	-1746.71	6664.02	-585.88	351.29	-389.36
89	526	253	128	90	227	164	-16.08	-63.76	-8.12	14740.48	-1723.57	6672.82	-590.04	351.17	-396.30
89	525	254	129	89	227	165	-15.94	-63.75	-8.09	14733.85	-1713.99	6687.38	-595.13	340.51	-396.13
89	526	253	129	89	226	165	-15.77	-63.75	-8.06	14724.96	-1704.89	6700.81	-585.18	327.69	-400.47
89	526	253	129	89	227	165	-15.72	-63.81	-8.03	14724.91	-1696.25	6701.97	-599.72	316.20	-398.20
89	526	254	128	89	227	165	-15.88	-63.82	-8.07	14722.07	-1707.84	6706.07	-606.18	310.99	-397.99
89	526	254	129	89	227	165	-15.79	-63.78	-8.06	14719.16	-1703.64	6713.17	-598.32	310.84	-407.79
88	526	255	129	89	227	165	-15.74	-63.75	-8.06	14713.61	-1703.06	6715.11	-598.56	306.00	-416.60
88	526	253	129	89	227	165	-15.71	-63.70	-8.08	14707.72	-1707.91	6716.16	-595.28	309.65	-424.72
89	526	253	129	89	227	164	-15.59	-63.65	-8.06	14699.74	-1701.71	6726.15	-587.37	310.62	-435.29
89	526	254	129	90	228	165	-15.51	-63.60	-8.04	14688.15	-1695.83	6741.44	-586.85	315.24	-444.27
89	526	255	129	88	227	164	-15.24	-63.62	-7.95	14679.14	-1669.24	6746.77	-596.60	306.93	-451.11
89	526	255	129	89	227	164	-15.25	-63.66	-7.88	14672.59	-1650.17	6749.63	-629.67	303.08	-450.10
89	525	254	129	89	226	164	-15.10	-63.63	-7.84	14664.36	-1640.47	6753.15	-635.14	306.73	-450.60
88	525	253	129	89	226	164	-14.91	-63.66	-7.75	14659.74	-1617.84	6752.09	-642.58	312.34	-451.92
89	526	254	129	90	227	164	-14.89	-63.62	-7.75	14657.55	-1616.15	6755.09	-637.95	321.37	-445.72
89	525	255	129	89	227	164	-14.74	-63.56	-7.71	14661.67	-1607.74	6760.73	-615.81	339.55	-440.94
90	525	253	129	90	227	164	-14.73	-63.45	-7.71	14654.59	-1606.36	6784.69	-614.27	354.33	-432.39
89	525	254	129	89	227	164	-14.82	-63.35	-7.78	14650.06	-1624.24	6806.26	-614.25	356.41	-434.42
89	525	254	129	89	225	164	-14.76	-63.27	-7.81	14655.36	-1632.43	6824.15	-596.44	357.89	-440.15
89	525	255	129	89	226	163	-14.55	-63.20	-7.75	14653.99	-1617.80	6843.54	-588.72	356.95	-448.64
89	525	254	129	89	226	163	-14.39	-63.16	-7.71	14651.09	-1606.11	6861.36	-584.98	355.35	-454.41
89	525	254	129	89	227	164	-14.18	-63.11	-7.67	14643.54	-1593.21	6879.29	-582.93	350.78	-465.74
89	525	255	129	89	227	163	-13.94	-63.11	-7.60	14637.16	-1574.95	6885.73	-564.74	340.69	-475.35
89	525	255	129	90	227	163	-13.55	-63.16	-7.48	14633.70	-1545.00	6893.84	-550.05	327.31	-477.83
89	525	255	129	89	227	163	-13.39	-63.18	-7.42	14630.42	-1528.15	6899.35	-533.80	314.14	-470.29
89	525	254	129	90	227	164	-13.08	-63.20	-7.35	14626.50	-1510.14	6904.98	-501.16	312.58	-465.98
89	525	255	129	89	226	163	-12.82	-63.19	-7.25	14612.97	-1482.24	6917.33	-489.25	301.51	-457.38
89	525	256	129	90	226	163	-12.75	-63.27	-7.18	14603.12	-1465.92	6910.87	-496.44	285.13	-441.11
89	525	255	129	90	226	163	-12.69	-63.37	-7.13	14600.96	-1452.23	6903.52	-510.17	273.87	-423.10
89	525	255	129	90	226	163	-12.71	-63.41	-7.13	14596.92	-1451.62	6892.55	-500.76	277.33	-409.70
89	525	255	129	89	226	163	-12.68	-63.39	-7.15	14590.87	-1455.24	6886.92	-466.52	287.66	-404.31
89	525	255	129	90	226	163	-12.44	-63.37	-7.08	14586.93	-1438.47	6884.37	-443.94	299.93	-394.60
89	525	255	129	89	226	164	-12.46	-63.30	-7.09	14577.38	-1437.95	6889.95	-442.95	308.48	-384.17
89	525	256	129	90	226	163	-12.56	-63.19	-7.14	14576.31	-1450.25	6909.86	-439.15	316.46	-374.36
89	525	256	129	89	227	163	-12.46	-63.11	-7.12	14577.89	-1445.54	6925.96	-426.34	324.09	-371.19
89	525	255	129	89	227	163	-12.52	-63.06	-7.14	14583.20	-1452.86	6941.07	-425.07	324.48	-362.68
89	525	255	129	90	226	163	-12.45	-63.01	-7.14	14581.44	-1452.22	6954.61	-407.22	323.36	-363.15
89	525	255	129	89	226	163	-12.25	-63.02	-7.10	14581.97	-1440.81	6972.48	-389.76	306.04	-357.79
89	525	255	129	89	226	163	-12.17	-63.07	-7.07	14576.67	-1433.37	6974.26	-382.22	293.19	-349.10
89	525	256	128	90	226	163	-12.14	-63.09	-7.04	14572.43	-1425.70	6979.54	-387.36	283.23	-336.60
89	525	255	129	90	226	163	-12.24	-63.13	-7.08	14572.21	-1434.01	6989.57	-386.89	263.42	-332.92
90	525	256	129	90	225	162	-12.05	-63.17	-7.01	14566.00	-1417.71	6987.29	-371.25	252.50	-334.42
90	524	256	129	89	225	163	-11.92	-63.24	-6.96	14562.70	-1403.03	6980.52	-369.44	249.17	-326.30
89	525	257	129	90	226	163	-11.97	-63.20	-6.98	14566.37	-1409.28	6983.70	-359.91	255.21	-318.83
89	525	256	129	89	226	163	-11.86	-63.16	-6.94	14554.65	-1397.81	6991.71	-353.67	256.85	-313.49
90	525	256	128	89	226	162	-11.80	-63.15	-6.92	14551.51	-1393.72	7010.73	-347.23	242.76	-304.77
89	525	256	129	89	227	162	-11.70	-63.15	-6.89	14549.14	-1384.44	7017.59	-342.72	232.12	-296.93
89	525	257	129	90	227	162	-11.61	-63.14	-6.87	14546.68	-1380.01	7024.71	-345.34	222.57	-287.83
89	525	256	128	89	225	162	-11.65	-63.17	-6.89	14546.15	-1385.61	7021.08	-340.62	213.39	-283.59
89	525	256	128	89	225	163	-11.51	-63.17	-6.84	14547.24	-1372.53	7019.62	-331.79	209.42	-276.81
88	524	257	128	89	225	163	-11.39	-63.20	-6.80	14544.88	-1362.11	7013.64	-320.45	206.00	-267.32
88	524	256	128	89	226	162	-11.26	-63.18	-6.77	14540.23	-1353.60	7008.56	-305.58	206.35	-264.01
88	524	257	128	89	225	162	-11.04	-63.16	-6.69	14538.42	-1333.32	7008.53	-304.50	210.73	-254.71
87	525	256	128	89	225	163	-11.01	-63.14	-6.65	14538.30	-1324.45	7022.90	-307.92	215.89	-241.42
88	524	257	128	88	226	163	-10.97	-63.08	-6.64	14525.79	-1319.43	7031.76	-299.13	217.50	-233.00
87	525	256	128	89	226	163	-10.81	-63.12	-6.58	14529.10	-1303.06	7033.17	-287.27	208.82	-218.90
88	524	257	128	89	225	164	-10.79	-63.09	-6.56	14527.44	-1300.71	7039.91	-278.26	210.13	-198.20
88	524	256	129	89	225	163	-10.84	-63.04	-6.59	14527.87	-1306.27	7044.52	-271.14	218.03	-178.44
88	524	256	129	90	226	163	-10.63	-62.98	-6.54	14521.48	-1294.96	7061.09	-253.44	220.32	-167.92
89	524	257	128	89	226	163	-10.62	-62.94	-6.55	14514.00	-1294.81	7072.43	-260.57	224.26	-153.38
88	524	257	128	89	225	163	-10.55	-62.94	-6.54	14515.90	-1293.47	7084.21	-243.29	223.55	-141.01
89	524	256	129	89	225	162	-10.33	-62.95	-6.48	14513.11	-1277.80	7084.00	-226.72	219.37	-125.61
90	524	256	128	90	224	163	-10.30	-62.99	-6.45	14524.05	-1272.71	7073.60	-223.49	231.35	-105.48
90	524	257	128	90	226	162	-10.44	-62.96	-6.51	14513.25	-1285.27	7082.92	-216.16	242.63	-82.50
89	524	258	128	89	226	161	-10.58	-62.87	-6.55	14509.18	-1295.81	7098.18	-217.05	244.20	-68.58
90	524	257	128	90	225	161	-10.71	-62.84	-6.61	14505.93	-1310.62	7113.47	-214.40	230.84	-62.35
90	524	258	128	89	224	162	-10.80	-62.88	-6.66	14492.83	-1319.69	7123.59	-220.43	199.70	-64.43
91	524	258	128	90	225	161	-10.85	-62.99	-6.68	14498.39	-1326.10	7126.81	-213.66	169.46	-64.86
91	524	258	128	89	225	161	-10.70	-63.08	-6.62	14498.47	-1312.20	7114.07	-204.63	160.59	-59.72
91	524	259	128	90	225	162	-10.59	-63.10	-6.58	14492.34	-1300.19	7107.17	-200.25	163.31	-48.43
92	524	258	128	91	224	162	-10.61	-63.10	-6.58	14492.33	-1301.78	7107.41	-196.48	161.90	-40.11
91	524	259	128	89	226	162	-10.59	-63.10	-6.59	14487.71	-1302.09	7114.24	-183.46	156.20	-31.40
92	524	259	128	88	225	162	-10.69	-63.09	-6.62	14490.32	-1311.78	7118.33	-177.99	149.09	-19.68
92	524	259	128	89	225	163	-10.76	-63.08	-6.69	14488.21	-1328.60	7137.21	-160.89	131.29	-15.15
92	524	259	128	90	224	162	-10.78	-63.09	-6.71	14488.80	-1333.37	7146.55	-153.64	115.52	-13.34
93	523	259	128	90	225	162	-10.81	-63.15	-6.72	14499.96	-1336.30	7140.62	-143.06	106.85	-7.07
93	523	259	127	89	225	162	-10.69	-63.17	-6.71	14500.76	-1333.68	7146.59	-115.06	103.90	-1.07
94	523	258	128	89	226	162	-10.69	-63.22	-6.70	14505.32	-1331.80	7140.86	-93.15	103.11	7.18
93	523	260	128	89	225	162	-10.68	-63.19	-6.71	14504.85	-1335.81	7135.22	-74.15	108.60	18.22
93	523	259	127	89	226	162	-10.68	-63.18	-6.69	14499.01	-1329.82	7136.46	-69.39	107.57	23.31
93	523	259	128	90	225	162	-10.67	-63.09	-6.72	14494.06	-1335.33	7155.04	-59.77	103.39	29.05
93	523	260	128	90	226	163	-10.51	-63.14	-6.69	14492.36	-1328.36	7157.08	-35.13	88.37	31.39
93	522	260	128	90	226	163	-10.53	-63.23	-6.71	14501.14	-1333.14	7151.63	-21.02	70.91	39.57
93	523	260	128	90	225	163	-10.62	-63.32	-6.74	14509.28	-1342.29	7136.25	-6.12	66.56	54.50
94	522	261	127	89	226	163	-10.74	-63.29	-6.82	14509.62	-1362.77	7126.04	28.33	78.93	67.82
93	522	260	127	89	225	162	-10.61	-63.28	-6.82	14501.14	-1361.23	7120.93	61.47	82.99	73.23
93	522	260	128	88	226	163	-10.51	-63.30	-6.83	14496.28	-1362.57	7123.89	93.99	69.29	82.67
92	522	260	128	87	227	164	-10.43	-63.31	-6.84	14496.87	-1366.24	7119.09	131.39	65.67	89.74
92	522	260	127	88	226	164	-10.16	-63.36	-6.75	14490.42	-1342.93	7117.54	149.02	71.09	102.35
92	521	261	128	89	225	164	-10.08	-63.41	-6.75	14481.30	-1341.78	7115.26	169.52	57.63	112.93
93	522	260	127	88	226	164	-10.11	-63.40	-6.77	14483.44	-1347.29	7115.90	180.60	55.90	119.08
92	522	260	127	89	226	164	-10.16	-63.43	-6.79	14486.06	-1351.93	7109.90	180.62	54.36	128.28
91	521	262	127	87	226	163	-10.38	-63.46	-6.85	14489.16	-1368.53	7108.61	183.24	47.09	133.72
91	522	260	127	89	226	165	-10.39	-63.51	-6.86	14491.50	-1371.71	7098.58	193.47	46.08	132.08
91	522	261	127	87	226	163	-10.38	-63.53	-6.86	14501.13	-1371.32	7087.25	188.35	47.38	128.73
92	521	260	127	88	225	164	-10.45	-63.51	-6.86	14508.27	-1373.16	7080.29	179.13	65.81	128.09
92	521	261	127	89	226	163	-10.43	-63.49	-6.83	14509.66	-1366.70	7080.07	168.53	72.57	119.99
92	521	261	128	89	226	163	-10.53	-63.49	-6.87	14516.57	-1376.56	7075.87	164.75	81.49	122.39
91	521	260	127	88	226	164	-10.48	-63.46	-6.86	14515.54	-1374.73	7081.87	171.01	85.12	120.52
91	521	260	128	88	226	163	-10.45	-63.42	-6.83	14523.57	-1367.60	7090.38	163.21	92.81	121.84
91	521	260	127	88	226	163	-10.45	-63.38	-6.82	14516.99	-1362.22	7097.46	158.85	98.02	121.85
92	521	261	128	89	226	164	-10.49	-63.39	-6.82	14518.94	-1363.51	7101.99	148.76	87.87	118.36
91	521	261	127	89	227	164	-10.60	-63.41	-6.85	14516.79	-1370.53	7103.49	148.07	75.93	113.94
91	521	261	128	88	225	163	-10.56	-63.44	-6.84	14518.55	-1369.40	7103.11	151.52	68.43	111.89
91	521	260	127	88	227	164	-10.55	-63.44	-6.83	14516.22	-1365.33	7098.36	150.24	66.91	109.90
91	521	260	128	89	225	164	-10.43	-63.48	-6.78	14517.41	-1354.87	7087.44	148.58	68.26	106.45
91	521	261	128	89	227	164	-10.38	-63.44	-6.76	14515.94	-1348.12	7085.87	145.20	81.05	112.43
91	521	259	127	88	227	164	-10.49	-63.39	-6.80	14512.54	-1357.12	7085.37	144.29	83.40	113.01
90	521	260	127	88	226	163	-10.47	-63.39	-6.79	14507.92	-1355.46	7079.91	149.33	81.43	109.66
90	521	260	128	88	225	163	-10.49	-63.42	-6.81	14505.52	-1358.89	7073.91	135.26	83.86	112.17
90	521	260	127	88	226	164	-10.78	-63.39	-6.87	14502.04	-1374.54	7070.81	112.20	101.01	113.47
91	521	261	127	88	227	164	-10.96	-63.33	-6.93	14501.14	-1389.22	7069.87	109.99	113.61	106.19
90	521	260	127	88	225	163	-10.91	-63.28	-6.91	14501.08	-1385.56	7071.38	97.34	120.33	96.88
90	521	261	128	88	225	163	-10.93	-63.22	-6.91	14503.23	-1383.68	7075.61	83.97	129.77	92.69
90	521	260	128	88	226	164	-10.93	-63.13	-6.92	14495.87	-1386.69	7084.03	87.37	138.58	86.70
90	521	261	127	88	226	163	-10.84	-63.12	-6.88	14496.47	-1375.16	7082.43	67.40	143.65	81.52
90	521	261	128	88	226	163	-10.97	-63.06	-6.91	14501.05	-1385.40	7103.11	56.53	151.07	79.09
90	521	260	128	88	226	164	-10.88	-62.98	-6.93	14496.20	-1388.53	7113.75	71.76	155.31	76.84
89	521	260	128	88	226	163	-10.75	-62.94	-6.91	14497.19	-1384.31	7130.46	84.57	153.95	78.55
89	521	260	128	88	226	163	-10.73	-62.90	-6.93	14487.13	-1387.29	7149.54	89.49	139.20	78.47
89	521	261	127	88	226	163	-10.71	-62.94	-6.90	14490.57	-1381.53	7149.66	79.42	131.64	75.45
89	521	262	128	88	227	164	-10.63	-62.97	-6.87	14488.44	-1373.65	7154.38	76.19	118.21	71.47
89	521	261	128	88	226	164	-10.70	-62.99	-6.91	14482.22	-1382.97	7156.46	83.59	103.25	67.20
88	520	261	128	88	226	164	-10.58	-63.06	-6.89	14469.51	-1374.02	7157.44	91.21	76.29	64.99
86	521	260	128	88	226	164	-10.65	-63.18	-6.85	14475.04	-1366.72	7162.17	76.65	45.62	65.59
86	521	259	128	87	226	164	-10.71	-63.23	-6.85	14482.28	-1367.38	7162.46	75.81	36.69	68.61
84	520	260	128	87	227	164	-10.71	-63.29	-6.85	14490.17	-1368.21	7159.33	79.47	28.86	68.28
84	520	260	128	88	227	164	-10.84	-63.31	-6.90	14495.26	-1380.80	7155.57	80.45	19.36	66.67
84	521	260	128	88	228	164	-10.89	-63.37	-6.89	14501.90	-1379.96	7160.59	80.38	1.74	56.73
82	520	259	128	87	227	164	-10.91	-63.50	-6.86	14506.80	-1371.96	7144.56	56.01	-5.34	50.35
81	520	258	128	86	226	164	-11.10	-63.56	-6.89	14512.46	-1379.77	7136.53	37.66	-3.03	51.43
81	520	259	128	87	226	164	-11.18	-63.60	-6.92	14510.04	-1387.78	7122.10	44.02	-4.82	46.06
82	520	259	128	87	227	164	-11.24	-63.74	-6.91	14507.14	-1385.99	7107.00	43.77	-22.63	38.75
82	520	260	128	86	227	164	-11.43	-63.75	-6.97	14514.98	-1400.49	7091.25	47.83	-19.15	34.87
81	520	259	128	86	227	164	-11.39	-63.74	-6.96	14509.23	-1398.66	7083.89	56.44	-7.49	30.87
81	520	258	128	87	228	164	-11.18	-63.81	-6.89	14498.57	-1378.73	7073.89	46.07	-13.32	30.33
81	520	259	129	86	227	164	-11.30	-63.80	-6.92	14495.24	-1386.39	7080.80	28.07	-25.90	28.91
80	520	259	129	86	228	164	-11.35	-63.81	-6.95	14499.48	-1393.27	7077.36	30.11	-28.56	21.12
80	519	258	129	85	227	163	-11.20	-63.84	-6.91	14506.91	-1384.01	7072.09	42.76	-28.98	16.26
80	520	259	129	86	227	164	-11.15	-63.88	-6.88	14518.76	-1379.21	7065.29	41.42	-27.38	20.95
80	519	259	129	85	227	165	-11.04	-63.84	-6.85	14526.82	-1372.85	7079.22	40.05	-27.86	24.70
80	520	260	129	84	227	164	-10.98	-63.84	-6.83	14535.68	-1369.21	7078.06	27.75	-16.22	30.77
80	519	260	129	85	228	164	-11.07	-63.80	-6.88	14546.10	-1381.15	7076.16	31.81	2.99	34.28
81	519	259	129	85	228	164	-11.05	-63.73	-6.87	14557.59	-1382.09	7082.35	50.62	20.49	35.16
80	519	260	129	85	228	165	-11.06	-63.72	-6.90	14564.91	-1388.59	7087.23	69.29	25.37	32.61
80	519	259	129	85	227	164	-11.23	-63.69	-6.93	14567.07	-1398.76	7086.87	66.22	32.80	30.68
82	519	261	130	85	227	164	-11.33	-63.70	-6.98	14573.11	-1409.82	7082.13	61.76	35.61	19.14
81	519	259	130	85	228	163	-11.38	-63.66	-7.01	14567.06	-1416.13	7083.02	57.07	44.73	11.18
80	520	260	130	85	228	163	-11.32	-63.69	-6.97	14569.10	-1407.72	7067.27	57.52	53.89	0.63
80	519	259	130	84	228	164	-11.22	-63.68	-6.95	14565.65	-1401.13	7057.91	67.79	66.05	-7.01
81	519	261	130	84	227	164	-11.02	-63.64	-6.88	14556.17	-1383.68	7051.41	71.25	71.35	-11.06
81	519	260	130	85	228	164	-10.98	-63.61	-6.90	14556.16	-1387.29	7041.64	78.29	72.08	-9.10
81	520	261	130	85	227	164	-10.83	-63.56	-6.85	14551.15	-1375.73	7040.16	86.78	81.22	-4.85
81	519	261	130	84	227	164	-10.80	-63.52	-6.83	14546.59	-1368.14	7043.55	67.79	90.01	3.64
81	519	260	130	85	227	164	-10.84	-63.46	-6.85	14549.46	-1373.14	7048.17	66.35	100.36	7.91
81	520	260	130	85	228	164	-10.86	-63.44	-6.85	14543.79	-1375.88	7050.36	69.68	100.59	6.02
81	519	261	130	85	227	164	-10.86	-63.44	-6.83	14546.00	-1370.68	7051.44	71.10	100.76	7.42
81	519	261	131	86	229	164	-10.85	-63.44	-6.83	14544.10	-1369.15	7053.27	71.14	96.33	5.75
81	519	259	130	85	227	164	-10.74	-63.44	-6.78	14542.50	-1355.29	7052.81	54.54	98.56	9.66
82	519	261	130	85	228	164	-10.85	-63.46	-6.80	14541.97	-1361.53	7049.57	45.66	95.23	9.88
82	519	260	130	85	228	164	-10.72	-63.44	-6.79	14535.67	-1358.25	7056.09	59.93	96.02	10.93
81	519	260	130	84	228	164	-10.55	-63.49	-6.74	14535.29	-1344.94	7043.68	65.58	92.57	18.23
81	519	260	131	85	228	164	-10.57	-63.48	-6.75	14533.12	-1348.69	7044.50	67.20	93.89	24.92
82	519	260	131	84	227	163	-10.51	-63.45	-6.74	14534.67	-1345.06	7050.88	62.14	96.30	30.28
81	519	260	131	85	228	164	-10.50	-63.45	-6.75	14533.33	-1347.60	7058.73	58.98	92.93	34.71
81	519	261	131	85	228	164	-10.56	-63.44	-6.78	14539.47	-1355.02	7065.00	66.63	90.73	36.08
82	519	260	131	85	227	164	-10.52	-63.41	-6.79	14536.69	-1357.07	7075.14	73.85	87.70	36.82
81	519	261	131	85	227	164	-10.49	-63.43	-6.76	14533.26	-1351.02	7078.79	67.56	79.01	40.13
80	519	260	132	85	228	164	-10.51	-63.42	-6.76	14534.19	-1349.67	7085.05	55.23	75.36	41.13
81	519	261	131	86	228	163	-10.59	-63.44	-6.78	14537.08	-1356.39	7084.80	59.52	67.49	40.52
82	519	261	131	86	227	164	-10.51	-63.48	-6.77	14539.03	-1354.17	7077.36	75.94	62.87	36.74
81	519	261	131	86	228	164	-10.47	-63.52	-6.74	14541.48	-1347.86	7073.49	72.50	59.08	37.91
81	519	262	132	86	227	163	-10.51	-63.55	-6.74	14542.60	-1346.26	7063.41	65.47	64.62	41.66
82	519	260	131	85	228	164	-10.55	-63.55	-6.76	14541.47	-1350.15	7060.04	62.95	68.84	39.93
82	519	262	131	84	228	164	-10.50	-63.60	-6.73	14541.80	-1344.64	7047.84	68.35	72.20	34.63
82	519	260	131	85	228	164	-10.42	-63.57	-6.69	14539.91	-1333.21	7044.65	72.18	79.99	33.75
82	519	262	131	85	228	164	-10.45	-63.57	-6.70	14544.31	-1336.55	7040.02	69.67	87.69	38.21
81	519	262	131	85	227	164	-10.54	-63.52	-6.74	14544.10	-1345.52	7050.41	68.59	86.01	39.00
82	519	261	131	85	228	164	-10.62	-63.54	-6.76	14548.09	-1351.65	7055.69	60.31	82.91	35.15
82	519	261	130	86	227	164	-10.65	-63.54	-6.77	14550.09	-1355.47	7052.71	59.25	79.61	28.99
81	520	260	131	85	228	164	-10.61	-63.55	-6.75	14552.38	-1349.89	7055.87	54.73	74.98	23.14
82	519	262	131	86	228	163	-10.61	-63.60	-6.75	14556.76	-1352.00	7050.48	61.75	69.73	14.04
82	519	261	132	86	229	164	-10.45	-63.64	-6.69	14553.93	-1334.40	7048.95	66.06	64.44	8.24
82	519	262	132	86	227	164	-10.37	-63.67	-6.67	14552.63	-1331.68	7040.31	70.86	64.67	7.02
82	520	260	132	86	228	164	-10.23	-63.71	-6.61	14550.20	-1314.69	7026.09	66.86	71.79	8.32
82	519	261	132	85	227	164	-10.33	-63.63	-6.61	14544.89	-1313.76	7022.39	47.27	85.35	13.56
83	520	260	132	86	228	164	-10.35	-63.60	-6.63	14548.84	-1320.07	7024.07	57.71	95.23	12.83
82	519	262	132	86	228	164	-10.41	-63.53	-6.63	14548.20	-1320.87	7026.66	58.12	110.97	9.69
82	519	261	131	86	228	164	-10.37	-63.50	-6.58	14554.19	-1308.82	7021.33	50.82	130.57	7.70
83	520	260	132	86	228	164	-10.48	-63.44	-6.58	14544.28	-1307.98	7019.66	27.07	148.84	2.72
83	520	261	132	86	227	163	-10.55	-63.39	-6.61	14541.27	-1314.18	7021.68	24.27	157.60	-7.62
83	520	260	132	86	228	163	-10.56	-63.36	-6.58	14543.00	-1306.67	7024.00	8.11	169.57	-15.89
84	520	260	132	87	227	163	-10.44	-63.25	-6.60	14540.45	-1309.34	7039.40	26.05	182.64	-24.34
83	520	261	132	86	227	163	-10.28	-63.21	-6.55	14530.43	-1297.87	7054.63	29.85	171.81	-29.18
83	520	262	133	86	227	163	-10.17	-63.32	-6.50	14537.11	-1284.98	7059.70	18.06	142.77	-26.32
83	520	262	132	87	227	163	-10.29	-63.34	-6.51	14540.66	-1288.93	7057.31	-3.80	136.53	-17.80
83	520	261	132	88	227	162	-10.38	-63.40	-6.53	14540.22	-1293.68	7053.04	-26.01	131.85	-16.36
83	520	263	132	87	227	163	-10.69	-63.47	-6.62	14535.21	-1316.60	7044.79	-34.31	112.91	-22.54
83	520	261	132	87	227	163	-10.53	-63.59	-6.56	14535.65	-1299.57	7031.35	-30.29	104.72	-33.17
84	520	262	132	87	228	164	-10.44	-63.61	-6.48	14531.27	-1279.59	7027.18	-53.98	106.43	-37.21
84	520	262	131	87	227	163	-10.63	-63.62	-6.50	14539.70	-1286.81	7016.43	-80.18	118.66	-32.70
84	520	263	131	87	227	164	-10.44	-63.54	-6.46	14540.12	-1274.87	7017.20	-74.47	145.98	-30.06
85	520	263	131	87	227	164	-10.31	-63.46	-6.42	14529.51	-1264.13	7030.34	-76.99	159.18	-20.41
86	521	263	131	88	228	164	-10.40	-63.39	-6.46	14529.24	-1275.52	7041.83	-75.90	162.02	-15.04
86	521	262	131	87	227	164	-10.39	-63.37	-6.45	14537.18	-1273.15	7045.34	-82.40	171.07	-15.04
86	521	263	131	87	227	163	-10.48	-63.33	-6.47	14536.92	-1277.09	7045.07	-97.73	181.91	-6.14
87	521	263	131	87	226	164	-10.55	-63.27	-6.49	14532.67	-1281.43	7047.41	-101.29	189.92	-0.63
87	521	262	130	87	228	165	-10.50	-63.27	-6.46	14527.64	-1274.76	7053.24	-107.63	184.12	-5.05
88	521	263	130	87	226	164	-10.49	-63.31	-6.45	14531.85	-1271.42	7058.78	-121.10	175.02	-1.34
87	521	262	131	87	226	164	-10.64	-63.33	-6.49	14535.86	-1281.85	7067.84	-137.74	156.92	4.67
87	521	261	130	87	227	165	-10.73	-63.42	-6.54	14538.47	-1296.96	7068.25	-118.01	133.02	17.14
87	521	263	130	87	227	165	-10.51	-63.57	-6.52	14544.75	-1290.51	7061.44	-80.46	113.12	37.03
88	521	263	130	87	227	163	-10.42	-63.62	-6.49	14547.11	-1284.59	7050.37	-66.43	114.41	56.98
88	521	263	130	88	228	165	-10.42	-63.56	-6.46	14541.35	-1275.96	7046.85	-90.71	131.14	68.33
87	521	262	129	88	227	165	-10.53	-63.46	-6.50	14540.48	-1284.76	7048.31	-105.73	149.53	77.06
86	521	262	130	88	227	164	-10.74	-63.36	-6.53	14538.66	-1292.72	7056.09	-118.74	161.11	80.81
87	521	263	128	88	227	165	-10.80	-63.32	-6.55	14535.13	-1298.08	7068.09	-119.25	148.30	82.07
87	521	262	129	88	227	165	-10.85	-63.32	-6.58	14546.17	-1307.38	7078.88	-120.84	141.64	92.22
87	521	262	130	88	227	164	-10.94	-63.29	-6.61	14544.66	-1313.61	7087.94	-134.15	134.96	96.11
87	521	262	129	88	226	165	-11.11	-63.32	-6.67	14545.23	-1328.73	7090.14	-151.94	119.61	96.60
87	521	263	130	88	228	165	-11.19	-63.36	-6.70	14536.17	-1336.69	7089.83	-152.59	102.23	87.77
87	521	263	129	88	228	165	-11.19	-63.48	-6.69	14542.56	-1334.66	7071.14	-160.66	94.37	85.78
87	521	263	129	88	227	164	-11.39	-63.48	-6.74	14544.43	-1347.13	7059.58	-172.38	95.55	88.19
87	521	262	129	88	227	164	-11.41	-63.50	-6.74	14547.01	-1347.77	7044.00	-160.21	111.77	93.88
87	521	262	129	89	227	165	-11.42	-63.42	-6.77	14542.46	-1354.38	7046.20	-150.55	132.73	96.79
88	521	263	129	88	227	165	-11.48	-63.35	-6.79	14539.33	-1357.46	7055.89	-167.97	136.10	95.05
87	521	261	129	88	227	165	-11.91	-63.26	-6.90	14535.97	-1386.79	7067.10	-186.62	131.89	87.10
87	521	261	129	88	227	165	-11.89	-63.25	-6.95	14541.37	-1399.25	7078.74	-163.59	117.80	77.84
88	521	262	129	88	227	165	-11.73	-63.29	-6.89	14542.50	-1385.69	7079.81	-168.81	111.71	72.35
88	521	261	129	88	227	165	-11.79	-63.33	-6.92	14554.17	-1393.60	7080.42	-169.02	114.02	71.63
88	521	262	129	88	227	165	-11.71	-63.30	-6.93	14548.87	-1394.72	7075.00	-143.27	126.97	71.25
88	521	262	129	88	227	165	-11.61	-63.32	-6.90	14545.22	-1388.99	7067.45	-139.96	127.72	77.89
89	521	261	129	88	227	165	-12.02	-63.28	-7.04	14544.76	-1423.74	7069.67	-156.41	123.79	81.24
89	521	261	129	88	226	165	-12.17	-63.21	-7.14	14543.52	-1447.15	7075.59	-134.84	127.45	74.18
89	521	262	129	88	226	165	-12.12	-63.25	-7.13	14544.35	-1444.39	7077.21	-124.65	126.37	67.37
89	521	263	129	88	227	165	-12.21	-63.23	-7.14	14539.93	-1447.97	7069.15	-127.07	126.76	64.85
89	521	263	129	88	226	165	-12.13	-63.17	-7.17	14533.13	-1453.37	7075.29	-104.81	136.42	57.96
88	521	262	129	89	227	165	-11.91	-63.17	-7.11	14524.47	-1438.91	7076.73	-85.77	143.65	57.76
89	521	263	129	87	226	165	-11.90	-63.08	-7.11	14520.65	-1437.56	7075.29	-84.13	152.21	63.33
90	521	263	129	88	227	165	-11.91	-63.00	-7.14	14517.62	-1443.28	7085.93	-69.53	157.15	64.36
90	522	263	129	88	226	165	-12.04	-62.93	-7.21	14513.54	-1460.72	7109.03	-75.45	152.45	63.69
90	521	262	129	87	226	165	-12.10	-62.94	-7.23	14510.26	-1465.28	7107.38	-80.13	148.72	55.26
90	521	262	129	88	225	165	-12.13	-62.98	-7.20	14514.15	-1458.82	7102.81	-114.12	151.09	42.49
91	522	262	128	88	225	165	-12.43	-62.95	-7.31	14507.24	-1486.28	7093.87	-133.87	151.08	34.37
91	521	263	129	89	227	165	-12.43	-62.96	-7.35	14492.48	-1493.16	7088.17	-112.27	147.83	23.15
91	521	262	128	88	227	166	-12.20	-63.00	-7.26	14489.45	-1471.71	7075.97	-111.81	152.79	12.24
91	522	263	129	88	226	165	-12.30	-62.95	-7.30	14484.18	-1480.72	7077.37	-116.02	162.70	4.23
91	522	264	129	89	226	165	-12.36	-62.85	-7.34	14477.57	-1488.88	7085.10	-119.17	177.16	7.72
91	522	264	129	89	226	165	-12.35	-62.75	-7.37	14474.29	-1496.64	7099.84	-114.81	179.05	13.63
91	521	263	129	89	226	165	-12.42	-62.75	-7.41	14478.18	-1507.81	7112.85	-116.27	170.70	12.90
91	522	263	129	89	226	164	-12.28	-62.74	-7.40	14479.07	-1505.62	7123.81	-110.75	167.42	17.66
91	522	262	129	88	226	165	-12.20	-62.72	-7.37	14473.31	-1496.34	7138.22	-122.47	156.60	24.77
91	522	264	129	87	225	164	-12.29	-62.75	-7.38	14478.45	-1500.12	7140.91	-138.89	148.22	34.64
91	522	264	129	88	226	165	-12.35	-62.73	-7.41	14475.92	-1507.71	7136.86	-136.55	153.41	32.40
92	522	264	128	88	227	165	-12.22	-62.73	-7.39	14467.73	-1500.13	7137.22	-125.97	151.99	36.18
92	521	263	128	89	226	165	-12.38	-62.76	-7.42	14471.14	-1507.92	7132.56	-138.22	148.44	39.77
91	522	264	129	89	226	165	-12.65	-62.73	-7.51	14470.18	-1530.73	7138.33	-151.96	144.11	41.79
91	521	263	129	89	227	165	-12.78	-62.71	-7.60	14463.87	-1552.39	7139.41	-149.21	136.66	38.05
91	522	264	129	89	227	165	-12.81	-62.76	-7.64	14462.88	-1561.97	7138.04	-131.20	128.83	31.69
91	522	264	129	88	227	165	-12.67	-62.81	-7.60	14460.94	-1552.27	7138.74	-116.59	123.58	27.66
92	522	263	129	88	225	165	-12.60	-62.82	-7.55	14458.09	-1540.26	7140.00	-114.11	127.51	32.63
91	521	263	128	88	226	165	-12.50	-62.78	-7.56	14454.98	-1541.64	7146.80	-93.76	130.68	39.24
92	521	264	128	88	227	165	-12.39	-62.80	-7.57	14456.44	-1544.36	7154.06	-78.07	123.35	46.68
92	522	264	129	88	226	165	-12.39	-62.77	-7.62	14456.61	-1556.94	7163.96	-64.32	117.63	61.00
92	521	264	129	89	227	166	-12.50	-62.73	-7.68	14459.58	-1573.90	7168.76	-57.15	113.45	65.80
91	522	264	129	89	226	165	-12.61	-62.74	-7.73	14461.20	-1585.00	7172.52	-56.89	103.32	66.11
92	522	263	129	88	226	165	-12.73	-62.82	-7.76	14469.34	-1593.55	7164.50	-61.20	93.66	59.40
91	522	264	129	89	227	165	-12.78	-62.82	-7.79	14469.47	-1601.67	7161.67	-49.24	98.63	49.88
92	522	264	129	89	227	165	-12.67	-62.84	-7.76	14472.00	-1593.99	7160.59	-39.58	96.64	44.34
92	522	264	129	88	226	165	-12.45	-62.90	-7.67	14474.20	-1572.69	7152.56	-38.85	99.31	51.47
92	522	264	129	89	226	165	-12.40	-62.90	-7.68	14471.49	-1573.86	7147.93	-38.46	99.15	54.95
92	522	263	129	88	226	165	-12.42	-62.88	-7.70	14469.52	-1577.56	7143.93	-31.23	98.24	60.65
92	522	264	129	88	227	165	-12.46	-62.90	-7.74	14466.24	-1587.29	7148.14	-20.17	95.03	67.37
92	522	264	129	89	226	165	-12.59	-62.88	-7.79	14468.13	-1602.72	7146.13	-7.11	93.53	67.70
91	521	265	129	88	226	165	-12.50	-62.89	-7.79	14471.52	-1600.19	7148.22	5.94	94.05	64.26
91	521	263	129	88	227	165	-12.53	-62.93	-7.79	14473.15	-1601.38	7144.41	6.65	98.60	70.35
91	521	263	129	88	226	165	-12.46	-62.91	-7.78	14470.29	-1598.91	7145.39	19.81	102.32	68.78
91	522	264	129	88	226	165	-12.34	-62.91	-7.73	14465.77	-1584.96	7142.92	13.97	105.40	74.59
91	522	264	129	88	226	165	-12.42	-62.92	-7.74	14463.48	-1588.91	7137.58	9.72	106.43	77.42
91	522	264	129	89	226	165	-12.43	-62.92	-7.74	14465.71	-1587.67	7129.10	11.24	110.91	79.04
92	522	264	130	89	226	165	-12.57	-62.92	-7.78	14464.02	-1597.08	7125.44	1.08	114.16	82.59
91	522	264	129	88	226	165	-12.79	-62.91	-7.83	14468.82	-1610.23	7131.17	-8.78	122.76	84.71
91	522	264	129	89	227	165	-12.87	-62.86	-7.86	14470.38	-1619.92	7125.81	-2.99	139.87	81.78
91	522	264	129	88	227	165	-12.82	-62.79	-7.86	14461.66	-1616.72	7130.92	-1.64	151.12	74.94
91	522	264	129	89	227	166	-12.77	-62.79	-7.82	14463.58	-1608.49	7129.17	-12.61	156.67	69.19
91	522	265	129	89	225	165	-12.74	-62.74	-7.81	14460.20	-1605.66	7134.72	-19.08	164.54	70.53
91	522	264	129	89	226	165	-12.60	-62.66	-7.78	14455.59	-1597.98	7144.38	-19.72	176.31	79.21
91	522	263	129	88	226	166	-12.58	-62.58	-7.80	14448.41	-1601.08	7151.76	-21.69	182.09	87.69
90	522	265	129	88	227	165	-12.62	-62.52	-7.84	14447.79	-1610.43	7165.57	-13.30	184.89	90.51
90	521	264	129	89	226	165	-12.63	-62.46	-7.86	14444.00	-1615.70	7177.69	-4.89	185.94	91.13
90	522	265	129	88	226	164	-12.75	-62.42	-7.90	14442.80	-1625.92	7187.81	-15.94	182.60	92.08
90	522	264	129	89	226	165	-12.86	-62.43	-7.95	14449.26	-1639.42	7192.62	-20.00	174.07	90.52
90	522	265	129	88	225	165	-13.02	-62.41	-7.99	14449.80	-1648.25	7192.79	-32.65	171.31	87.80
90	521	264	129	89	227	165	-13.07	-62.38	-8.04	14446.11	-1661.04	7195.15	-26.66	170.90	81.86
89	521	264	129	87	227	165	-13.05	-62.40	-8.01	14447.20	-1654.79	7193.99	-25.33	175.45	77.16
89	521	264	129	88	226	166	-12.96	-62.38	-7.99	14443.84	-1648.85	7190.09	-14.16	186.53	79.21
90	522	264	129	89	226	165	-12.88	-62.37	-7.96	14445.25	-1639.61	7193.59	-22.61	192.75	80.45
90	521	264	129	89	227	166	-13.06	-62.31	-8.02	14442.58	-1656.83	7199.71	-29.28	196.32	82.12
90	521	264	129	88	227	165	-13.19	-62.25	-8.10	14444.05	-1674.98	7211.52	-27.41	200.90	80.72
89	521	264	130	89	227	166	-13.30	-62.22	-8.17	14446.05	-1694.64	7216.75	-24.59	198.21	73.13
89	522	264	129	88	225	166	-13.36	-62.20	-8.20	14445.35	-1700.70	7222.31	-18.81	198.45	65.08
89	521	264	129	89	226	166	-13.38	-62.20	-8.21	14443.88	-1702.67	7222.79	-19.92	198.52	55.97
89	522	265	129	89	226	165	-13.44	-62.16	-8.22	14437.69	-1705.53	7222.05	-24.22	199.20	43.17
89	522	264	129	88	226	165	-13.39	-62.18	-8.22	14434.00	-1703.26	7224.35	-35.61	194.74	30.01
89	522	264	130	89	228	165	-13.45	-62.19	-8.26	14431.50	-1714.50	7223.53	-32.08	191.75	16.31
89	522	265	129	88	226	165	-13.38	-62.16	-8.25	14424.13	-1709.77	7230.16	-27.38	194.91	3.60
90	522	265	129	89	226	165	-13.36	-62.17	-8.23	14419.12	-1705.08	7228.05	-35.56	195.42	-5.08
89	521	264	130	89	227	165	-13.37	-62.13	-8.25	14413.57	-1709.63	7226.85	-21.33	205.20	-15.83
89	521	265	129	89	227	165	-13.29	-62.13	-8.22	14406.09	-1699.75	7223.30	-20.52	212.19	-23.59
90	521	265	129	89	224	165	-13.39	-62.09	-8.26	14412.98	-1711.16	7220.34	-21.49	227.33	-27.06
90	521	264	130	89	226	165	-13.44	-61.92	-8.30	14406.53	-1720.20	7232.92	-14.12	251.56	-36.30
89	522	264	129	89	227	165	-13.37	-61.83	-8.27	14395.61	-1711.99	7246.27	-13.86	263.18	-50.24
90	522	265	130	89	226	165	-13.19	-61.76	-8.20	14390.43	-1693.39	7256.36	-20.12	272.87	-57.23
90	521	265	130	89	227	165	-13.11	-61.68	-8.16	14379.70	-1680.52	7274.14	-34.81	278.73	-60.17
90	522	265	130	89	226	165	-12.98	-61.63	-8.11	14373.32	-1667.30	7279.84	-42.77	290.24	-57.26
90	522	264	129	89	227	166	-12.91	-61.56	-8.10	14359.45	-1662.73	7287.84	-48.03	301.93	-49.59
90	522	266	129	87	226	165	-12.89	-61.51	-8.09	14355.08	-1661.79	7296.85	-50.18	305.33	-41.96
90	521	265	130	89	227	165	-12.96	-61.44	-8.11	14347.33	-1665.10	7309.01	-51.87	303.47	-35.27
90	522	267	128	89	227	165	-13.02	-61.40	-8.17	14344.76	-1678.45	7323.96	-42.33	297.74	-34.35
90	521	264	129	89	226	165	-12.97	-61.39	-8.15	14342.32	-1674.13	7336.36	-46.11	285.56	-33.94
90	522	265	130	89	227	166	-12.99	-61.36	-8.14	14335.60	-1669.22	7351.34	-70.16	277.03	-34.04
90	522	265	129	89	226	166	-12.99	-61.40	-8.13	14336.82	-1668.96	7358.17	-78.80	267.13	-39.89
90	522	265	130	89	227	166	-12.92	-61.34	-8.10	14329.38	-1658.11	7373.07	-85.76	268.97	-42.39
91	522	265	129	89	227	166	-12.77	-61.32	-8.02	14322.31	-1639.81	7383.81	-86.07	269.52	-40.12
91	522	265	130	89	226	165	-12.59	-61.27	-7.98	14316.40	-1626.42	7394.02	-72.27	275.85	-35.02
90	522	266	130	88	226	165	-12.51	-61.18	-7.98	14308.98	-1626.09	7418.72	-65.45	272.25	-25.12
90	522	265	130	89	227	165	-12.52	-61.14	-8.00	14304.13	-1630.99	7432.78	-56.53	263.14	-22.76
90	522	266	130	90	227	165	-12.44	-61.07	-8.01	14299.72	-1631.84	7459.94	-49.15	251.78	-17.97
90	522	265	130	89	226	165	-12.49	-61.10	-8.01	14295.13	-1631.85	7474.35	-57.10	236.20	-13.02
91	522	265	130	89	226	165	-12.50	-61.11	-8.04	14291.98	-1639.66	7483.23	-45.69	221.29	-15.27
90	521	266	130	89	227	166	-12.43	-61.15	-8.01	14285.38	-1631.67	7483.87	-43.31	210.92	-18.06
90	522	266	129	89	227	165	-12.40	-61.19	-8.00	14283.71	-1627.89	7486.27	-46.44	197.53	-18.06
90	521	266	130	89	226	165	-12.37	-61.22	-7.99	14288.12	-1626.89	7491.16	-32.67	190.65	-20.20
91	522	265	130	89	226	165	-12.24	-61.22	-7.97	14283.12	-1620.55	7489.20	-18.59	187.52	-22.24
90	521	265	130	89	226	166	-12.25	-61.23	-7.99	14278.36	-1624.52	7493.54	-13.71	177.19	-20.93
90	522	266	130	89	227	165	-12.22	-61.26	-7.99	14276.64	-1624.50	7496.87	-3.32	164.23	-25.83
90	521	266	129	88	227	165	-12.21	-61.32	-7.98	14271.81	-1620.67	7499.22	-8.11	146.72	-27.69
91	522	265	129	89	226	165	-12.32	-61.38	-8.01	14276.42	-1630.64	7494.86	-8.10	135.38	-29.31
91	521	265	130	89	226	166	-12.16	-61.41	-7.99	14275.80	-1623.31	7496.12	0.50	128.51	-37.19
90	522	265	130	89	226	165	-11.97	-61.48	-7.90	14273.01	-1600.94	7488.91	-6.02	121.74	-37.73
90	522	265	130	89	227	165	-12.01	-61.49	-7.90	14271.96	-1601.29	7483.87	-6.67	119.95	-36.00
91	522	266	130	90	227	166	-11.85	-61.45	-7.84	14262.16	-1585.83	7481.87	7.06	124.50	-35.55
91	522	265	129	89	226	165	-11.65	-61.44	-7.80	14258.45	-1575.34	7489.18	4.06	122.63	-28.22
91	522	265	130	89	227	165	-11.76	-61.45	-7.83	14262.73	-1581.37	7491.12	-1.24	125.30	-16.01
91	522	266	130	89	226	165	-11.80	-61.41	-7.86	14258.39	-1588.70	7496.16	12.12	125.08	-6.91
90	521	265	130	89	226	165	-11.79	-61.47	-7.84	14260.07	-1585.67	7499.56	8.76	108.98	-1.06
91	521	266	130	89	226	165	-11.95	-61.55	-7.87	14262.67	-1593.98	7490.58	-2.77	95.83	7.39
91	522	266	129	89	227	165	-12.09	-61.62	-7.91	14258.54	-1601.48	7478.85	-0.19	90.34	14.27
90	521	266	130	89	226	165	-12.14	-61.67	-7.90	14263.41	-1600.41	7467.91	0.52	91.02	15.06
91	521	265	129	89	226	166	-12.16	-61.69	-7.91	14264.24	-1603.79	7456.91	3.10	94.47	16.95
91	522	265	130	90	227	166	-12.12	-61.67	-7.90	14269.03	-1602.00	7455.46	10.09	105.05	17.16
90	521	265	130	88	228	165	-12.07	-61.64	-7.89	14266.17	-1597.30	7456.89	9.79	108.64	19.85
90	522	266	130	90	227	165	-12.10	-61.60	-7.90	14269.46	-1600.24	7466.65	0.15	106.26	22.26
91	521	265	130	87	226	165	-12.20	-61.61	-7.93	14278.99	-1610.62	7483.71	-10.51	97.10	21.59
91	521	266	130	89	226	165	-12.30	-61.64	-7.98	14285.44	-1623.09	7485.73	-10.93	88.54	20.36
90	521	264	130	89	227	166	-12.23	-61.67	-7.96	14282.97	-1616.14	7486.44	-12.24	77.87	14.65
90	522	265	129	89	227	165	-12.23	-61.74	-7.93	14288.02	-1611.13	7478.32	-23.27	70.27	14.51
90	521	265	130	89	227	165	-12.20	-61.77	-7.93	14285.62	-1610.37	7467.80	-12.16	71.46	12.39
90	521	265	130	90	227	166	-12.11	-61.80	-7.90	14276.54	-1601.26	7460.21	-6.65	68.04	7.77
91	521	266	130	89	226	165	-12.08	-61.83	-7.87	14274.51	-1593.79	7452.40	-13.62	66.83	6.73
90	521	266	130	89	227	166	-12.07	-61.81	-7.86	14269.79	-1592.70	7449.98	-12.44	70.09	7.39
91	522	265	129	89	226	165	-12.07	-61.85	-7.86	14269.90	-1591.67	7443.48	-7.32	70.99	8.72
90	521	266	130	89	227	166	-12.01	-61.86	-7.83	14264.80	-1582.88	7437.51	-11.50	71.74	12.09
91	522	265	129	88	227	165	-12.04	-61.88	-7.82	14270.16	-1581.14	7432.63	-23.63	72.90	23.53
91	521	265	130	89	226	165	-12.18	-61.83	-7.86	14274.25	-1591.48	7436.60	-34.35	81.31	34.21
91	522	266	130	90	227	165	-12.27	-61.83	-7.88	14271.34	-1597.91	7439.17	-43.48	73.69	33.95