211	519	295	145	107	185	212	-20.13	-77.24	-5.82	15939.90	-1257.97	3299.81	-716.04	117.90	-588.20
212	519	295	144	107	183	212	-20.47	-77.28	-5.86	15925.30	-1266.48	3313.02	-717.73	78.46	-573.09
212	519	294	145	108	185	212	-21.40	-77.39	-5.97	15943.44	-1298.35	3295.36	-712.95	54.49	-570.78
213	519	295	145	108	185	212	-21.84	-77.52	-6.00	15965.67	-1309.83	3285.00	-709.55	31.91	-570.85
213	519	294	145	107	184	212	-22.04	-77.65	-5.98	15972.98	-1306.14	3261.15	-690.92	27.52	-545.40
213	519	295	145	108	184	213	-21.91	-77.64	-5.95	15972.33	-1296.04	3238.09	-631.68	61.29	-498.23
213	519	296	144	108	185	212	-21.57	-77.64	-5.89	15963.32	-1278.83	3221.58	-549.04	88.58	-438.27
213	520	295	144	108	185	212	-21.68	-77.59	-5.89	15955.95	-1280.29	3220.31	-527.74	93.55	-419.91
213	520	296	145	108	186	213	-21.52	-77.75	-5.84	15968.95	-1266.08	3199.89	-517.80	78.42	-411.91
213	520	295	145	108	184	213	-22.25	-77.88	-5.89	15985.30	-1282.37	3168.70	-494.96	70.45	-388.92
214	521	296	144	108	186	213	-22.86	-77.94	-5.96	16004.44	-1304.05	3142.06	-427.91	75.88	-348.77
213	520	296	145	107	185	213	-23.05	-77.94	-5.96	16020.02	-1305.85	3124.96	-385.52	91.78	-328.63
214	521	296	145	108	185	213	-23.01	-77.89	-6.03	16017.02	-1323.16	3147.31	-324.84	73.04	-302.05
214	520	295	145	108	186	214	-22.33	-78.03	-5.94	16015.37	-1297.20	3135.74	-266.15	55.54	-265.30
213	521	296	144	108	187	213	-22.60	-78.10	-5.98	16024.20	-1309.34	3121.36	-243.99	46.31	-241.88
213	520	296	146	107	186	213	-22.79	-78.21	-5.96	16032.59	-1307.27	3102.89	-238.74	37.05	-236.04
214	521	297	145	108	186	213	-23.75	-78.26	-6.05	16050.36	-1333.31	3082.14	-236.56	32.55	-222.24
214	521	297	145	108	186	213	-23.63	-78.30	-6.03	16054.84	-1326.84	3062.64	-182.98	45.67	-199.08
214	520	297	145	108	186	213	-23.71	-78.34	-6.05	16055.30	-1333.90	3047.11	-109.03	47.79	-174.37
214	521	297	146	108	187	213	-23.52	-78.49	-6.00	16062.13	-1320.01	3007.95	-31.68	61.45	-155.90
213	521	298	145	108	186	213	-23.14	-78.50	-5.92	16069.62	-1298.41	2985.15	-12.09	86.57	-135.51
213	521	297	146	108	186	212	-23.07	-78.36	-5.96	16078.74	-1309.49	2987.50	36.61	112.35	-105.48
214	521	297	146	107	187	213	-23.04	-78.12	-6.03	16068.61	-1330.41	3020.52	119.83	125.93	-54.31
213	521	297	146	109	187	213	-22.81	-78.12	-6.03	16084.17	-1331.89	3011.29	233.34	137.58	-0.74
214	522	298	146	108	187	213	-22.97	-78.01	-6.10	16094.17	-1352.10	3024.13	281.32	144.55	30.74
213	522	298	146	108	187	214	-23.01	-77.82	-6.11	16134.66	-1359.09	3029.52	346.36	197.72	60.81
213	522	298	146	108	188	214	-22.66	-77.15	-6.26	16100.33	-1397.14	3104.45	449.04	269.79	100.02
213	522	298	145	108	187	213	-21.47	-76.83	-6.21	16067.31	-1380.88	3150.22	590.54	306.00	148.87
213	522	298	145	108	188	214	-20.95	-76.73	-6.20	16067.54	-1377.44	3154.31	690.36	334.95	189.02
213	522	298	146	108	187	213	-20.31	-76.68	-6.16	16063.77	-1366.16	3159.20	786.94	363.50	220.02
213	522	298	146	109	188	213	-19.82	-76.52	-6.16	16050.78	-1362.46	3176.24	833.49	384.78	241.42
213	522	299	146	108	187	213	-19.16	-76.54	-6.05	16041.64	-1332.93	3187.63	833.97	374.54	239.25
212	522	298	146	108	187	214	-19.35	-76.70	-6.02	16038.36	-1322.69	3180.44	774.42	351.86	227.84
212	522	299	146	108	186	214	-20.14	-76.81	-6.08	16049.64	-1341.35	3154.22	727.05	338.47	228.05
212	522	299	146	108	187	214	-20.84	-76.85	-6.14	16050.76	-1358.89	3145.91	697.85	338.34	220.14
212	522	298	146	108	188	215	-21.14	-76.81	-6.17	16053.62	-1365.74	3142.82	678.50	354.83	218.09
212	522	298	146	107	187	214	-20.91	-76.63	-6.17	16046.74	-1364.45	3166.27	692.48	378.09	232.88
211	522	298	146	108	186	214	-20.80	-76.46	-6.20	16034.60	-1372.63	3200.56	702.81	383.48	238.09
212	522	298	146	108	187	214	-20.70	-76.35	-6.20	16023.47	-1372.20	3219.73	698.12	393.11	242.28
212	522	299	146	108	187	213	-20.90	-76.13	-6.27	16001.70	-1389.99	3265.75	643.96	387.30	227.92
212	522	299	146	107	187	214	-21.29	-76.01	-6.37	15992.41	-1415.89	3300.66	597.51	369.59	218.67
211	522	299	147	108	187	213	-21.64	-75.87	-6.45	15986.99	-1437.70	3330.63	549.39	367.01	203.09
210	522	298	146	107	186	214	-21.55	-75.76	-6.44	15978.24	-1432.41	3360.09	490.02	366.66	189.98
210	522	299	146	107	188	214	-22.23	-75.73	-6.56	15972.53	-1465.19	3365.49	462.67	357.77	188.69
209	522	299	146	107	187	214	-22.62	-75.65	-6.65	15966.10	-1488.13	3376.02	448.23	358.39	180.75
208	523	299	146	107	186	213	-22.83	-75.46	-6.76	15960.40	-1519.12	3407.41	448.17	367.17	174.11
208	523	298	146	108	187	213	-22.93	-75.32	-6.85	15951.98	-1542.57	3442.24	460.76	361.96	175.31
206	522	299	146	107	187	214	-22.94	-75.31	-6.87	15944.38	-1548.64	3461.93	479.42	344.31	166.74
206	522	299	146	108	186	214	-23.27	-75.19	-7.00	15947.56	-1583.41	3485.43	476.90	335.79	146.31
205	522	298	146	107	186	214	-23.04	-75.12	-7.05	15931.98	-1597.64	3515.16	545.66	313.80	135.29
204	522	298	146	108	187	214	-22.45	-75.28	-7.00	15944.38	-1584.96	3505.00	652.13	303.06	138.03
204	522	298	146	107	187	213	-21.85	-75.31	-6.90	15946.76	-1556.31	3518.15	684.87	319.46	121.82
204	523	299	146	108	186	214	-21.79	-75.28	-6.93	15949.42	-1565.29	3529.45	729.23	306.24	130.23
204	523	298	145	107	185	213	-21.58	-75.40	-6.92	15953.75	-1561.43	3517.77	808.86	294.78	140.02
204	522	298	146	108	187	213	-21.10	-75.54	-6.84	15951.46	-1540.56	3516.09	839.07	271.04	140.27
204	522	298	146	107	187	212	-21.14	-75.63	-6.85	15966.89	-1544.33	3518.08	867.47	252.09	148.41
204	522	299	145	108	186	214	-20.75	-75.74	-6.76	15971.35	-1520.91	3501.78	892.44	251.43	147.59
203	522	299	145	108	187	213	-20.97	-75.82	-6.76	15973.18	-1520.47	3487.69	874.82	247.26	129.66
204	522	299	146	108	187	213	-21.26	-75.78	-6.84	15968.12	-1542.64	3498.10	886.33	231.30	131.47
203	522	299	145	108	188	213	-21.14	-75.81	-6.87	15964.91	-1551.31	3499.60	965.96	214.43	136.75
202	522	299	145	108	187	213	-20.40	-75.78	-6.80	15970.47	-1530.74	3512.62	1018.97	212.36	128.26
202	522	297	145	107	186	212	-20.02	-75.77	-6.82	15944.54	-1535.21	3540.99	1110.02	182.64	139.20
202	522	299	145	108	188	210	-18.52	-76.06	-6.60	15959.32	-1476.45	3504.74	1225.12	177.26	158.29
202	522	299	145	108	189	211	-18.54	-75.89	-6.65	15952.55	-1489.82	3530.50	1253.11	185.60	169.38
202	522	299	145	107	187	212	-17.71	-75.83	-6.52	15956.12	-1453.33	3537.78	1298.11	205.07	178.51
201	521	298	145	108	187	210	-17.23	-75.65	-6.45	15939.12	-1431.67	3577.49	1293.55	215.36	189.83
200	521	299	145	108	188	211	-16.45	-75.63	-6.33	15918.76	-1395.28	3600.81	1292.97	195.60	199.49
200	521	299	144	106	188	211	-16.25	-75.67	-6.27	15907.62	-1378.32	3629.37	1242.82	155.62	194.57
200	521	299	145	108	188	210	-16.37	-75.83	-6.25	15915.04	-1374.20	3623.50	1220.03	128.09	191.24
200	521	298	144	107	188	210	-16.41	-75.83	-6.25	15904.49	-1371.09	3628.53	1206.43	122.18	195.88
200	521	299	144	108	189	210	-16.22	-75.75	-6.21	15900.66	-1362.54	3644.50	1227.91	125.92	212.08
200	520	299	144	107	189	210	-16.19	-75.70	-6.23	15901.23	-1365.81	3652.08	1263.26	133.23	238.03
200	520	299	144	108	189	210	-15.61	-75.67	-6.14	15899.77	-1342.52	3660.07	1294.15	142.91	259.08
201	520	298	145	107	189	210	-15.68	-75.69	-6.14	15899.98	-1342.19	3667.67	1298.99	137.77	286.12
200	520	299	144	107	189	210	-15.58	-75.82	-6.12	15902.38	-1337.29	3665.09	1319.29	124.23	298.77
201	520	299	144	108	190	210	-15.94	-75.88	-6.14	15916.46	-1344.42	3656.83	1296.88	119.62	296.88
200	520	298	144	107	189	210	-16.15	-75.83	-6.18	15908.44	-1355.00	3668.99	1287.94	111.04	294.53
200	520	298	144	108	190	210	-16.19	-75.84	-6.18	15912.82	-1353.25	3655.14	1295.89	118.19	300.06
200	520	299	144	107	190	210	-16.57	-75.76	-6.25	15913.78	-1372.99	3662.98	1301.09	131.78	305.85
200	520	298	144	107	190	210	-16.10	-75.66	-6.23	15910.49	-1368.14	3678.83	1383.24	142.74	325.81
200	519	298	144	107	190	209	-15.30	-75.56	-6.12	15900.36	-1336.53	3707.89	1412.68	140.45	329.37
200	520	298	144	108	191	209	-15.36	-75.55	-6.14	15907.75	-1343.10	3726.70	1410.29	126.08	331.15
200	520	299	144	107	191	210	-15.32	-75.51	-6.11	15914.16	-1336.95	3737.16	1397.43	133.82	321.54
199	520	299	144	107	191	210	-14.96	-75.47	-6.03	15900.05	-1312.10	3745.70	1370.51	149.43	305.07
200	520	298	145	107	190	209	-14.85	-75.48	-5.96	15909.45	-1294.70	3754.82	1309.28	147.16	290.41
201	520	299	145	107	191	209	-14.93	-75.48	-5.93	15911.37	-1285.36	3754.08	1250.32	162.35	282.19
200	520	298	144	107	191	209	-15.01	-75.37	-5.91	15906.60	-1280.89	3756.57	1215.75	194.74	287.53
200	520	298	144	106	189	209	-14.66	-75.14	-5.89	15889.67	-1271.65	3793.35	1224.96	203.30	292.26
200	520	298	144	108	190	209	-13.90	-75.17	-5.74	15889.39	-1231.07	3803.08	1217.52	198.13	294.74
200	520	299	144	107	190	210	-14.32	-75.24	-5.75	15901.72	-1235.51	3798.92	1148.69	191.38	289.41
200	520	298	144	107	191	209	-14.82	-75.35	-5.77	15916.43	-1242.54	3770.18	1113.51	196.66	288.44
200	520	298	144	107	190	209	-15.34	-75.31	-5.87	15917.41	-1268.41	3774.47	1120.73	193.73	296.26
200	520	299	144	107	191	209	-15.07	-75.32	-5.87	15932.14	-1270.99	3760.55	1208.24	211.69	321.00
200	520	298	144	107	191	208	-15.14	-75.17	-5.93	15933.13	-1286.64	3762.72	1275.33	246.20	334.25
199	520	298	144	107	190	208	-14.62	-75.09	-5.88	15930.68	-1274.31	3773.18	1366.22	272.79	350.34
199	520	298	144	107	190	208	-14.22	-74.94	-5.85	15923.94	-1263.39	3786.12	1438.55	295.55	371.32
198	520	298	143	107	190	207	-14.01	-74.91	-5.81	15915.74	-1252.42	3787.42	1472.98	304.63	376.41
197	520	299	144	107	191	207	-13.86	-74.86	-5.79	15922.96	-1248.60	3793.65	1494.48	321.40	385.19
196	520	298	144	108	190	207	-13.60	-74.63	-5.80	15916.01	-1249.97	3814.76	1543.85	358.63	400.98
196	520	298	144	108	190	207	-13.13	-74.48	-5.74	15904.81	-1233.87	3838.83	1559.71	377.14	405.28
196	520	298	144	108	191	207	-13.10	-74.37	-5.72	15893.57	-1224.18	3861.88	1511.58	377.14	400.86
196	520	299	143	108	191	208	-13.48	-74.30	-5.75	15900.09	-1235.17	3882.39	1438.05	376.53	382.52
196	520	298	144	107	190	208	-13.44	-74.07	-5.74	15877.08	-1228.21	3929.47	1365.89	381.70	364.54
196	520	299	144	108	190	207	-13.44	-73.97	-5.71	15852.23	-1217.40	3963.60	1270.20	355.92	340.07
196	521	299	144	108	191	208	-13.76	-74.25	-5.68	15859.82	-1212.53	3955.22	1163.44	311.77	305.56
196	520	299	144	107	191	207	-14.57	-74.41	-5.72	15883.23	-1224.10	3935.46	1068.37	292.53	278.19
196	520	298	144	108	191	208	-14.78	-74.27	-5.77	15882.87	-1239.50	3955.88	1051.90	305.01	277.73
196	520	299	144	108	191	207	-14.28	-74.11	-5.75	15860.52	-1231.72	3990.29	1087.90	304.86	293.29
196	520	299	145	108	191	207	-13.92	-74.09	-5.74	15844.70	-1226.54	4003.77	1141.01	298.66	309.13
196	520	299	144	108	191	207	-13.47	-74.05	-5.66	15850.06	-1204.41	4020.19	1142.26	308.53	307.02
196	520	299	144	107	191	207	-13.52	-73.84	-5.73	15827.36	-1222.79	4063.98	1156.40	302.20	309.62
197	520	299	144	108	190	206	-13.31	-73.88	-5.76	15812.99	-1227.85	4076.38	1231.58	281.64	319.34
197	520	299	144	108	192	206	-12.81	-74.01	-5.72	15803.54	-1215.26	4087.56	1283.30	250.76	320.32
197	520	299	144	108	192	205	-13.00	-74.13	-5.69	15808.56	-1209.30	4084.98	1235.78	225.62	301.15
197	520	299	144	108	191	206	-13.82	-74.15	-5.82	15831.13	-1246.03	4083.13	1192.09	217.69	275.90
197	520	299	144	108	191	206	-13.83	-74.05	-5.84	15833.78	-1253.93	4099.78	1216.79	235.71	270.20
197	520	299	144	108	192	206	-13.46	-73.91	-5.81	15830.89	-1245.03	4108.59	1296.10	269.22	279.89
197	520	299	144	108	191	206	-12.80	-73.64	-5.74	15819.74	-1224.18	4145.56	1343.79	306.01	286.40
197	520	299	145	109	191	205	-12.69	-73.39	-5.82	15800.16	-1243.97	4186.88	1400.70	310.16	288.98
196	520	299	144	108	191	206	-11.89	-73.27	-5.71	15782.75	-1212.97	4211.74	1453.52	322.00	298.18
196	520	299	145	108	192	205	-11.79	-73.04	-5.74	15766.41	-1218.52	4263.35	1463.74	316.85	294.87
196	520	298	144	108	193	206	-11.43	-72.93	-5.72	15751.69	-1212.60	4305.18	1505.66	296.51	274.08
196	520	299	144	108	192	206	-10.93	-72.89	-5.68	15746.70	-1200.77	4342.12	1554.67	271.18	242.17
196	520	299	144	108	193	206	-9.84	-72.93	-5.49	15737.97	-1147.73	4352.62	1603.19	263.68	214.16
196	520	299	145	108	192	206	-9.12	-72.92	-5.32	15727.27	-1100.74	4367.99	1582.78	259.24	197.86
195	520	299	144	108	193	206	-8.99	-72.78	-5.26	15707.11	-1083.51	4403.99	1527.34	257.38	193.86
195	520	299	145	108	193	206	-8.79	-72.76	-5.23	15682.35	-1071.53	4436.79	1515.52	220.81	175.82
195	519	299	145	109	192	206	-8.07	-72.97	-5.02	15687.83	-1016.15	4423.15	1461.55	201.07	160.23
195	520	299	145	108	193	206	-8.60	-73.04	-5.05	15697.64	-1024.35	4421.39	1374.72	192.22	140.57
195	520	299	144	109	193	207	-8.85	-73.03	-5.04	15694.96	-1021.33	4425.12	1309.68	193.16	127.19
195	519	300	145	108	193	207	-8.67	-73.01	-4.95	15689.61	-998.66	4445.86	1254.20	185.85	122.73
195	520	300	145	108	192	207	-8.67	-73.05	-4.96	15687.73	-999.53	4449.77	1227.69	175.76	132.64
195	520	299	144	108	193	205	-8.95	-73.13	-5.00	15695.75	-1011.35	4445.88	1229.66	178.02	144.21
195	520	299	144	108	193	205	-8.98	-73.01	-5.06	15706.96	-1028.59	4459.39	1299.92	202.92	167.95
196	519	299	144	108	193	205	-8.15	-72.83	-4.98	15696.81	-1005.56	4484.82	1412.88	232.97	196.80
195	520	300	145	108	193	205	-7.10	-72.81	-4.81	15682.37	-958.88	4503.38	1474.18	226.97	217.26
195	520	300	146	108	193	203	-7.03	-72.99	-4.79	15690.85	-954.53	4484.61	1513.87	214.27	234.60
195	520	299	145	108	194	204	-7.00	-73.20	-4.74	15706.31	-940.61	4438.18	1550.48	229.66	248.57
195	520	299	145	109	192	203	-6.81	-73.15	-4.70	15709.79	-932.98	4420.07	1584.56	266.03	261.09
195	519	300	145	109	193	204	-6.36	-73.00	-4.67	15709.10	-923.13	4420.06	1688.38	313.28	287.19
195	520	299	145	108	192	204	-5.59	-72.82	-4.54	15700.65	-887.97	4442.66	1754.01	337.31	298.73
195	520	299	145	108	193	203	-4.75	-72.74	-4.33	15687.21	-829.17	4450.53	1753.81	349.55	297.19
195	520	300	146	108	192	203	-4.39	-72.69	-4.19	15673.05	-792.31	4464.00	1697.52	349.32	288.28
195	520	300	145	108	193	203	-4.34	-72.73	-4.12	15675.60	-771.90	4469.60	1645.44	349.00	287.62
195	519	300	145	108	193	204	-3.96	-72.78	-4.00	15671.82	-740.30	4484.72	1603.27	341.85	283.54
195	520	300	145	108	194	203	-4.15	-72.86	-3.99	15687.43	-737.09	4488.09	1549.06	326.91	279.46
194	520	300	146	109	194	203	-3.80	-72.91	-3.90	15693.46	-715.23	4480.48	1566.40	331.21	280.29
195	520	300	145	109	194	202	-2.76	-72.85	-3.72	15690.19	-665.87	4480.66	1622.73	353.50	302.17
194	520	299	146	109	193	202	-1.63	-72.74	-3.52	15685.48	-611.98	4481.02	1702.80	391.43	345.26
195	520	300	145	108	194	202	-0.94	-72.56	-3.39	15671.80	-576.18	4499.77	1756.41	419.16	389.85
195	520	300	145	108	193	202	-0.69	-72.38	-3.33	15664.01	-559.77	4518.98	1776.79	447.35	425.76
195	520	300	145	108	193	202	-0.78	-72.25	-3.34	15654.81	-561.18	4538.64	1791.90	450.48	449.77
194	520	300	146	108	193	202	-0.93	-72.20	-3.39	15662.07	-576.12	4547.10	1841.20	460.91	466.43
194	520	300	146	108	194	202	-0.57	-72.02	-3.30	15649.57	-549.52	4567.55	1844.19	489.91	481.56
194	520	300	146	108	194	202	-0.84	-71.67	-3.36	15639.09	-565.64	4627.57	1830.33	504.32	496.68
194	520	299	145	108	194	202	-1.19	-71.45	-3.55	15631.13	-615.56	4669.19	1917.82	499.05	517.75
194	520	300	146	108	193	202	-0.76	-71.41	-3.50	15639.18	-604.38	4680.73	2012.23	511.50	530.56
194	520	300	145	108	194	202	-0.83	-71.26	-3.47	15637.42	-594.56	4702.10	1995.06	529.02	519.53
194	520	300	145	108	195	202	-1.40	-71.03	-3.63	15621.75	-637.63	4754.39	2005.81	523.42	511.91
194	520	300	145	108	195	201	-1.01	-71.03	-3.62	15626.66	-634.75	4764.67	2115.42	528.75	518.21
194	520	300	146	108	194	201	-0.26	-70.88	-3.50	15621.53	-603.01	4787.84	2204.10	552.56	519.70
193	520	300	145	109	195	201	0.38	-70.66	-3.37	15612.25	-566.66	4820.05	2249.54	579.74	525.52
193	520	300	146	109	195	201	0.80	-70.39	-3.26	15585.04	-535.73	4865.64	2256.92	597.05	522.09
193	520	301	146	109	196	200	1.13	-70.20	-3.20	15562.79	-519.54	4907.36	2279.82	596.45	526.13
193	520	300	146	108	195	200	1.49	-70.11	-3.08	15554.45	-486.77	4929.99	2263.18	606.52	532.68
193	520	300	146	109	194	200	1.70	-69.96	-2.97	15532.32	-455.83	4964.29	2188.57	605.00	526.24
193	520	300	146	108	196	199	1.34	-69.85	-2.96	15513.91	-452.84	5008.68	2088.64	584.40	502.18
193	520	300	146	109	195	198	1.40	-69.76	-2.83	15499.41	-418.00	5050.44	1990.81	564.28	476.22
193	520	300	146	109	196	198	1.17	-69.72	-2.79	15491.44	-405.10	5080.72	1878.37	550.26	455.71
192	520	300	146	109	195	198	1.01	-69.57	-2.78	15471.87	-401.44	5122.09	1810.00	544.20	442.38
192	520	300	146	109	195	198	1.06	-69.48	-2.75	15455.47	-394.97	5161.98	1804.85	526.94	440.01
192	520	301	146	109	195	198	1.44	-69.49	-2.67	15456.70	-372.02	5175.28	1831.96	526.39	437.21
191	520	301	146	109	195	198	1.74	-69.34	-2.53	15435.47	-333.02	5206.12	1800.91	526.17	426.90
191	520	301	146	108	195	198	2.12	-69.26	-2.37	15428.49	-292.57	5242.41	1763.47	512.42	417.95
191	520	300	146	108	195	198	2.31	-69.33	-2.24	15392.07	-255.34	5264.89	1692.69	463.99	401.40
191	520	300	146	109	196	198	2.19	-69.52	-2.18	15396.06	-241.97	5265.25	1617.41	421.14	395.28
191	520	300	145	108	195	198	1.79	-69.65	-2.22	15405.06	-250.87	5258.38	1574.99	404.19	390.82
191	520	300	146	108	196	198	1.70	-69.61	-2.24	15402.01	-257.93	5274.86	1586.04	401.33	382.73
191	520	300	146	109	196	198	2.26	-69.59	-2.11	15392.51	-221.43	5284.52	1596.54	402.76	385.04
191	519	301	146	109	196	198	2.21	-69.59	-2.07	15385.48	-210.56	5296.30	1574.66	388.52	382.24
191	520	301	146	109	196	197	2.34	-69.62	-2.03	15383.21	-200.23	5306.28	1586.48	375.85	379.28
191	520	300	147	108	196	198	3.00	-69.66	-1.89	15391.25	-165.62	5302.97	1638.05	377.11	389.81
190	520	301	147	109	196	197	3.54	-69.60	-1.77	15376.88	-133.54	5312.02	1672.60	382.45	412.52
190	520	300	146	109	196	196	4.17	-69.58	-1.62	15378.44	-92.66	5299.82	1696.37	401.58	450.55
191	520	300	145	108	196	196	4.28	-69.55	-1.63	15372.32	-95.63	5298.43	1760.60	417.95	472.12
190	520	300	146	108	196	196	4.94	-69.38	-1.49	15367.10	-57.25	5316.30	1814.57	446.95	504.16
191	520	300	146	108	196	195	5.01	-69.19	-1.48	15349.15	-56.59	5351.29	1855.84	461.90	529.01
191	520	301	147	109	196	194	5.50	-69.15	-1.38	15345.49	-28.56	5362.92	1892.10	461.66	544.86
191	520	300	146	109	196	195	5.23	-69.17	-1.38	15338.01	-28.13	5370.38	1855.75	454.13	550.86
190	520	301	146	108	196	194	4.57	-69.11	-1.57	15341.91	-78.32	5404.26	1882.61	444.07	554.27
190	520	301	146	108	196	194	5.12	-69.01	-1.52	15345.82	-65.81	5410.45	2006.13	475.82	583.56
190	520	301	147	109	197	193	5.72	-68.82	-1.41	15332.73	-36.12	5429.52	2079.57	502.92	606.53
190	520	301	146	108	196	193	6.32	-68.69	-1.27	15319.49	2.09	5445.85	2121.34	510.98	621.55
190	520	301	147	108	197	193	6.51	-68.46	-1.10	15297.52	47.18	5488.16	2032.63	514.88	623.22
190	520	301	147	109	197	193	5.92	-68.41	-1.14	15280.84	36.63	5523.55	1922.94	484.84	613.11
189	520	301	146	108	197	192	5.78	-68.52	-1.05	15270.20	60.39	5526.97	1833.30	448.74	601.36
190	520	301	147	109	197	192	5.53	-68.75	-1.02	15276.69	66.37	5513.02	1753.73	423.21	601.29
190	520	301	146	108	197	192	4.93	-68.81	-1.15	15286.65	34.26	5499.57	1724.50	424.60	606.28
190	520	301	146	109	197	192	5.11	-68.73	-1.15	15292.72	33.54	5498.59	1761.12	457.42	621.71
190	520	301	147	108	197	192	5.29	-68.51	-1.07	15272.88	53.67	5527.26	1755.46	473.70	627.43
190	520	301	146	108	198	192	5.12	-68.45	-1.01	15256.64	70.58	5554.90	1662.64	455.56	614.90
189	520	302	146	108	198	192	4.43	-68.52	-1.08	15269.61	51.45	5568.55	1557.76	436.73	598.51
190	520	301	146	108	197	191	3.97	-68.45	-1.13	15261.73	39.08	5590.33	1482.67	431.40	581.53
189	520	301	147	109	197	190	3.42	-68.38	-1.25	15257.44	7.93	5612.21	1459.39	424.13	574.56
190	520	301	146	109	198	191	3.43	-68.32	-1.27	15257.97	2.93	5632.20	1478.87	424.47	568.78
190	520	301	147	109	198	191	3.63	-68.25	-1.19	15249.67	23.98	5654.59	1464.72	417.70	560.04
189	521	301	147	108	198	191	3.58	-68.20	-1.19	15243.99	24.78	5675.66	1446.74	408.91	551.59
190	520	301	147	109	197	190	3.66	-68.20	-1.20	15238.39	22.55	5687.88	1461.90	400.47	545.61
189	520	302	147	109	198	190	3.78	-68.26	-1.15	15241.87	33.02	5682.28	1466.01	394.14	536.83
189	520	302	147	108	197	190	3.71	-68.23	-1.23	15236.97	13.37	5686.77	1500.76	400.99	534.44
189	520	302	147	109	198	190	4.34	-68.24	-1.09	15236.53	49.10	5685.63	1520.87	414.59	531.96
189	520	301	147	108	198	190	4.27	-68.19	-1.05	15220.70	61.84	5705.35	1453.48	402.66	520.27
190	521	301	147	109	197	190	4.22	-68.24	-0.96	15213.26	83.75	5716.48	1355.25	373.67	527.75
189	520	301	146	109	198	191	3.98	-68.32	-0.92	15208.60	93.76	5721.86	1247.49	344.84	550.07
189	520	301	146	109	198	189	3.42	-68.35	-1.02	15217.57	68.88	5732.96	1182.16	329.80	571.91
189	520	301	147	109	199	191	3.04	-68.24	-1.11	15211.69	45.83	5752.32	1158.06	335.71	575.02
189	520	302	147	109	200	191	2.84	-68.17	-1.11	15210.71	44.14	5761.90	1100.65	347.72	558.67
189	520	301	147	108	199	190	2.45	-68.00	-1.15	15189.17	35.33	5795.40	1022.62	348.89	537.53
189	520	301	147	109	199	191	2.15	-67.88	-1.19	15175.31	26.17	5823.23	978.84	346.69	526.81
188	520	302	147	109	200	191	1.96	-67.79	-1.20	15168.55	22.26	5843.67	960.25	339.61	512.87
188	520	301	146	109	200	191	1.72	-67.70	-1.30	15172.12	-5.65	5865.69	983.44	344.88	506.67
188	520	301	147	108	200	191	2.10	-67.66	-1.28	15160.31	3.63	5867.40	1041.36	364.28	506.99
188	520	302	147	109	199	191	2.21	-67.54	-1.24	15149.90	11.05	5876.63	1045.45	385.82	508.24
188	520	302	147	109	199	190	2.08	-67.42	-1.29	15145.20	-1.31	5908.40	1056.12	389.93	489.93
188	520	302	147	109	199	190	2.07	-67.30	-1.33	15136.54	-12.04	5935.58	1082.02	394.03	482.13
188	521	302	147	109	199	190	2.22	-67.27	-1.36	15143.71	-18.04	5942.40	1142.17	403.18	486.17
188	520	301	147	108	200	190	2.54	-67.20	-1.27	15127.13	5.86	5951.68	1136.96	412.12	475.67
188	520	301	147	109	200	190	2.33	-67.07	-1.26	15109.17	9.57	5989.70	1066.76	394.77	446.13
187	520	302	147	109	200	190	2.36	-67.01	-1.22	15096.71	18.09	6020.81	1037.42	368.93	431.88
187	520	302	148	109	200	191	2.75	-67.05	-1.09	15091.68	53.39	6023.77	1008.30	354.63	427.98
187	521	302	147	109	200	190	2.36	-67.01	-1.17	15080.89	33.72	6034.78	966.19	352.15	422.93
187	520	302	147	109	200	190	2.43	-66.98	-1.15	15084.25	36.63	6048.05	971.38	351.49	420.49
187	521	302	147	109	200	189	2.31	-66.95	-1.16	15082.03	34.00	6065.84	948.51	341.67	411.71
187	520	301	147	109	200	190	2.41	-67.05	-1.13	15087.73	42.50	6053.75	937.83	335.88	407.08
187	520	302	147	109	200	190	2.13	-67.04	-1.19	15087.75	27.78	6061.26	898.99	339.14	396.17
187	520	303	148	109	200	190	1.77	-66.99	-1.30	15074.36	-2.41	6080.40	904.59	336.23	383.56
187	520	302	147	108	201	189	1.93	-66.99	-1.30	15077.24	-2.49	6079.98	943.31	342.87	378.29
187	520	302	148	109	201	189	2.20	-66.88	-1.22	15071.98	20.63	6087.98	949.80	364.68	375.12
187	520	301	147	110	199	189	2.27	-66.74	-1.20	15063.38	26.80	6109.78	932.26	374.99	361.67
187	520	302	147	109	201	189	2.37	-66.63	-1.13	15056.41	42.26	6128.89	901.34	382.59	346.88
186	521	302	147	109	199	188	2.32	-66.53	-1.10	15044.79	51.15	6150.05	858.53	372.46	331.09
186	520	303	148	108	200	189	2.27	-66.56	-1.07	15046.35	59.39	6154.95	812.60	358.74	318.73
186	520	302	147	109	201	189	1.85	-66.55	-1.20	15051.23	24.22	6164.80	813.97	355.85	311.95
186	520	302	148	109	200	189	2.09	-66.42	-1.25	15051.27	11.41	6183.76	897.67	376.96	308.60
187	521	302	148	109	201	189	2.83	-66.25	-1.11	15045.51	47.24	6197.97	985.14	408.46	313.87
187	520	302	147	109	200	188	3.39	-66.10	-0.96	15027.63	88.48	6215.47	1005.88	422.99	312.58
187	521	302	148	109	201	188	3.46	-66.08	-0.89	15007.85	104.85	6237.30	970.09	406.19	300.20
187	520	302	147	109	201	188	3.41	-66.07	-0.87	15000.46	112.01	6243.83	922.68	398.33	290.14
187	520	302	148	109	202	188	2.96	-66.06	-0.98	14999.03	82.61	6256.64	907.85	393.21	280.53
187	521	302	147	108	201	188	3.19	-66.05	-0.93	14996.48	96.28	6257.01	925.66	401.65	277.00
187	520	302	147	109	200	188	3.29	-65.92	-0.86	14990.26	113.07	6289.16	899.12	400.92	267.15
186	521	302	147	109	200	187	3.33	-65.82	-0.82	14977.95	124.21	6313.30	877.07	398.12	257.95
187	520	303	148	109	201	188	3.57	-65.80	-0.73	14971.25	147.00	6320.84	865.56	394.52	255.30
186	521	303	148	109	202	188	3.36	-65.80	-0.75	14969.49	141.45	6336.79	851.84	386.99	254.63
186	521	302	147	110	201	188	3.26	-65.75	-0.77	14964.01	136.58	6350.75	849.09	380.64	249.55
187	521	302	148	109	201	187	3.41	-65.69	-0.66	14946.01	166.75	6370.22	800.79	364.86	236.17
187	521	302	148	110	201	186	3.06	-65.70	-0.74	14937.51	145.61	6394.11	764.30	331.12	231.52
187	520	302	148	109	201	187	3.03	-65.77	-0.76	14930.83	140.93	6397.00	748.38	307.76	224.39
187	520	302	148	109	200	187	2.87	-65.76	-0.76	14934.29	140.29	6417.55	710.62	292.17	205.32
187	521	302	148	109	202	187	2.89	-65.76	-0.72	14923.18	150.27	6428.67	687.38	270.12	190.60
187	521	302	147	109	201	187	2.83	-65.81	-0.72	14920.02	149.16	6436.24	672.42	239.71	181.17
187	520	302	148	109	200	187	2.95	-65.93	-0.70	14923.62	155.50	6423.63	673.79	220.37	174.42
187	521	303	148	110	201	187	3.06	-66.09	-0.65	14935.63	168.32	6395.65	652.70	212.66	159.89
187	520	302	148	109	202	187	2.77	-66.13	-0.75	14944.65	141.11	6388.26	677.97	228.52	151.00
186	520	302	148	109	200	187	3.10	-66.04	-0.79	14939.82	131.45	6389.65	808.07	253.75	154.85
187	520	303	147	109	201	186	4.12	-65.96	-0.60	14935.83	179.28	6377.77	927.02	286.81	156.41
187	520	303	147	109	201	186	4.98	-65.89	-0.40	14928.64	230.72	6374.08	995.27	305.72	165.59
187	521	302	147	109	200	186	5.49	-65.80	-0.22	14914.80	277.18	6385.58	991.45	308.63	169.56
187	521	302	147	110	201	185	5.63	-65.84	-0.09	14905.86	311.12	6379.10	929.73	299.50	166.13
187	521	303	148	109	201	185	5.47	-65.91	-0.09	14905.37	311.77	6375.34	883.84	288.58	173.72
187	520	302	148	109	200	186	5.50	-65.91	-0.03	14903.10	327.58	6374.97	859.20	295.45	180.69
187	520	302	147	110	201	185	5.36	-65.86	-0.01	14902.55	332.80	6394.03	817.34	288.22	181.20
187	521	302	147	109	200	186	5.25	-65.85	0.01	14905.22	336.36	6400.52	781.82	280.81	179.69
187	520	302	147	109	201	185	5.18	-65.85	0.05	14905.36	347.54	6411.90	742.78	271.47	178.01
187	521	302	147	110	202	186	5.01	-65.88	0.03	14906.49	342.56	6407.70	716.29	270.70	171.01
187	521	303	148	109	200	185	4.90	-65.74	0.01	14896.57	336.84	6432.92	702.88	278.46	167.91
187	521	302	148	109	201	185	5.07	-65.61	0.08	14881.14	354.19	6465.27	689.09	272.59	165.11
186	521	301	148	109	200	186	4.97	-65.60	0.12	14875.88	365.08	6485.01	630.08	249.96	147.71
187	520	302	148	108	200	185	4.90	-65.68	0.13	14876.09	368.43	6496.16	594.13	223.21	133.12
187	521	302	147	109	202	185	4.93	-65.71	0.20	14880.68	385.21	6496.95	548.47	206.20	118.81
187	521	302	147	109	201	186	4.92	-65.75	0.25	14875.65	397.15	6503.30	508.85	186.04	108.82
187	521	302	148	109	201	186	4.77	-65.81	0.23	14867.27	391.09	6484.54	501.10	186.89	102.28
187	521	302	148	109	201	186	5.14	-65.73	0.33	14855.10	418.74	6492.71	516.30	190.30	101.17
186	521	303	148	109	201	186	5.45	-65.72	0.44	14852.15	446.60	6498.67	514.48	183.68	101.31
187	520	302	147	109	202	185	5.94	-65.76	0.55	14852.14	474.87	6486.34	545.61	183.35	112.34
187	520	302	147	110	201	185	6.54	-65.90	0.76	14865.53	527.93	6448.22	540.68	191.13	128.93
186	520	302	148	109	202	186	6.26	-65.92	0.72	14867.26	516.93	6442.21	510.70	198.82	137.18
186	521	302	147	109	201	186	6.26	-65.87	0.70	14864.29	512.08	6450.10	531.21	214.98	148.27
186	520	303	148	109	201	185	6.54	-65.87	0.77	14850.68	529.48	6438.60	560.25	226.83	165.86
186	520	302	148	110	201	185	6.38	-65.84	0.72	14848.94	517.40	6433.07	565.99	245.19	176.47
186	521	302	148	110	202	185	6.47	-65.68	0.70	14838.70	511.53	6450.81	607.79	267.63	184.19
186	521	302	147	110	202	185	6.66	-65.48	0.80	14831.76	537.56	6470.07	610.85	284.60	191.53
187	521	302	147	110	202	185	6.53	-65.35	0.80	14833.37	536.48	6499.97	593.66	289.22	193.21
186	521	302	148	109	200	185	6.55	-65.24	0.86	14830.51	551.46	6517.17	552.67	295.91	187.70
186	521	302	147	109	201	186	6.37	-65.09	0.81	14819.98	539.28	6548.91	545.54	295.36	195.26
186	520	302	148	109	201	185	6.30	-65.02	0.81	14812.38	538.52	6564.87	538.81	298.20	202.70
187	520	302	147	110	202	185	6.07	-64.95	0.76	14797.96	526.59	6596.22	533.27	284.94	198.86
186	521	303	148	109	201	185	6.07	-64.98	0.77	14796.06	528.86	6608.21	527.86	266.74	195.57
187	521	302	148	109	201	185	5.95	-65.03	0.75	14792.86	524.62	6616.40	513.82	244.30	193.79
187	521	302	148	108	201	185	5.85	-65.07	0.72	14787.82	516.99	6624.38	497.98	228.99	186.75
186	521	302	147	109	202	185	5.80	-65.12	0.71	14794.23	513.14	6633.36	490.98	208.14	171.81
187	521	302	148	109	202	185	5.71	-65.22	0.71	14794.31	512.08	6626.49	469.83	191.53	160.92
186	521	303	147	109	201	185	5.55	-65.32	0.65	14802.60	498.88	6617.97	465.69	182.95	152.23
186	521	303	147	109	201	185	5.72	-65.37	0.68	14813.87	505.53	6612.07	493.40	181.31	146.22
186	521	303	147	109	202	185	5.68	-65.42	0.60	14809.17	486.06	6602.47	554.78	181.49	144.56
186	521	302	148	109	202	185	5.95	-65.38	0.57	14808.12	477.16	6593.94	655.34	204.37	154.18
186	521	302	148	109	202	184	6.10	-65.34	0.42	14809.91	440.90	6576.25	836.63	243.85	176.12
186	520	302	148	109	202	183	6.94	-65.28	0.39	14822.81	432.45	6542.83	1115.59	315.51	183.91
186	521	303	148	109	201	183	8.67	-64.98	0.77	14811.07	529.83	6536.69	1294.76	381.78	190.82
186	521	302	148	109	201	182	9.57	-64.66	1.10	14796.32	611.74	6573.46	1329.93	402.49	192.63
186	520	303	147	108	202	182	9.88	-64.47	1.33	14785.50	670.35	6621.18	1288.53	391.07	194.49
186	521	302	148	109	202	182	9.96	-64.44	1.49	14773.83	708.43	6643.72	1206.60	366.36	188.42
186	521	303	148	109	202	182	9.71	-64.53	1.55	14774.34	724.41	6645.14	1096.67	344.55	172.10
186	521	303	149	109	202	182	9.60	-64.51	1.61	14769.62	740.39	6650.88	1026.99	339.77	166.14
186	520	302	148	109	201	182	9.48	-64.48	1.68	14754.74	757.37	6663.74	956.44	332.38	161.29
186	521	303	148	109	202	182	9.29	-64.47	1.70	14753.00	761.10	6670.75	907.52	326.26	159.67
186	521	302	148	109	202	182	9.32	-64.41	1.76	14746.15	777.05	6683.41	881.34	327.25	158.09
186	521	303	148	109	203	182	9.49	-64.33	1.86	14736.24	801.20	6707.24	859.47	319.44	159.48
186	520	302	148	109	203	182	9.45	-64.31	1.90	14728.63	811.14	6718.88	824.75	310.71	160.31
186	520	303	148	110	202	182	9.29	-64.22	1.91	14719.00	813.78	6749.54	794.11	296.03	155.99
186	521	303	148	109	202	182	9.22	-64.13	1.95	14717.45	825.89	6781.46	743.36	286.68	151.84
186	520	303	149	109	202	182	9.07	-64.10	1.98	14709.18	831.80	6810.39	705.29	255.44	145.35
186	521	303	148	109	201	182	9.16	-64.06	2.11	14704.92	862.61	6850.27	660.68	212.82	140.44
186	521	303	148	110	203	182	8.92	-64.27	2.11	14709.47	863.08	6846.75	599.29	168.73	131.61
186	521	303	148	110	203	182	8.61	-64.45	2.05	14717.20	850.32	6842.02	561.73	136.69	116.33
186	521	303	148	109	202	182	8.59	-64.51	2.08	14719.34	855.41	6837.11	540.04	126.31	110.12
186	521	303	149	110	203	182	8.50	-64.55	2.08	14718.77	856.84	6836.06	534.79	114.49	111.31
186	521	303	148	109	203	182	8.62	-64.62	2.15	14708.03	874.59	6829.85	513.95	99.02	108.14
186	521	303	148	109	203	181	8.38	-64.73	2.12	14711.83	867.26	6808.96	489.45	98.17	108.94
186	521	303	148	110	203	181	8.52	-64.80	2.13	14713.84	870.50	6779.11	504.33	117.01	122.39
186	520	303	148	109	203	182	9.03	-64.79	2.26	14713.35	901.78	6755.96	517.16	142.61	145.27
185	520	304	148	109	203	182	8.95	-64.71	2.25	14713.68	899.29	6761.36	523.15	163.58	183.26
186	520	303	148	109	203	182	8.85	-64.65	2.19	14719.19	884.72	6773.49	550.75	171.45	185.99
186	520	303	148	110	203	182	9.08	-64.64	2.28	14719.23	908.29	6777.42	555.11	167.93	164.34
186	520	303	149	109	203	182	9.25	-64.70	2.38	14720.07	932.07	6767.95	536.90	158.33	151.28
186	520	302	148	110	203	182	9.49	-64.65	2.46	14721.27	953.27	6776.55	543.61	158.26	146.31
185	520	303	148	109	202	182	9.76	-64.59	2.52	14708.80	967.80	6791.12	586.78	146.75	152.95
185	520	304	148	110	201	182	10.05	-64.62	2.55	14704.76	973.61	6790.57	651.64	137.01	165.05
186	520	304	148	109	203	181	10.43	-64.62	2.63	14705.73	994.73	6780.84	706.06	143.76	172.25
186	520	303	149	110	202	181	10.59	-64.60	2.61	14689.64	989.20	6790.59	779.20	134.42	186.99
186	521	303	148	110	203	181	11.19	-64.65	2.70	14696.56	1011.74	6780.46	869.59	138.20	208.74
185	520	303	148	109	203	181	11.80	-64.64	2.91	14695.13	1064.95	6767.44	885.56	138.14	221.75
185	520	303	148	110	202	181	11.49	-64.67	2.94	14702.37	1072.70	6772.67	793.14	120.29	225.11
185	520	303	148	110	204	181	11.26	-64.81	2.95	14697.45	1075.67	6768.44	728.23	86.82	232.66
185	520	304	148	110	203	181	11.17	-65.00	2.96	14706.58	1078.88	6736.01	687.07	64.68	252.97
185	520	304	148	109	203	182	10.90	-65.15	2.92	14716.85	1068.74	6707.81	668.76	65.05	270.13
184	520	303	148	109	203	181	10.64	-65.20	2.84	14725.81	1047.50	6695.22	650.38	72.39	279.52
185	520	303	149	109	204	182	10.47	-65.20	2.78	14732.12	1032.33	6689.06	649.36	78.27	279.89
185	520	303	148	109	203	182	10.58	-65.15	2.81	14725.91	1040.31	6690.61	656.34	80.76	269.95
185	520	303	148	109	205	181	10.76	-65.14	2.90	14725.42	1063.70	6691.48	638.37	77.17	264.40
184	520	304	148	108	204	181	10.64	-65.13	2.91	14719.95	1065.11	6701.30	597.65	72.66	261.18
185	520	303	148	109	204	181	10.53	-65.13	2.87	14727.95	1055.46	6710.24	583.37	59.73	258.67
185	520	303	148	109	204	181	10.48	-65.18	2.88	14722.95	1057.48	6716.93	580.15	36.04	255.64
185	520	303	148	109	204	181	10.40	-65.25	2.87	14728.40	1056.21	6714.28	562.35	19.54	238.96
185	520	303	148	109	204	181	10.51	-65.36	2.88	14745.38	1059.40	6708.37	583.13	3.76	226.71
186	521	304	148	108	203	181	10.93	-65.49	2.96	14761.31	1079.63	6688.55	609.87	-6.07	215.87
186	520	303	148	109	203	181	11.25	-65.63	3.09	14777.05	1115.05	6652.72	580.03	-16.27	199.98
186	520	303	148	109	204	181	11.27	-65.80	3.11	14786.20	1120.49	6620.08	542.03	-20.26	186.68
186	521	303	148	110	204	182	11.26	-65.93	3.11	14785.29	1120.07	6586.88	528.53	-20.04	170.05
187	521	303	147	110	204	181	11.51	-66.03	3.14	14786.22	1128.47	6558.14	534.70	-18.44	167.14
187	521	304	149	109	204	182	11.72	-66.13	3.15	14783.51	1130.24	6534.03	557.96	-20.82	164.74
188	521	303	148	110	204	181	11.75	-66.17	3.12	14791.33	1123.93	6516.53	603.07	-8.63	172.45
189	521	303	149	110	204	179	11.59	-66.10	3.01	14791.77	1095.33	6515.70	665.91	17.00	185.68
189	521	303	148	110	205	180	11.64	-66.00	2.97	14791.38	1083.77	6513.92	729.52	43.60	186.44
188	521	303	148	109	205	180	11.56	-65.96	2.89	14800.41	1063.38	6526.82	792.29	49.62	177.92
189	521	303	148	110	205	178	11.93	-65.84	2.87	14815.19	1059.41	6536.88	922.83	71.99	193.73
189	521	303	148	109	204	179	12.25	-65.69	2.83	14821.63	1051.84	6541.43	1049.24	120.39	214.09
189	521	303	148	109	204	178	12.36	-65.45	2.78	14796.35	1035.05	6564.16	1154.52	140.87	199.18
189	522	302	149	109	205	177	12.78	-65.26	2.82	14793.93	1046.10	6590.15	1249.35	154.83	179.88
190	522	303	148	110	206	177	13.45	-65.09	3.01	14796.23	1095.19	6596.45	1320.93	176.74	170.28
189	522	304	149	109	205	176	13.67	-64.94	3.05	14791.02	1105.43	6618.42	1378.83	188.65	160.77
189	522	303	148	109	205	176	14.31	-64.79	3.16	14790.67	1131.16	6630.50	1494.44	212.32	163.38
189	522	303	148	109	205	177	15.10	-64.58	3.38	14783.34	1188.20	6657.38	1580.27	222.70	159.66
189	522	303	149	109	205	176	15.52	-64.58	3.60	14767.37	1243.39	6662.91	1555.76	197.07	138.18
189	522	303	149	110	206	176	15.50	-64.73	3.78	14756.40	1287.02	6661.76	1428.22	138.46	86.62
189	522	304	148	110	206	176	15.54	-64.83	3.97	14759.98	1335.67	6660.87	1302.21	101.09	49.94
189	522	303	148	110	206	176	15.72	-64.98	4.13	14759.38	1374.49	6638.83	1231.35	72.39	44.54
189	522	303	148	110	206	177	15.75	-65.08	4.23	14753.81	1400.96	6631.69	1156.58	40.27	24.36
189	522	303	148	110	206	176	16.02	-65.19	4.41	14747.52	1444.91	6617.70	1094.50	9.05	12.25
189	522	303	148	110	206	176	16.31	-65.36	4.60	14755.95	1493.47	6589.62	1014.53	-15.95	-1.22
189	522	303	148	110	206	176	16.33	-65.40	4.72	14757.55	1526.00	6578.14	922.55	-20.60	-19.26
189	522	303	148	110	205	176	16.43	-65.30	4.88	14742.27	1563.10	6597.63	863.52	-34.97	-19.09
189	522	303	148	109	206	177	16.44	-65.29	5.00	14729.76	1593.54	6618.95	807.50	-64.67	-11.84
188	522	303	149	110	206	177	16.37	-65.40	5.09	14737.27	1616.46	6627.80	737.52	-107.39	-26.30
189	522	303	148	110	206	176	16.38	-65.39	5.25	14728.81	1656.24	6638.61	641.84	-135.72	-31.58
189	522	303	149	110	206	176	16.31	-65.57	5.34	14734.57	1681.63	6620.28	545.15	-164.23	-33.55
190	522	303	149	110	206	177	16.11	-65.73	5.36	14745.84	1686.95	6602.67	466.30	-183.52	-35.48
190	522	303	149	110	206	177	16.05	-65.90	5.35	14747.95	1685.00	6582.33	456.98	-209.45	-30.20
189	521	304	148	110	206	177	16.28	-66.02	5.42	14752.75	1702.15	6562.62	452.68	-228.07	-25.24
189	521	304	149	110	206	177	16.53	-66.12	5.55	14752.31	1735.44	6551.89	409.95	-258.72	-23.93
190	521	303	148	110	206	177	16.39	-66.36	5.65	14753.50	1761.07	6527.29	290.65	-310.98	-29.03
190	521	303	149	110	206	177	15.66	-66.65	5.56	14765.62	1739.22	6496.73	145.77	-352.43	-43.38
189	521	303	149	110	207	177	15.08	-66.84	5.43	14776.94	1706.26	6477.29	80.33	-373.71	-53.71
189	521	304	149	110	206	177	15.00	-67.02	5.35	14790.49	1688.94	6458.82	93.71	-398.88	-68.98
190	522	303	149	110	206	177	15.39	-67.13	5.48	14795.97	1721.30	6447.08	88.48	-432.58	-77.68
189	521	303	149	110	206	177	15.65	-67.22	5.63	14800.57	1761.83	6432.93	34.15	-467.10	-82.69
190	521	303	149	109	206	177	15.49	-67.43	5.66	14804.14	1767.34	6416.68	-35.15	-509.90	-81.56
190	521	304	148	110	206	177	15.22	-67.69	5.64	14828.73	1764.97	6390.05	-109.25	-545.95	-84.13
189	521	304	149	110	206	178	15.20	-67.95	5.67	14841.50	1774.12	6353.35	-193.43	-583.26	-98.17
189	521	303	149	110	206	178	15.33	-68.29	5.75	14853.42	1796.22	6297.88	-276.16	-619.79	-103.07
190	521	303	149	110	206	177	15.01	-68.62	5.62	14866.55	1765.81	6251.18	-293.25	-653.85	-97.86
189	521	304	149	110	207	178	15.19	-68.76	5.58	14884.22	1755.72	6220.43	-238.29	-654.26	-79.47
189	521	303	149	110	207	178	15.53	-68.93	5.63	14891.01	1768.73	6181.00	-205.48	-666.45	-72.80
189	521	304	149	110	206	178	15.93	-69.14	5.67	14906.86	1780.69	6133.35	-203.00	-679.23	-65.81
189	521	304	149	110	206	178	16.09	-69.41	5.67	14925.32	1784.26	6079.69	-230.45	-691.86	-58.32
189	521	304	149	109	206	179	15.97	-69.66	5.61	14945.25	1769.65	6032.10	-241.88	-705.27	-45.45
188	521	303	149	110	206	178	16.16	-69.83	5.57	14961.79	1760.96	5993.70	-215.19	-704.36	-33.13
188	521	304	149	110	206	178	16.48	-70.06	5.57	14982.30	1762.72	5945.41	-183.43	-709.79	-16.82
189	520	304	148	110	205	178	16.55	-70.29	5.52	15002.38	1750.18	5888.74	-172.76	-706.65	-4.48
188	521	304	149	110	206	178	16.41	-70.49	5.41	15015.87	1725.07	5848.50	-163.92	-708.87	-2.51
188	521	304	149	110	206	178	16.45	-70.67	5.35	15044.47	1712.22	5805.68	-138.77	-708.47	2.17
188	521	304	148	109	207	179	16.74	-70.84	5.35	15066.65	1712.01	5761.19	-103.63	-706.60	5.76
188	521	304	149	111	205	178	17.12	-71.07	5.36	15089.52	1719.81	5704.53	-92.20	-709.92	2.52
188	521	304	148	109	205	178	17.06	-71.19	5.30	15100.84	1703.82	5674.91	-99.79	-716.17	-6.75
189	520	303	149	110	206	178	17.22	-71.35	5.31	15116.80	1707.43	5637.56	-103.40	-731.72	-15.32
188	520	304	149	110	207	178	17.18	-71.62	5.26	15152.96	1698.25	5585.88	-130.88	-738.53	-24.10
188	521	304	149	109	206	179	17.05	-71.85	5.18	15175.51	1679.34	5529.19	-166.39	-738.40	-33.14
188	520	303	149	110	205	179	16.86	-72.13	5.08	15210.54	1655.57	5464.53	-178.47	-735.53	-33.99
188	521	304	148	110	205	178	16.37	-72.37	4.91	15230.81	1615.80	5415.50	-176.15	-720.81	-37.44
188	521	304	149	110	206	179	16.45	-72.53	4.87	15254.87	1605.81	5373.13	-161.64	-716.32	-56.67
188	520	304	149	110	206	179	17.20	-72.74	4.93	15276.92	1624.52	5306.27	-168.31	-706.25	-82.58
188	520	303	148	109	206	179	18.42	-72.89	5.10	15299.28	1669.49	5226.96	-154.14	-682.44	-84.75
187	520	304	148	110	205	179	19.08	-72.97	5.15	15320.51	1683.41	5168.41	-101.98	-648.12	-76.67
188	520	304	149	110	206	179	19.75	-72.92	5.21	15342.89	1703.44	5132.19	-45.78	-611.16	-72.28
188	520	303	149	110	206	179	20.15	-72.85	5.30	15339.94	1725.87	5107.78	-39.05	-597.75	-89.07
188	521	304	149	110	205	179	20.61	-72.83	5.40	15338.15	1752.78	5081.19	-26.49	-592.46	-85.02
188	520	303	149	110	206	179	20.66	-72.98	5.38	15364.24	1750.94	5040.93	-34.72	-586.54	-79.36
187	520	304	149	110	205	179	20.30	-73.05	5.28	15386.63	1726.39	5006.48	-27.88	-567.21	-81.85
187	520	304	149	110	205	180	20.26	-72.98	5.26	15384.90	1720.47	4995.36	-4.04	-546.15	-93.75
187	521	304	149	110	206	180	20.64	-72.97	5.34	15384.85	1742.85	4973.19	-1.39	-534.45	-105.97
187	520	304	149	110	205	178	21.04	-73.01	5.43	15395.41	1766.31	4944.93	-1.52	-525.07	-106.32
187	520	304	149	110	206	180	21.23	-73.03	5.46	15403.24	1774.59	4912.29	-9.64	-501.32	-104.45
188	520	304	149	110	206	180	21.16	-72.90	5.45	15401.07	1771.66	4914.87	17.39	-483.45	-100.98
187	520	304	149	110	207	180	21.27	-72.88	5.47	15399.62	1777.08	4907.73	41.32	-479.73	-94.03
188	520	304	149	110	205	179	21.40	-72.99	5.49	15422.64	1783.02	4875.14	26.71	-478.84	-90.93
187	520	304	149	110	205	180	21.62	-73.06	5.49	15442.31	1786.47	4844.78	37.77	-460.15	-84.88
188	520	303	149	110	206	180	21.79	-73.08	5.50	15452.99	1788.55	4826.15	62.83	-437.49	-78.14
187	520	304	149	110	206	179	21.94	-73.07	5.53	15455.34	1799.32	4814.24	74.44	-431.37	-75.63
187	520	304	149	110	206	180	21.86	-73.13	5.52	15465.57	1797.56	4801.53	61.92	-436.20	-80.05
187	520	304	149	110	206	179	21.95	-73.12	5.56	15474.09	1808.08	4797.85	63.22	-438.84	-83.95
187	520	303	149	110	204	180	22.33	-73.28	5.64	15494.79	1832.07	4756.76	28.31	-448.25	-83.45
187	520	304	149	110	205	180	21.84	-73.60	5.54	15512.25	1806.47	4707.52	-35.55	-470.19	-102.38
188	520	304	149	110	206	180	22.24	-73.79	5.57	15526.64	1816.55	4668.34	-63.03	-480.33	-114.16
187	520	304	149	111	206	179	22.48	-73.92	5.60	15532.11	1825.92	4633.53	-81.33	-484.71	-116.60
187	520	304	149	110	206	180	22.89	-74.00	5.66	15558.30	1842.02	4595.25	-92.46	-478.48	-106.52
188	520	304	149	110	206	180	23.64	-74.19	5.75	15586.59	1870.72	4533.89	-136.59	-478.90	-102.89
187	520	304	149	110	205	181	24.00	-74.40	5.78	15611.26	1881.39	4460.59	-204.46	-470.21	-101.85
187	520	304	149	110	205	180	23.35	-74.45	5.62	15613.29	1837.72	4421.56	-167.28	-433.55	-76.01
187	520	304	149	110	205	181	23.80	-74.37	5.65	15602.43	1843.83	4393.68	-99.87	-392.17	-55.26
187	520	304	149	110	206	181	23.51	-74.42	5.59	15594.51	1828.24	4379.00	-121.18	-381.61	-58.19
187	520	304	149	110	206	181	23.66	-74.51	5.54	15614.38	1815.23	4343.65	-97.77	-370.88	-58.13
187	520	304	149	110	205	181	24.18	-74.41	5.61	15619.46	1835.27	4316.67	-53.38	-330.99	-45.13
187	520	304	149	110	205	180	24.46	-74.26	5.65	15623.89	1846.70	4307.43	-19.76	-286.44	-32.82
188	520	304	149	111	204	180	24.41	-74.09	5.66	15617.09	1849.77	4315.86	-9.47	-256.06	-29.23
187	520	304	149	110	205	181	24.13	-73.93	5.61	15617.44	1834.28	4345.07	25.50	-238.11	-26.27
187	520	304	149	110	206	181	24.66	-73.86	5.74	15622.77	1870.57	4339.02	33.58	-233.06	-27.46
187	520	304	149	110	206	181	24.70	-73.87	5.78	15623.63	1881.64	4329.47	0.45	-234.95	-26.23
188	520	304	149	110	205	181	24.92	-73.91	5.82	15627.85	1892.76	4312.39	2.68	-232.66	-21.12
188	520	304	149	111	205	180	25.15	-73.91	5.86	15625.26	1903.72	4299.17	15.59	-226.32	-9.96
188	520	304	149	110	205	180	25.54	-73.96	5.92	15618.59	1919.73	4275.61	26.21	-226.26	3.68
187	519	304	149	110	206	181	26.01	-74.07	5.97	15628.46	1932.54	4235.43	29.85	-220.59	17.20
187	520	304	149	110	206	181	26.06	-74.14	5.94	15630.04	1925.32	4211.06	59.81	-195.86	34.24
187	520	305	148	110	206	180	26.70	-74.13	6.02	15636.14	1947.05	4179.51	84.27	-177.17	51.38
187	520	304	149	110	204	181	26.38	-74.22	5.97	15648.13	1935.30	4151.93	71.65	-161.16	60.96
187	520	304	149	110	205	180	26.33	-74.26	5.93	15666.92	1927.93	4132.34	80.07	-143.20	71.66
187	520	304	149	110	206	181	26.45	-74.31	5.95	15664.38	1931.74	4102.32	59.47	-130.69	80.28
187	520	304	148	110	206	180	26.03	-74.41	5.83	15670.96	1900.15	4084.00	52.45	-119.01	88.71
188	520	304	149	110	205	181	25.97	-74.56	5.75	15687.81	1879.74	4042.20	58.77	-95.61	93.83
188	520	304	148	110	206	181	26.01	-74.52	5.72	15696.62	1871.56	4020.89	72.08	-61.28	94.74
187	520	304	149	110	205	181	26.43	-74.38	5.82	15691.59	1899.58	4006.85	77.93	-27.71	94.25
188	520	304	149	110	206	181	26.25	-74.25	5.83	15689.81	1901.20	4015.31	54.13	-4.23	94.99
188	520	305	149	110	207	180	26.06	-74.17	5.83	15688.52	1902.74	4026.94	45.43	12.13	106.64
188	520	304	149	110	205	181	25.61	-74.07	5.76	15686.89	1881.80	4048.59	65.11	29.98	121.31
188	520	304	149	110	206	181	25.66	-73.86	5.80	15678.55	1893.91	4072.16	83.75	50.53	136.59
187	520	304	149	110	206	181	25.29	-73.72	5.79	15681.02	1891.02	4100.36	68.71	58.20	145.86
187	520	304	149	110	205	181	24.87	-73.68	5.76	15676.37	1882.67	4124.94	53.63	52.49	148.17
188	520	304	149	110	206	181	24.53	-73.70	5.71	15677.75	1868.13	4132.09	39.70	46.42	152.51
187	520	304	149	110	206	180	24.54	-73.77	5.71	15688.07	1868.93	4121.49	8.31	47.40	154.93
187	520	304	149	110	205	181	24.30	-73.80	5.66	15689.26	1856.08	4121.01	1.40	47.83	160.54
188	520	304	149	110	205	181	24.25	-73.80	5.64	15693.20	1851.28	4123.76	27.28	47.93	175.41
187	520	304	148	110	206	181	24.00	-73.81	5.60	15693.74	1839.51	4129.77	20.61	41.64	177.89
187	520	305	149	110	206	181	23.59	-73.90	5.54	15693.25	1825.74	4126.48	-4.22	28.71	177.05
187	520	304	149	110	206	180	23.38	-74.01	5.45	15705.59	1801.65	4118.76	-6.71	21.67	181.39
187	520	304	149	110	205	181	23.25	-74.09	5.41	15710.91	1789.57	4109.22	-10.42	20.79	188.62
187	520	304	149	110	205	181	23.05	-74.20	5.33	15722.96	1770.29	4087.96	-17.40	28.25	191.14
188	520	305	149	110	207	181	22.77	-74.22	5.25	15733.61	1749.17	4081.96	-13.28	42.29	190.09
187	520	304	149	110	206	180	22.57	-74.24	5.20	15733.53	1735.51	4076.86	-7.82	49.32	181.68
188	520	304	149	110	205	181	22.73	-74.21	5.21	15736.26	1738.54	4079.62	-3.88	55.50	179.20
187	520	304	149	110	205	181	22.67	-74.13	5.24	15740.84	1748.61	4086.04	-20.73	58.43	181.89
188	520	305	149	110	205	181	22.55	-74.14	5.23	15742.00	1744.98	4088.74	-42.15	54.26	185.99
188	520	304	149	110	205	180	22.48	-74.17	5.19	15741.10	1733.53	4079.70	-31.29	61.40	191.74
187	520	304	149	110	205	180	22.35	-74.15	5.14	15736.65	1719.46	4074.12	-21.22	78.58	196.71
187	520	304	149	110	206	181	21.88	-74.09	5.02	15743.41	1687.28	4083.21	10.59	99.85	203.12
187	519	304	149	110	206	180	22.10	-74.00	5.04	15737.64	1692.92	4093.05	47.91	106.30	201.66
188	520	304	149	110	206	181	22.19	-73.97	5.09	15737.36	1705.87	4096.60	24.06	97.94	199.48
187	520	304	149	110	204	181	21.93	-74.06	5.02	15743.89	1687.18	4089.17	3.21	98.24	206.86
187	520	304	149	110	205	180	21.40	-74.08	4.90	15754.90	1656.62	4085.71	24.15	107.48	217.51
187	520	304	149	110	205	181	21.31	-74.19	4.83	15759.15	1637.99	4079.62	30.54	110.76	216.89
188	520	304	149	110	205	180	21.10	-74.34	4.76	15766.40	1620.29	4054.84	27.56	106.52	212.34
188	520	304	149	110	206	180	20.74	-74.35	4.67	15775.48	1595.08	4047.90	41.59	121.94	211.98
187	520	305	149	110	205	180	20.68	-74.34	4.64	15777.70	1586.92	4035.70	36.66	135.20	208.98
188	520	305	149	110	205	180	20.02	-74.35	4.50	15776.62	1549.98	4043.72	38.82	145.24	200.93
187	520	304	150	110	205	181	20.23	-74.33	4.49	15772.58	1546.68	4038.33	66.83	156.52	196.38
188	520	304	149	110	205	181	20.02	-74.30	4.43	15771.55	1531.34	4039.22	69.79	167.95	190.61
188	520	304	149	110	206	180	19.93	-74.21	4.40	15772.78	1522.78	4046.86	82.05	189.00	185.88
187	520	304	149	110	205	181	19.67	-74.07	4.36	15769.14	1511.84	4073.51	83.65	198.80	174.14
187	520	304	149	110	204	181	19.65	-73.98	4.36	15762.08	1511.64	4094.64	97.17	196.41	169.03
187	520	304	149	110	205	181	19.56	-73.90	4.35	15755.98	1507.86	4119.91	97.61	196.09	167.08
188	520	304	149	111	206	181	19.51	-73.86	4.33	15752.98	1501.47	4134.51	94.58	193.54	158.43
187	520	304	149	110	206	180	19.27	-73.83	4.29	15749.93	1491.60	4147.98	87.55	189.41	145.20
187	520	304	149	110	205	181	19.16	-73.81	4.28	15746.83	1487.02	4156.39	93.77	178.49	137.09
187	520	304	149	110	205	180	19.29	-73.89	4.32	15748.09	1499.27	4148.77	74.53	162.21	123.29
188	520	305	149	110	205	181	19.42	-73.99	4.31	15755.29	1497.90	4140.13	59.91	150.85	119.93
188	520	304	149	110	206	181	19.51	-74.12	4.28	15763.52	1489.81	4115.52	61.61	154.66	118.38
187	520	305	149	110	206	181	19.24	-74.18	4.20	15760.54	1468.32	4108.94	64.13	160.73	107.16
187	520	304	149	110	205	181	19.29	-74.12	4.20	15763.72	1468.30	4107.70	81.97	172.09	94.20
187	520	304	149	110	206	181	19.40	-73.99	4.25	15755.53	1480.49	4126.91	79.68	174.14	77.44
187	520	304	149	110	205	180	19.66	-73.92	4.31	15747.95	1495.26	4142.17	78.89	164.28	69.22
187	520	304	149	110	205	180	19.81	-73.95	4.33	15748.96	1500.70	4134.06	58.10	154.12	68.21
187	520	304	150	110	206	181	19.47	-73.99	4.26	15755.71	1482.06	4133.56	49.69	155.21	62.60
188	520	304	149	110	206	181	19.47	-73.96	4.24	15751.72	1478.56	4137.48	60.71	157.95	53.07
187	520	304	149	110	205	181	19.68	-73.96	4.31	15744.74	1495.03	4139.40	47.72	153.65	44.47
187	520	303	149	110	205	181	19.96	-74.02	4.35	15743.50	1507.68	4127.03	33.09	148.42	46.54
187	520	304	149	109	205	180	20.06	-74.09	4.36	15745.53	1509.70	4103.68	25.78	157.90	51.51
187	520	304	149	111	206	181	20.06	-74.12	4.33	15748.85	1500.21	4092.70	48.39	170.50	51.69
187	520	304	149	110	206	181	20.41	-74.05	4.38	15742.41	1514.80	4089.66	68.97	184.13	52.65
187	520	304	149	110	206	181	20.57	-73.97	4.42	15739.89	1525.06	4093.78	83.22	202.12	60.82
188	520	304	149	110	205	181	20.42	-73.90	4.40	15736.69	1519.21	4110.89	85.86	213.72	57.58
188	520	304	149	110	205	181	20.36	-73.77	4.41	15729.86	1521.25	4133.75	95.57	220.33	56.05
187	520	305	149	110	205	181	20.34	-73.63	4.41	15727.76	1522.19	4166.06	114.04	226.91	61.20
187	520	304	149	110	205	181	20.24	-73.60	4.39	15735.78	1517.28	4182.56	104.04	222.52	60.19
187	520	304	149	110	205	181	19.87	-73.63	4.32	15744.59	1499.81	4192.03	106.79	215.74	56.78
187	520	304	149	110	205	181	19.75	-73.65	4.28	15758.16	1487.42	4194.63	130.75	220.95	54.79
187	520	305	149	110	205	182	19.75	-73.52	4.26	15757.85	1484.25	4211.89	151.11	236.26	47.95
187	520	305	149	110	205	181	19.63	-73.25	4.29	15734.75	1489.24	4257.30	176.66	243.14	45.10
187	520	304	149	110	206	181	19.87	-73.16	4.42	15709.62	1522.58	4291.44	147.37	209.59	28.70
187	520	305	149	110	205	182	19.86	-73.26	4.48	15702.54	1538.65	4301.46	78.80	162.31	17.91
187	520	304	149	110	205	181	19.88	-73.40	4.49	15713.81	1540.51	4285.79	45.06	147.44	25.57
187	520	305	149	110	206	181	19.89	-73.52	4.45	15714.52	1530.09	4277.10	57.06	142.52	34.89
187	520	304	149	110	206	180	19.93	-73.60	4.42	15715.79	1523.78	4260.25	77.41	139.44	40.70
187	520	305	149	110	206	181	19.93	-73.70	4.40	15717.20	1518.60	4246.63	79.84	132.87	35.66
187	519	305	149	111	205	181	20.03	-73.69	4.41	15714.54	1521.27	4245.30	94.30	136.68	34.88
187	520	304	149	110	206	181	20.19	-73.67	4.45	15706.61	1530.20	4245.24	96.33	139.79	38.03
187	520	304	149	111	204	181	19.97	-73.73	4.41	15713.28	1520.09	4239.17	74.71	134.95	31.58
187	520	305	149	110	205	181	20.00	-73.83	4.43	15719.82	1525.49	4222.42	46.98	131.26	16.25
187	520	304	149	110	204	181	20.26	-73.89	4.47	15719.03	1537.01	4198.89	27.63	132.54	10.59
187	520	304	149	110	206	180	20.17	-73.88	4.45	15721.68	1530.96	4194.95	24.85	144.57	13.36
187	520	304	149	110	205	182	20.06	-73.76	4.44	15719.79	1529.81	4216.60	33.36	154.84	9.99
187	520	304	149	110	205	182	20.18	-73.65	4.50	15715.40	1544.12	4234.37	31.34	154.15	3.99
188	520	304	149	111	205	181	20.27	-73.62	4.54	15710.63	1555.12	4245.85	14.52	146.44	-2.56
187	520	304	149	110	205	181	20.25	-73.58	4.55	15710.90	1556.36	4244.96	2.74	156.67	0.22
187	520	304	149	110	206	181	19.98	-73.58	4.51	15709.75	1548.94	4256.11	-21.84	153.68	-4.19
187	520	305	149	110	206	182	19.51	-73.64	4.47	15711.27	1535.30	4258.91	-89.05	135.70	-23.88
187	520	304	148	110	205	181	19.16	-73.67	4.44	15711.90	1528.93	4260.96	-143.80	130.71	-38.84
187	520	304	149	110	204	181	18.92	-73.60	4.39	15704.51	1515.29	4268.91	-162.96	134.93	-44.94
187	520	304	149	110	206	181	18.99	-73.49	4.43	15686.48	1523.12	4273.27	-161.36	143.23	-46.90
187	520	305	149	110	205	181	19.02	-73.40	4.46	15677.36	1532.16	4286.00	-151.34	151.97	-45.75
187	520	305	149	110	205	181	19.17	-73.22	4.53	15661.09	1547.36	4311.50	-129.98	157.32	-45.91
187	520	304	149	110	205	181	19.34	-73.02	4.61	15646.04	1568.99	4348.93	-128.88	150.71	-45.82
188	520	304	150	110	204	180	19.35	-72.94	4.68	15633.93	1587.54	4379.68	-160.58	122.57	-50.83
187	520	304	149	110	205	181	19.29	-72.99	4.71	15643.04	1594.56	4394.70	-187.85	96.84	-45.04
187	520	304	149	110	205	181	19.26	-73.06	4.72	15649.08	1598.23	4396.96	-186.36	78.95	-30.23
187	520	304	149	110	206	181	19.09	-73.17	4.68	15657.43	1588.12	4392.52	-199.14	61.80	-26.12
187	520	305	149	110	205	181	19.00	-73.32	4.64	15669.76	1579.92	4378.29	-217.14	47.66	-22.82
187	520	304	149	110	205	181	18.92	-73.43	4.59	15669.67	1566.52	4371.17	-209.83	39.38	-8.23
187	520	305	149	110	206	181	18.95	-73.51	4.55	15667.19	1555.99	4363.02	-204.94	31.56	1.39
186	520	305	149	110	206	181	18.95	-73.72	4.53	15670.23	1549.19	4329.26	-238.54	16.93	-6.63
187	520	305	149	110	205	181	19.23	-73.91	4.54	15681.72	1553.73	4284.80	-257.36	12.64	-13.55
187	520	305	149	110	205	181	19.96	-74.02	4.61	15683.83	1572.05	4241.36	-239.65	23.40	-0.67
187	520	304	149	110	204	181	20.35	-74.05	4.66	15686.64	1585.85	4216.49	-241.86	37.33	12.81
187	520	305	149	110	206	181	20.17	-74.02	4.61	15687.71	1572.15	4213.27	-237.32	45.77	23.62
187	520	305	149	110	207	181	20.26	-74.04	4.62	15686.52	1575.35	4207.80	-228.45	51.58	29.84
187	520	305	149	110	205	181	20.02	-74.04	4.57	15686.20	1562.98	4208.21	-217.83	60.50	39.40
187	520	304	149	110	206	182	19.73	-73.94	4.53	15685.49	1549.23	4210.20	-209.69	77.37	47.48
188	520	305	149	110	204	181	19.61	-73.84	4.52	15675.81	1546.57	4223.49	-214.16	84.96	47.25
187	520	305	149	110	206	181	19.35	-73.77	4.46	15678.22	1532.84	4244.92	-213.10	87.46	52.79
187	520	305	149	110	205	181	19.25	-73.76	4.46	15677.51	1530.40	4253.47	-205.84	88.19	61.15
187	520	304	149	110	205	181	19.02	-73.72	4.42	15689.43	1520.28	4263.40	-208.35	92.33	70.14
187	520	305	149	110	205	181	18.51	-73.68	4.31	15689.56	1490.26	4275.23	-200.28	98.01	77.19
188	520	304	149	110	205	182	18.23	-73.64	4.22	15686.68	1468.15	4285.07	-178.02	96.91	80.43
187	520	305	149	110	205	181	18.14	-73.58	4.21	15681.15	1465.34	4297.41	-165.72	93.71	80.85
187	520	305	149	110	206	181	17.94	-73.63	4.17	15684.09	1453.28	4302.74	-162.23	81.08	82.06
187	520	305	149	110	205	181	17.73	-73.69	4.12	15692.68	1439.41	4307.41	-154.72	66.07	80.36
188	520	305	149	111	205	181	17.75	-73.70	4.11	15709.45	1439.04	4315.23	-141.78	60.57	86.34
187	520	305	149	110	205	181	17.86	-73.78	4.10	15716.38	1437.09	4302.27	-129.40	57.64	92.27
187	520	305	149	110	205	181	17.38	-73.88	4.00	15723.96	1409.23	4287.56	-123.18	58.06	92.26
187	520	305	149	110	205	181	17.25	-73.93	3.92	15727.56	1388.37	4278.98	-90.57	64.11	93.70
187	520	305	149	110	205	181	17.19	-73.97	3.88	15719.98	1378.15	4276.63	-82.94	63.15	84.71
187	520	304	149	110	205	181	17.07	-73.95	3.85	15728.18	1370.25	4281.00	-81.74	66.94	73.93
187	520	304	149	110	204	181	17.16	-73.95	3.85	15733.17	1370.33	4278.75	-62.70	65.45	71.63
187	520	305	149	110	205	181	16.99	-74.07	3.81	15734.52	1358.02	4262.81	-73.47	56.07	59.95
187	519	305	149	110	205	181	16.82	-74.17	3.74	15740.19	1341.92	4245.47	-73.25	56.32	46.40
187	520	304	149	110	207	181	16.90	-74.13	3.73	15743.78	1339.42	4250.20	-74.58	61.90	29.48
188	520	304	149	110	205	181	16.99	-74.03	3.75	15742.59	1344.85	4264.29	-68.50	66.21	19.41
188	520	305	149	110	205	181	17.11	-73.96	3.80	15732.46	1355.81	4286.67	-56.53	47.45	17.24
187	520	304	149	110	206	180	16.88	-74.05	3.78	15729.24	1352.62	4287.74	-70.80	16.73	6.23
187	520	305	149	110	205	181	16.64	-74.04	3.73	15736.38	1339.99	4298.35	-73.26	6.24	-5.19
188	520	305	149	110	206	181	16.83	-74.03	3.75	15733.36	1344.99	4303.24	-56.25	1.28	-12.53
187	520	304	149	110	205	181	16.89	-74.06	3.77	15724.89	1348.14	4306.67	-62.14	-21.19	-24.90
188	520	305	149	110	206	181	17.30	-74.16	3.81	15726.84	1360.93	4289.54	-67.38	-36.93	-33.31
187	520	305	150	110	204	181	17.86	-74.30	3.89	15729.90	1380.88	4252.26	-74.61	-44.68	-32.29
187	520	305	149	111	205	182	18.39	-74.42	3.94	15737.01	1394.04	4212.05	-75.53	-38.15	-23.63
187	520	305	149	111	206	181	18.44	-74.51	3.92	15739.16	1389.94	4184.65	-81.75	-26.69	-22.14
187	520	305	149	111	206	182	18.61	-74.58	3.91	15742.20	1388.84	4155.81	-66.17	-20.90	-25.39
187	520	305	149	110	205	182	18.89	-74.53	3.94	15742.69	1396.80	4143.62	-47.16	-0.96	-22.37
187	520	305	148	111	205	181	19.22	-74.46	3.98	15740.55	1407.16	4138.24	-24.70	20.14	-11.00
188	520	305	149	111	206	181	19.14	-74.46	3.97	15746.73	1405.20	4123.13	-24.46	34.43	-7.40
187	520	305	149	111	206	182	18.97	-74.39	3.95	15758.19	1398.74	4136.17	-13.49	47.06	-10.73
187	520	304	149	111	206	181	19.17	-74.27	4.00	15750.88	1412.80	4149.56	8.23	55.61	-6.74
187	520	305	149	110	205	181	19.33	-74.21	4.06	15745.74	1427.36	4158.69	5.92	51.53	2.39
187	520	305	149	110	205	181	18.88	-74.21	3.97	15750.05	1405.00	4168.35	10.23	52.15	7.97
187	520	305	149	110	206	182	18.75	-74.18	3.94	15751.54	1395.55	4172.73	32.31	59.84	10.83
187	520	305	149	110	205	181	18.78	-74.15	3.94	15746.77	1396.37	4180.30	41.25	56.05	8.98
187	520	305	149	110	206	181	18.97	-74.22	3.98	15750.43	1407.95	4176.88	25.09	43.00	8.34
187	520	305	149	111	205	181	18.75	-74.35	3.93	15743.51	1393.35	4163.44	18.08	37.35	12.07
187	520	305	149	110	205	181	18.45	-74.37	3.87	15749.93	1377.88	4159.07	32.33	46.28	14.77
188	520	305	149	110	205	181	18.65	-74.39	3.89	15749.03	1383.79	4153.91	47.96	44.32	8.58
188	520	305	149	110	205	181	18.85	-74.45	3.95	15759.98	1400.40	4145.42	26.26	37.70	5.80
188	520	305	149	110	206	181	18.51	-74.54	3.89	15772.98	1383.58	4134.95	2.00	34.52	3.11
188	520	305	149	111	206	181	18.30	-74.66	3.83	15779.53	1367.40	4123.20	-36.20	25.49	-17.00
187	520	306	149	111	206	181	18.07	-74.76	3.75	15778.56	1346.03	4101.44	-50.19	25.97	-35.95
187	520	305	149	110	204	181	18.47	-74.66	3.82	15770.23	1365.93	4096.37	-37.38	40.27	-47.50
187	520	305	149	111	205	181	18.61	-74.51	3.89	15754.92	1381.23	4115.15	-34.61	44.55	-57.68
187	520	305	149	111	205	181	18.84	-74.35	3.99	15742.77	1408.37	4137.59	-38.98	37.33	-66.29
187	520	305	149	110	205	181	19.23	-74.37	4.13	15741.23	1447.75	4142.71	-68.83	10.41	-79.03
187	520	305	149	111	206	181	19.47	-74.52	4.14	15744.57	1450.17	4115.98	-85.69	2.94	-78.58
187	520	305	149	110	205	181	19.65	-74.54	4.14	15752.14	1451.86	4100.58	-65.26	18.64	-69.60
187	520	305	150	110	205	182	19.83	-74.43	4.17	15745.73	1458.46	4110.75	-18.94	32.61	-57.92
187	520	304	150	110	204	181	20.49	-74.43	4.29	15737.65	1490.34	4091.01	-21.45	33.88	-53.77
187	520	305	149	110	206	182	20.41	-74.53	4.26	15738.76	1480.82	4071.46	-20.52	38.04	-45.53
188	520	305	149	110	205	181	20.85	-74.51	4.31	15739.23	1494.38	4064.89	12.75	52.93	-29.91
187	519	305	149	110	205	181	20.76	-74.48	4.30	15740.66	1493.06	4070.84	19.61	57.59	-22.06
187	520	305	149	110	205	181	20.64	-74.47	4.29	15741.43	1490.41	4071.90	12.13	60.46	-15.46
187	520	305	150	110	206	182	20.34	-74.52	4.24	15745.36	1477.69	4069.31	16.13	65.29	-9.68
187	520	305	149	110	205	181	20.24	-74.39	4.21	15745.69	1469.81	4086.44	36.92	83.02	-2.10
187	520	305	149	111	205	181	20.10	-74.30	4.21	15739.21	1468.92	4097.72	36.78	84.22	-0.20
187	520	305	149	110	206	181	19.57	-74.33	4.12	15742.84	1443.47	4104.43	29.89	75.91	-8.39
187	520	305	149	110	206	181	19.54	-74.25	4.11	15747.50	1441.10	4112.81	52.89	86.66	-10.17
187	520	305	149	110	205	181	20.05	-74.14	4.24	15746.13	1477.64	4121.37	49.25	89.58	-11.76
187	520	305	150	111	205	180	20.22	-74.19	4.30	15753.42	1492.76	4119.90	14.59	73.10	-13.07
187	520	304	149	110	206	181	19.85	-74.36	4.25	15771.35	1481.72	4091.31	-11.19	65.40	-12.42
187	520	305	149	111	206	181	19.72	-74.48	4.18	15778.98	1463.83	4072.34	-8.63	67.83	-11.65
187	520	305	149	110	206	182	19.87	-74.54	4.18	15780.83	1462.04	4053.72	6.90	77.54	-16.36
187	520	305	149	111	205	181	20.40	-74.56	4.25	15780.79	1482.94	4036.64	15.00	89.81	-16.90
188	520	305	149	110	205	180	20.42	-74.57	4.24	15781.15	1478.19	4036.21	16.30	99.47	-14.70
187	520	305	149	111	206	181	20.51	-74.49	4.25	15777.49	1481.68	4035.00	27.19	112.09	-14.47
187	520	305	149	110	206	181	20.67	-74.39	4.32	15768.02	1501.60	4040.85	10.73	118.94	-20.09
187	520	305	149	110	205	181	20.74	-74.35	4.36	15765.82	1509.32	4046.00	-4.96	120.99	-16.49
187	520	304	149	110	205	181	20.78	-74.30	4.35	15755.33	1507.85	4050.50	5.54	126.59	-9.16
187	519	305	149	110	205	181	20.65	-74.25	4.35	15748.96	1506.26	4054.98	-9.94	135.26	-6.76
187	520	304	149	111	205	181	20.47	-74.24	4.31	15752.11	1497.95	4061.23	-3.39	136.45	-1.22
187	520	305	150	110	206	181	20.55	-74.18	4.32	15753.71	1500.85	4071.17	-2.27	147.18	-0.91
187	520	305	149	110	205	181	20.40	-74.13	4.34	15748.02	1504.01	4081.21	-36.71	147.12	-5.06
187	520	305	149	108	206	181	20.14	-74.09	4.32	15745.42	1499.81	4095.55	-61.52	142.16	-10.86
187	519	305	149	110	205	181	19.88	-74.09	4.31	15741.95	1496.62	4101.37	-84.80	131.55	-8.42
187	520	305	149	110	205	181	19.58	-74.18	4.26	15754.65	1482.39	4098.50	-104.11	120.43	-6.74
187	519	304	149	110	206	182	19.27	-74.22	4.18	15766.32	1461.87	4095.18	-105.95	131.96	-6.01
187	520	305	149	110	206	180	19.16	-74.12	4.15	15759.00	1454.77	4106.82	-73.10	155.86	-1.61
187	520	305	149	110	205	181	19.24	-73.97	4.18	15743.85	1460.23	4126.08	-55.00	160.22	-1.98
187	520	304	149	110	205	181	19.25	-73.88	4.22	15738.86	1472.42	4142.77	-58.25	158.45	-0.78
187	520	305	149	110	205	180	19.03	-73.90	4.21	15744.91	1467.60	4152.83	-60.34	148.68	-2.69
187	520	305	149	111	206	181	19.04	-73.90	4.20	15753.07	1467.42	4150.39	-49.32	152.90	-5.85
187	520	305	149	110	205	181	19.32	-73.74	4.28	15741.82	1488.65	4166.87	-44.25	165.50	-10.31
187	520	305	149	110	205	181	19.53	-73.58	4.37	15733.73	1510.22	4190.33	-34.59	165.88	1.35
187	520	305	149	110	205	181	19.60	-73.59	4.39	15727.84	1515.11	4196.41	-31.51	153.53	16.99
187	520	305	149	111	204	181	19.46	-73.72	4.33	15731.65	1501.75	4185.79	-23.79	142.06	24.84
187	520	306	149	110	206	181	19.37	-73.77	4.30	15734.46	1492.86	4180.30	-27.75	144.85	24.95
187	520	306	149	110	205	181	19.42	-73.74	4.29	15733.54	1488.82	4179.69	-8.51	154.51	34.65
188	520	305	149	110	205	181	19.65	-73.68	4.32	15725.66	1495.78	4174.90	22.47	161.99	51.37
187	520	305	149	110	204	181	19.39	-73.69	4.27	15723.78	1483.19	4183.96	22.64	154.99	60.90
187	520	305	149	110	205	181	19.13	-73.76	4.22	15731.79	1469.03	4189.56	30.91	148.99	56.80
187	519	306	149	110	204	181	19.37	-73.72	4.26	15715.40	1481.38	4195.28	29.07	144.04	57.01
187	520	305	149	110	205	181	19.28	-73.75	4.25	15719.03	1476.71	4197.32	24.31	138.49	68.51
187	520	305	149	111	206	181	18.79	-73.76	4.15	15726.08	1452.28	4208.05	26.80	138.31	73.19
187	520	304	149	110	204	181	18.74	-73.74	4.10	15728.78	1438.86	4216.45	55.31	141.85	75.53
187	519	305	148	109	205	180	19.09	-73.74	4.17	15714.74	1456.52	4207.03	76.29	142.70	79.15
187	520	304	148	110	206	181	19.23	-73.75	4.18	15712.20	1459.09	4207.87	102.48	144.17	84.19
187	520	305	149	110	206	180	19.40	-73.66	4.22	15714.19	1469.74	4219.48	124.70	150.06	93.83
187	520	304	149	110	205	181	19.41	-73.62	4.24	15713.28	1474.25	4239.51	127.12	135.76	97.54
187	520	305	148	110	206	181	19.31	-73.69	4.24	15711.62	1473.34	4245.93	116.61	120.97	102.06
187	520	305	149	110	205	181	19.34	-73.86	4.22	15723.23	1470.47	4221.84	109.73	107.17	103.96
187	519	304	148	111	203	181	19.36	-73.98	4.20	15725.27	1464.55	4199.54	101.59	103.41	102.66
187	520	305	149	110	205	181	19.31	-74.05	4.17	15727.81	1455.72	4191.17	106.52	104.19	104.98
187	520	304	149	110	205	180	19.37	-74.01	4.15	15731.82	1452.93	4198.61	133.79	107.83	114.88
187	520	304	148	110	205	181	19.57	-74.09	4.18	15728.63	1458.89	4190.28	139.75	98.24	116.29
187	520	305	149	110	205	181	19.32	-74.14	4.12	15735.60	1444.34	4186.36	139.06	90.13	111.52
187	520	305	148	110	205	181	19.35	-74.07	4.12	15734.22	1443.93	4196.44	164.66	98.52	118.15
186	520	305	149	110	206	181	19.58	-74.05	4.17	15726.71	1456.73	4193.02	154.98	97.35	120.69
187	520	305	149	110	205	181	19.37	-74.12	4.12	15732.37	1442.89	4188.77	144.43	85.73	121.05
187	520	305	150	110	205	181	19.48	-74.12	4.14	15731.95	1448.75	4190.53	143.01	76.14	118.60
187	520	305	149	110	205	181	19.63	-74.24	4.16	15738.15	1455.71	4179.61	115.76	58.29	117.32
187	520	304	148	110	204	181	19.21	-74.29	4.08	15745.25	1433.13	4179.63	111.67	53.77	122.76
187	520	305	148	110	206	181	19.00	-74.33	4.01	15753.98	1414.87	4179.24	145.33	51.98	129.82
187	520	304	149	111	205	181	18.72	-74.31	3.94	15760.88	1397.73	4187.28	160.82	53.78	118.18
187	520	305	149	110	204	181	18.85	-74.27	3.99	15758.64	1410.24	4196.92	152.38	44.64	104.97
187	520	305	150	110	205	181	18.99	-74.27	4.06	15751.91	1427.93	4202.67	126.11	23.41	99.47
187	520	304	149	110	205	181	18.67	-74.40	3.99	15759.31	1409.13	4195.74	105.10	2.04	97.10
187	520	305	149	111	205	180	18.70	-74.57	3.93	15773.55	1396.47	4162.15	121.95	3.69	98.99
187	520	305	149	110	205	181	19.15	-74.66	3.96	15776.67	1403.25	4128.64	139.35	8.70	89.39
187	520	304	149	110	204	181	19.61	-74.70	4.01	15778.63	1416.29	4108.81	157.98	14.02	86.72
187	519	305	149	110	206	181	20.13	-74.64	4.08	15771.10	1436.07	4098.37	178.93	27.72	96.64
187	520	305	149	110	205	181	20.31	-74.72	4.09	15774.55	1438.47	4078.85	186.74	29.13	102.75
187	520	305	149	110	205	182	20.16	-74.72	4.03	15775.22	1422.35	4070.91	226.90	44.38	112.12
187	520	304	148	110	205	181	20.27	-74.54	4.04	15769.06	1423.63	4085.96	284.51	71.61	128.76
187	520	305	149	110	206	182	20.48	-74.45	4.11	15760.41	1443.65	4094.07	300.68	77.93	135.57
187	520	305	149	110	205	181	20.44	-74.44	4.15	15757.38	1452.07	4107.36	285.30	66.68	134.34
187	520	305	149	110	205	181	20.43	-74.45	4.16	15762.12	1455.46	4110.99	271.13	54.20	137.08
187	520	305	149	110	205	181	20.41	-74.56	4.16	15759.01	1455.49	4098.84	250.12	37.39	139.72
188	520	305	149	110	206	182	20.17	-74.66	4.10	15764.06	1440.51	4072.90	239.97	36.52	144.29
187	520	305	149	110	205	182	19.86	-74.68	4.03	15768.86	1420.89	4067.46	260.17	48.19	152.37
187	520	305	149	110	204	181	20.19	-74.64	4.07	15768.61	1432.04	4062.28	283.01	50.18	159.75
187	520	305	149	110	205	181	20.36	-74.55	4.14	15761.58	1451.64	4072.37	288.51	51.42	170.72
187	520	306	149	110	205	181	20.53	-74.58	4.19	15762.70	1464.26	4069.95	274.04	40.35	182.28
187	520	306	149	110	206	181	20.49	-74.71	4.15	15773.17	1454.85	4058.25	256.93	29.88	193.17
187	520	305	149	110	206	182	20.33	-74.78	4.12	15780.51	1446.50	4045.74	248.64	31.74	203.06
188	520	305	149	110	206	182	20.20	-74.82	4.08	15778.68	1435.78	4035.85	251.35	34.35	215.76
187	520	305	149	110	205	181	20.23	-74.99	4.04	15780.15	1425.39	4000.86	246.19	35.89	227.92
187	520	305	149	110	204	181	19.86	-75.12	3.94	15782.54	1397.92	3973.02	249.03	44.39	229.37
187	520	305	148	110	205	182	19.74	-75.12	3.88	15792.82	1383.03	3958.37	267.78	68.72	231.90
187	520	305	149	110	206	181	19.75	-74.93	3.91	15788.58	1391.27	3979.25	278.04	94.29	236.31
187	520	304	149	110	205	181	19.60	-74.82	3.91	15781.15	1390.11	3991.49	263.49	102.87	236.09
187	520	304	149	110	206	181	19.38	-74.69	3.90	15782.49	1386.60	4015.91	250.41	107.18	240.79
187	520	305	149	110	204	181	18.98	-74.56	3.84	15784.96	1370.67	4045.52	250.64	112.77	244.60
187	520	306	149	110	205	181	19.23	-74.47	3.91	15772.12	1388.54	4065.44	240.66	103.63	247.57
187	520	305	149	110	206	181	18.82	-74.54	3.86	15768.51	1374.71	4071.97	195.63	79.40	255.34
187	520	305	149	110	205	181	18.16	-74.63	3.75	15781.68	1346.78	4065.97	184.34	71.28	262.92
186	520	305	149	110	205	181	17.84	-74.71	3.63	15789.80	1315.64	4056.07	207.73	75.46	273.08
187	520	305	149	110	204	180	17.66	-74.75	3.56	15792.11	1296.46	4057.27	205.34	70.49	272.32
187	520	305	150	110	206	182	17.49	-74.82	3.50	15797.70	1281.63	4054.60	195.82	59.62	275.36
187	520	305	149	110	205	181	17.31	-75.02	3.45	15810.82	1266.35	4033.67	180.48	51.99	279.29
187	520	305	149	110	205	181	16.62	-75.13	3.31	15827.48	1229.23	4019.99	163.21	51.24	269.37
187	520	305	149	110	204	181	16.79	-75.11	3.33	15825.10	1235.37	4017.59	160.05	53.52	263.31
187	519	306	149	110	204	181	16.75	-75.16	3.32	15821.65	1231.60	4011.51	144.80	45.35	262.44
187	520	305	149	110	205	181	16.27	-75.18	3.21	15820.37	1203.42	4014.13	149.66	43.18	267.12
188	520	305	149	110	205	182	15.71	-75.11	3.08	15827.35	1168.25	4025.63	180.57	48.77	269.56
187	519	305	149	109	206	181	15.55	-75.04	3.03	15826.58	1153.44	4043.95	206.74	49.18	261.83
187	520	305	149	110	206	181	15.76	-75.03	3.06	15817.65	1163.37	4054.95	197.91	32.07	247.39
187	520	305	149	110	204	181	15.59	-75.07	3.04	15820.17	1155.80	4061.80	185.91	9.87	244.67
187	519	305	150	110	205	181	15.36	-75.22	3.00	15828.36	1147.81	4051.31	152.32	-20.47	234.39
187	520	305	149	111	206	182	14.57	-75.47	2.86	15843.54	1109.02	4030.75	109.60	-53.70	218.27
187	520	305	149	110	205	181	14.30	-75.66	2.79	15852.16	1089.77	4012.81	100.77	-70.66	195.26
187	520	305	149	112	204	181	14.35	-75.84	2.77	15856.76	1085.08	3989.37	81.23	-92.63	174.34
187	519	305	149	110	206	181	14.53	-76.10	2.77	15867.72	1085.83	3950.10	57.32	-111.35	153.03
187	520	305	149	110	205	181	14.36	-76.28	2.71	15875.93	1069.33	3914.59	34.60	-113.53	136.03
187	520	306	149	110	206	181	14.88	-76.43	2.74	15880.13	1078.87	3874.67	26.17	-112.26	117.02
187	519	305	149	110	205	182	15.33	-76.57	2.77	15890.53	1086.32	3831.73	11.52	-103.29	105.62
187	519	306	149	110	205	181	15.34	-76.65	2.72	15898.80	1072.41	3801.95	18.54	-79.28	106.34
187	520	305	149	110	204	181	15.27	-76.59	2.65	15909.06	1054.59	3790.05	57.76	-49.01	103.27
187	520	305	149	110	205	182	15.18	-76.42	2.61	15915.41	1044.86	3795.75	112.52	-9.06	104.86
187	519	305	149	110	205	182	15.47	-76.23	2.64	15903.24	1052.62	3813.56	152.40	13.09	103.27
187	520	306	149	110	205	182	15.46	-76.11	2.67	15893.67	1061.98	3828.68	153.78	17.84	94.35
187	519	305	149	111	205	182	15.69	-75.97	2.73	15892.59	1077.69	3847.65	160.19	22.84	95.29
187	520	305	149	110	205	181	15.58	-75.96	2.73	15891.36	1076.60	3854.46	140.73	16.90	98.17
187	520	306	149	110	205	181	15.02	-76.04	2.63	15897.59	1050.97	3848.54	115.89	10.41	90.36
187	520	305	148	110	206	181	14.61	-76.05	2.56	15900.11	1030.62	3852.11	109.05	6.19	77.20
187	520	305	149	110	205	181	14.56	-76.10	2.53	15899.91	1023.09	3853.11	114.00	4.78	60.99
187	520	304	150	110	205	181	14.79	-76.14	2.58	15903.31	1036.14	3850.25	97.35	-2.11	44.69
187	519	305	149	111	205	181	14.54	-76.25	2.54	15904.35	1024.33	3835.94	68.03	-7.66	28.20
187	520	305	149	111	205	182	14.50	-76.41	2.48	15916.73	1008.31	3802.54	63.63	-1.97	9.64
186	520	305	149	111	205	181	15.05	-76.53	2.49	15925.09	1012.50	3755.82	90.40	14.47	-11.04
187	520	305	149	110	205	181	15.49	-76.46	2.53	15916.04	1022.07	3735.62	102.63	46.65	-28.54
187	520	305	149	110	206	181	15.56	-76.39	2.53	15923.64	1023.97	3729.44	92.35	70.32	-47.76
187	520	305	148	110	205	182	15.27	-76.28	2.50	15936.05	1015.17	3748.77	80.43	79.45	-69.82
187	520	305	149	111	205	182	15.05	-76.21	2.49	15940.05	1011.21	3760.73	62.11	86.53	-95.83
187	520	306	149	110	205	181	14.79	-76.16	2.47	15939.65	1008.25	3774.30	28.45	82.05	-123.89
186	520	305	150	110	206	182	14.73	-76.13	2.47	15929.87	1007.64	3782.38	-4.87	78.60	-153.00
187	520	306	149	110	205	181	14.88	-76.13	2.52	15924.37	1021.66	3783.06	-35.68	72.82	-175.65
187	520	304	149	110	205	181	14.72	-76.14	2.52	15915.75	1020.37	3780.31	-71.09	67.58	-212.16
187	520	305	149	110	205	181	15.02	-76.13	2.58	15915.37	1035.96	3774.69	-91.64	66.40	-248.81
187	520	304	149	111	205	181	15.77	-76.08	2.70	15909.40	1069.96	3772.56	-100.41	69.13	-271.17
187	520	306	149	110	206	182	16.71	-75.95	2.88	15904.33	1116.66	3767.13	-110.04	80.52	-282.86
186	520	305	150	110	205	182	17.30	-75.85	3.01	15895.71	1152.23	3768.77	-123.14	86.90	-289.56
187	520	305	149	110	205	181	17.63	-75.81	3.08	15888.32	1172.02	3769.14	-148.58	88.35	-302.54
187	520	306	149	110	205	181	17.74	-75.73	3.13	15881.91	1185.01	3773.68	-163.45	93.94	-316.56
187	520	305	149	110	206	182	18.44	-75.60	3.29	15873.01	1228.16	3779.19	-157.38	98.64	-323.23
187	519	305	149	111	205	181	18.70	-75.55	3.38	15868.16	1252.16	3791.63	-158.66	91.36	-322.12
187	519	305	150	110	205	182	18.97	-75.48	3.47	15867.75	1275.95	3804.65	-161.68	84.74	-322.86
187	520	306	149	110	205	181	19.63	-75.51	3.60	15872.57	1312.55	3792.22	-178.34	72.00	-322.17
187	520	306	149	110	205	181	19.78	-75.54	3.64	15871.54	1323.12	3783.61	-190.37	73.35	-317.01
187	520	306	149	110	205	182	20.13	-75.54	3.71	15865.36	1341.57	3769.23	-189.86	80.53	-310.61
187	520	304	149	110	204	181	20.11	-75.50	3.73	15855.49	1345.29	3763.77	-201.56	85.01	-306.23
187	520	305	149	110	204	182	20.13	-75.45	3.76	15850.92	1353.42	3775.78	-200.13	86.01	-303.72
187	520	306	149	110	205	182	20.48	-75.42	3.83	15855.97	1374.55	3775.99	-199.98	78.11	-300.23
187	520	306	149	110	205	182	20.73	-75.38	3.90	15858.77	1391.63	3779.59	-188.43	78.80	-288.67
187	519	305	149	110	205	180	21.13	-75.37	3.98	15866.43	1414.24	3765.21	-184.96	95.06	-276.79
187	520	306	149	110	206	181	21.08	-75.34	3.99	15865.51	1417.33	3765.95	-194.51	103.91	-272.70
187	520	304	149	110	205	181	21.17	-75.32	4.05	15862.84	1432.47	3770.45	-199.88	103.06	-270.16
187	520	306	149	110	205	181	21.30	-75.33	4.06	15856.69	1436.44	3773.13	-206.74	99.56	-268.86
187	520	305	149	110	206	182	21.47	-75.33	4.11	15855.66	1449.62	3769.07	-216.00	100.23	-266.01
187	520	306	149	110	206	181	21.43	-75.35	4.10	15859.28	1447.74	3757.22	-218.35	109.57	-259.16
187	520	306	149	110	204	181	21.54	-75.30	4.13	15865.51	1456.35	3763.56	-200.99	124.39	-253.10
187	520	306	149	110	205	181	21.60	-75.25	4.16	15862.24	1463.93	3766.78	-196.59	131.47	-252.40
187	520	305	149	110	205	181	21.80	-75.12	4.22	15856.12	1480.34	3780.24	-195.51	139.00	-254.48
187	519	305	150	110	206	181	22.14	-75.05	4.30	15847.72	1501.32	3783.63	-183.83	142.35	-248.35
188	520	305	149	111	205	182	22.51	-74.98	4.38	15845.33	1523.85	3785.25	-174.59	157.98	-241.39
187	520	305	149	110	204	182	22.60	-74.76	4.44	15836.47	1538.06	3810.39	-146.01	182.38	-229.77
187	519	305	149	110	204	181	22.84	-74.58	4.57	15824.84	1571.16	3837.87	-149.61	177.86	-223.98
187	520	306	150	110	206	180	22.55	-74.61	4.55	15836.40	1567.20	3850.37	-164.83	161.57	-212.93
187	520	305	149	111	206	181	22.12	-74.62	4.47	15841.38	1546.44	3863.85	-141.89	157.89	-197.33
187	520	305	149	110	205	181	21.83	-74.65	4.40	15846.11	1527.72	3875.26	-130.39	151.75	-194.32
187	519	306	150	110	204	181	21.66	-74.70	4.39	15851.01	1524.13	3879.90	-130.87	137.81	-201.05
187	520	305	149	110	205	181	21.28	-74.71	4.35	15847.25	1514.33	3890.10	-140.18	129.57	-211.25
187	520	306	149	110	206	181	21.05	-74.79	4.32	15858.89	1506.61	3893.00	-153.72	117.34	-223.59
187	520	306	149	110	205	181	20.85	-74.90	4.29	15867.95	1499.08	3885.75	-174.83	105.77	-241.46
188	519	306	149	111	204	181	20.93	-74.99	4.28	15863.15	1496.73	3872.06	-170.49	99.08	-264.88
187	519	305	149	111	204	181	21.50	-75.05	4.35	15865.19	1514.89	3858.06	-155.42	101.18	-282.44
187	519	306	149	110	205	182	21.91	-75.08	4.43	15868.13	1537.34	3839.95	-164.85	102.72	-305.72
187	520	306	149	111	204	181	22.50	-75.05	4.55	15862.73	1570.68	3829.56	-174.06	104.39	-334.03
187	519	305	149	110	205	182	23.23	-74.99	4.69	15850.99	1608.34	3816.88	-169.05	110.82	-347.98
188	520	306	149	110	205	181	23.79	-74.88	4.82	15840.84	1642.13	3814.44	-160.75	125.58	-352.03
187	520	305	149	110	204	181	24.29	-74.80	4.93	15834.00	1671.42	3807.91	-153.71	138.10	-356.33
187	520	305	149	110	206	181	24.63	-74.70	5.03	15830.10	1697.25	3807.72	-161.73	151.74	-363.61
187	520	306	149	111	205	181	24.89	-74.51	5.13	15820.79	1723.99	3822.93	-151.19	170.50	-366.63
187	520	306	148	110	204	182	25.38	-74.30	5.27	15812.95	1761.19	3846.38	-137.93	179.43	-367.20
187	520	305	149	111	205	181	25.71	-74.14	5.41	15794.31	1799.73	3861.07	-141.98	181.31	-370.19
187	519	305	149	110	205	182	25.96	-74.08	5.52	15784.39	1827.14	3864.81	-152.49	180.09	-370.58
187	520	306	149	110	204	181	26.52	-74.02	5.63	15781.37	1858.58	3861.97	-159.91	185.54	-366.70
187	520	306	149	110	204	181	26.79	-73.92	5.73	15776.90	1884.45	3863.87	-160.47	195.26	-353.32
187	520	306	149	110	204	181	26.83	-73.87	5.77	15771.06	1893.83	3867.08	-161.54	205.35	-342.00
187	519	306	149	110	205	181	26.95	-73.72	5.85	15759.90	1915.34	3890.13	-149.96	208.38	-338.65
187	520	305	149	110	205	181	27.19	-73.62	5.93	15753.31	1936.17	3903.02	-135.32	215.06	-325.57
188	519	306	149	110	204	182	27.27	-73.55	5.98	15747.64	1949.56	3911.67	-129.45	222.56	-313.84
187	519	306	149	110	204	181	27.20	-73.46	6.02	15740.86	1959.69	3929.48	-122.93	221.73	-310.20
187	519	305	149	111	205	182	27.19	-73.38	6.10	15734.62	1981.90	3946.61	-129.08	220.89	-311.14
187	520	306	149	110	204	181	27.20	-73.25	6.17	15720.89	1996.21	3965.28	-122.78	220.65	-307.13
187	519	305	149	110	204	182	27.43	-73.16	6.28	15709.24	2026.80	3983.22	-129.44	209.22	-303.37
188	519	306	149	111	205	181	27.61	-73.16	6.36	15703.78	2048.66	3987.65	-141.92	197.26	-292.91
188	519	306	149	110	205	181	27.40	-73.21	6.35	15711.59	2044.42	3996.47	-142.32	189.74	-277.86
188	519	306	150	110	205	182	27.24	-73.21	6.34	15716.41	2044.80	4010.85	-145.56	182.81	-282.17
188	519	305	149	110	204	181	27.67	-73.17	6.47	15712.99	2078.16	4011.51	-145.03	171.52	-280.86
187	520	305	148	110	204	181	28.12	-73.28	6.55	15717.14	2099.25	3996.73	-151.48	157.04	-262.32
188	520	305	149	110	205	181	27.64	-73.43	6.44	15722.88	2071.29	3981.09	-177.55	154.19	-259.60
188	519	305	149	110	205	182	27.38	-73.47	6.40	15717.94	2059.73	3976.84	-195.52	156.93	-274.72
188	520	306	149	110	204	181	28.01	-73.41	6.53	15712.04	2095.14	3970.40	-183.00	159.73	-274.28
187	520	305	149	110	204	181	28.50	-73.32	6.64	15716.44	2124.58	3966.68	-165.70	167.05	-256.57
188	520	305	149	111	204	181	28.52	-73.25	6.67	15705.42	2131.15	3975.34	-154.46	174.89	-242.94
188	519	305	149	110	204	181	28.69	-73.20	6.74	15695.35	2150.40	3985.38	-158.54	171.60	-234.54
187	520	306	149	110	205	181	28.57	-73.18	6.76	15689.38	2153.48	3991.71	-174.41	167.92	-229.62
187	519	306	149	110	204	180	28.69	-73.11	6.79	15688.51	2161.80	4008.52	-162.54	168.32	-223.29
188	520	305	149	110	205	181	28.89	-73.05	6.87	15682.28	2182.51	4013.90	-163.72	169.21	-212.47
188	519	305	149	110	204	181	28.83	-72.98	6.90	15680.17	2192.79	4036.40	-167.73	168.15	-199.55
188	519	305	149	111	204	180	28.83	-73.01	6.95	15672.96	2203.95	4039.58	-198.94	150.29	-193.92
188	520	305	149	110	204	181	28.81	-73.11	6.98	15670.71	2211.75	4031.60	-243.00	129.87	-184.18
188	520	306	149	111	204	181	28.71	-73.26	6.95	15669.38	2204.16	4009.62	-261.55	125.88	-174.17
188	519	306	150	110	205	181	28.64	-73.24	6.92	15669.31	2195.75	3999.14	-238.22	140.54	-158.41
188	519	305	149	110	204	181	28.96	-73.01	6.97	15660.84	2208.97	4016.78	-180.46	171.71	-136.54
188	519	306	149	110	204	181	29.06	-72.87	7.05	15654.00	2229.72	4039.94	-172.34	174.02	-123.31
188	519	305	149	110	204	181	28.82	-72.93	7.02	15661.70	2221.43	4050.75	-183.72	162.87	-111.55
187	519	306	149	110	204	181	28.49	-72.96	6.97	15675.21	2209.96	4057.21	-186.48	162.98	-104.47
188	520	306	149	110	206	182	27.95	-72.92	6.86	15677.65	2181.26	4074.75	-167.56	173.83	-91.84
187	519	305	149	110	204	181	27.95	-72.82	6.91	15664.17	2192.00	4085.41	-147.53	177.04	-82.75
188	520	305	150	111	205	182	27.32	-72.84	6.82	15649.96	2165.40	4108.74	-164.50	157.84	-84.51
188	519	305	150	111	205	182	26.86	-72.91	6.73	15650.46	2142.93	4123.10	-168.33	141.05	-91.14
188	520	306	149	109	205	181	26.67	-72.94	6.69	15654.54	2132.58	4129.75	-163.61	133.19	-98.98
187	520	306	149	110	206	181	26.53	-73.01	6.64	15657.41	2119.35	4137.66	-137.93	121.38	-109.78
188	519	306	149	110	204	181	27.74	-72.97	6.85	15657.14	2175.59	4111.98	-91.39	120.91	-109.79
188	520	306	149	111	206	181	28.12	-72.95	6.96	15651.68	2205.01	4107.58	-111.57	125.97	-99.25
187	520	306	149	110	205	181	28.06	-73.02	6.93	15659.50	2197.96	4095.20	-122.24	129.97	-89.04
187	519	306	149	110	204	181	28.15	-73.11	6.90	15659.33	2189.66	4073.84	-111.68	130.27	-87.29
188	520	305	150	110	204	181	28.34	-73.13	6.92	15657.16	2194.18	4052.15	-115.04	143.91	-86.22
188	519	306	150	110	204	181	28.64	-73.09	6.95	15655.90	2202.67	4040.14	-91.39	168.36	-78.56
187	520	306	149	111	205	181	28.78	-72.91	7.02	15654.30	2220.93	4055.73	-63.62	187.49	-67.09
188	520	306	149	110	205	181	28.84	-72.80	7.07	15651.79	2234.69	4071.55	-48.14	193.42	-57.73
188	520	305	149	111	204	181	28.83	-72.78	7.08	15651.80	2236.35	4075.77	-59.48	195.35	-49.59
188	520	306	149	110	204	181	28.37	-72.68	7.02	15647.01	2219.73	4099.98	-62.96	206.28	-43.81
188	520	306	149	110	205	182	28.14	-72.53	6.99	15643.66	2211.75	4133.98	-33.71	217.62	-31.87
188	520	306	149	111	204	180	27.94	-72.48	6.99	15642.68	2211.56	4156.28	-37.12	211.49	-25.28
188	520	306	149	111	205	181	27.40	-72.49	6.93	15642.74	2195.78	4172.87	-65.17	198.91	-30.72
188	520	306	149	110	205	182	27.11	-72.54	6.88	15639.80	2180.99	4176.83	-68.31	186.22	-31.68
187	519	306	149	111	204	181	27.19	-72.61	6.89	15645.61	2183.74	4173.58	-68.54	176.56	-32.40
188	519	305	149	111	204	181	27.14	-72.60	6.89	15649.93	2184.56	4174.91	-68.57	174.83	-33.48
187	520	305	149	111	205	181	27.15	-72.61	6.88	15651.24	2183.33	4183.76	-59.54	170.04	-33.80
187	520	306	149	110	206	181	27.40	-72.61	6.92	15647.07	2193.36	4175.37	-57.81	165.23	-37.61
188	520	305	149	110	205	181	27.50	-72.64	6.96	15639.12	2202.09	4167.80	-69.32	159.07	-41.43
187	519	306	149	110	204	181	27.61	-72.68	6.96	15639.96	2203.19	4160.21	-61.86	159.62	-38.21
188	520	305	150	111	205	181	27.81	-72.76	6.96	15644.57	2202.83	4139.00	-58.36	168.44	-40.45
187	520	306	149	110	205	181	27.94	-72.74	6.96	15644.74	2203.49	4137.85	-48.64	178.47	-45.43
188	519	306	149	110	205	181	28.21	-72.69	7.04	15650.10	2226.11	4134.96	-46.96	184.49	-51.71
187	519	306	149	110	205	182	28.59	-72.65	7.14	15652.80	2253.61	4130.81	-60.81	187.02	-54.52
187	520	306	149	110	204	181	28.75	-72.60	7.17	15654.76	2261.73	4129.67	-49.42	201.17	-39.94
187	520	305	149	110	204	181	28.78	-72.56	7.18	15658.42	2264.64	4133.19	-41.95	211.86	-26.10
187	519	306	149	111	205	181	28.50	-72.60	7.13	15659.90	2250.81	4136.33	-50.15	215.62	-25.49
187	520	306	149	110	205	181	28.53	-72.58	7.11	15655.50	2244.07	4135.51	-41.10	226.84	-25.97
188	519	306	149	111	205	181	28.53	-72.56	7.11	15658.53	2245.06	4138.93	-46.74	233.94	-25.82
188	520	306	150	110	205	181	28.50	-72.52	7.10	15656.60	2243.21	4141.99	-47.40	243.05	-22.73
187	519	306	149	110	204	181	28.26	-72.56	7.07	15654.97	2233.85	4137.69	-81.78	243.84	-26.89
187	520	306	150	110	205	181	27.84	-72.58	6.99	15660.82	2212.16	4135.20	-98.00	250.95	-32.85
188	520	306	149	110	204	181	27.44	-72.52	6.91	15661.18	2191.55	4152.64	-77.05	268.35	-35.71
187	519	306	149	110	205	181	27.43	-72.41	6.92	15649.92	2193.97	4172.01	-63.39	275.59	-46.27
187	520	306	150	110	204	181	27.19	-72.29	6.95	15643.22	2199.07	4202.41	-95.57	267.56	-69.86
188	520	306	149	110	205	181	26.93	-72.19	6.96	15633.26	2201.92	4231.49	-128.00	259.23	-87.56
188	519	306	150	110	205	181	26.78	-72.15	7.01	15620.20	2213.62	4245.52	-172.30	239.62	-103.59
188	520	306	150	110	205	182	26.30	-72.22	6.96	15619.99	2199.54	4259.84	-233.43	214.79	-131.86
188	520	306	149	111	204	181	26.30	-72.26	6.99	15625.39	2208.97	4262.45	-274.41	201.95	-162.71
187	519	306	150	110	204	181	26.61	-72.21	7.09	15621.32	2234.32	4260.93	-293.09	197.65	-181.28
188	520	306	149	111	205	181	26.79	-72.19	7.15	15613.45	2252.00	4268.88	-305.73	192.72	-191.01
188	519	306	149	111	204	181	27.10	-72.13	7.28	15598.98	2283.60	4275.44	-330.90	175.43	-207.96
187	520	306	149	110	205	181	27.07	-72.13	7.33	15586.63	2297.42	4281.86	-366.30	156.21	-227.31
188	520	306	149	110	204	181	27.43	-72.09	7.41	15578.70	2317.35	4278.77	-380.49	161.00	-230.65
188	519	305	149	110	205	181	27.75	-71.96	7.55	15557.56	2351.08	4277.83	-400.91	159.65	-232.32
188	520	305	150	110	206	181	28.06	-71.97	7.63	15553.49	2372.53	4270.74	-420.57	155.47	-234.40
187	520	307	150	110	205	181	28.51	-71.91	7.73	15544.81	2397.10	4258.80	-409.69	168.34	-225.48
187	520	306	150	110	204	181	28.85	-71.74	7.80	15535.37	2416.65	4261.46	-378.75	195.38	-204.01
187	519	306	148	110	205	180	29.15	-71.58	7.92	15516.20	2447.61	4269.99	-386.62	207.21	-197.51