108	529	517	129	193	234	169	1.50	-76.80	-0.95	15858.53	75.45	3623.99	-236.07	686.65	311.50
108	529	517	130	192	234	168	1.14	-76.67	-1.01	15861.61	58.88	3633.59	-218.66	709.37	321.28
107	529	517	129	192	234	168	0.75	-76.43	-1.09	15873.53	37.93	3645.91	-199.53	739.10	329.96
108	529	517	130	192	233	168	-0.02	-76.02	-1.25	15881.65	-5.96	3694.82	-174.20	771.89	332.77
108	529	517	130	192	233	169	-0.47	-75.64	-1.36	15881.17	-36.66	3754.48	-150.29	775.55	320.13
108	529	517	130	193	233	169	-0.99	-75.40	-1.47	15886.31	-65.83	3816.15	-151.03	754.22	306.92
107	529	517	130	192	234	169	-1.55	-75.22	-1.59	15892.39	-100.94	3868.74	-138.28	718.61	286.57
108	529	517	130	192	233	169	-1.64	-75.15	-1.63	15898.37	-109.49	3896.51	-124.41	683.48	265.15
108	529	517	130	192	235	168	-1.71	-75.19	-1.62	15897.45	-107.02	3910.68	-138.64	641.21	250.84
109	530	517	130	192	233	168	-2.12	-75.19	-1.70	15894.38	-129.47	3927.15	-133.96	602.34	240.20
109	529	517	130	192	233	169	-2.10	-75.17	-1.71	15892.26	-133.79	3947.39	-124.41	574.38	224.94
108	529	517	130	192	233	168	-2.19	-75.15	-1.71	15886.25	-132.30	3961.42	-139.19	546.06	212.89
109	529	517	129	192	232	168	-2.36	-75.10	-1.74	15882.54	-139.29	3979.15	-150.63	523.86	199.40
109	529	517	130	192	233	168	-2.32	-75.06	-1.75	15865.21	-141.52	3983.79	-153.80	501.76	180.48
108	529	517	129	192	233	168	-2.47	-75.05	-1.74	15860.95	-138.65	3986.40	-183.91	492.02	172.15
109	529	517	130	192	233	168	-2.93	-74.90	-1.80	15851.50	-154.52	3999.48	-215.36	496.82	164.29
109	529	517	130	192	233	169	-3.38	-74.67	-1.90	15835.52	-181.19	4025.71	-218.70	511.33	148.88
108	529	517	130	192	233	169	-3.59	-74.37	-1.96	15814.75	-196.33	4072.82	-221.66	512.47	128.49
109	529	517	130	192	233	169	-3.72	-74.27	-2.01	15806.81	-209.11	4105.18	-247.23	490.69	110.86
109	529	517	131	192	233	169	-4.02	-74.20	-2.06	15804.07	-224.46	4123.12	-263.02	484.16	102.57
109	529	517	130	192	233	169	-3.68	-74.08	-2.01	15792.66	-209.24	4132.17	-252.77	485.15	93.44
109	529	517	130	192	233	169	-3.30	-73.96	-1.94	15784.03	-190.77	4152.96	-251.48	481.89	93.77
109	529	517	130	192	233	169	-3.41	-73.80	-1.95	15776.43	-193.64	4185.91	-258.75	475.70	99.08
109	530	517	131	192	232	169	-3.57	-73.72	-2.00	15774.21	-205.75	4214.01	-261.22	462.46	100.38
108	529	517	131	192	233	168	-3.81	-73.71	-2.05	15777.50	-221.67	4227.71	-252.91	448.54	98.46
109	529	517	131	192	233	168	-4.14	-73.64	-2.14	15785.22	-245.78	4253.13	-248.71	443.91	93.88
109	529	517	131	192	233	168	-4.72	-73.57	-2.27	15792.36	-280.29	4276.27	-276.57	424.57	71.89
108	529	517	130	192	232	169	-4.99	-73.53	-2.36	15793.14	-304.48	4312.86	-283.10	386.84	34.50
109	529	517	131	192	233	167	-4.60	-73.59	-2.32	15795.29	-294.05	4340.81	-270.09	340.20	-5.38
109	529	517	131	192	233	168	-4.16	-73.66	-2.23	15790.52	-270.15	4354.17	-270.24	303.79	-27.86
109	529	517	132	192	233	169	-4.02	-73.76	-2.19	15784.19	-258.04	4363.66	-280.92	264.20	-42.87
109	529	517	131	192	233	169	-4.26	-73.85	-2.23	15781.78	-270.34	4366.88	-275.13	232.34	-61.32
109	529	517	130	192	232	169	-4.39	-73.90	-2.28	15773.69	-282.82	4374.54	-247.57	203.87	-91.96
108	529	517	131	191	233	168	-4.62	-73.99	-2.33	15768.61	-294.28	4368.81	-251.99	184.33	-126.41
109	529	517	131	192	233	168	-4.90	-74.01	-2.38	15759.78	-309.17	4368.57	-257.94	174.81	-175.24
108	529	517	131	192	233	168	-4.75	-74.03	-2.37	15759.39	-305.31	4366.54	-237.90	170.87	-235.18
108	529	517	131	192	231	168	-4.08	-74.01	-2.27	15745.42	-277.25	4366.41	-197.70	172.33	-283.87
109	529	517	131	192	232	168	-3.29	-74.03	-2.12	15736.15	-238.98	4364.89	-188.52	166.96	-318.93
109	529	517	131	192	232	167	-3.12	-74.07	-2.11	15739.74	-233.23	4360.05	-199.54	155.16	-340.23
108	529	517	131	192	232	168	-2.64	-74.13	-2.04	15733.75	-215.37	4355.05	-169.46	154.25	-362.82
109	529	517	131	192	232	167	-1.64	-74.17	-1.86	15741.07	-167.60	4343.89	-126.19	157.99	-379.83
109	529	517	131	192	231	168	-0.93	-74.15	-1.70	15739.81	-123.42	4343.50	-142.48	153.99	-387.39
108	529	517	131	192	232	167	-1.00	-74.12	-1.66	15749.02	-113.65	4363.92	-157.71	151.39	-392.02
108	529	517	131	193	232	168	-0.56	-74.13	-1.57	15750.57	-89.97	4376.13	-132.57	132.32	-406.52
109	529	517	132	192	231	166	-0.15	-74.29	-1.43	15769.44	-51.67	4357.32	-163.89	105.76	-413.14
108	529	517	131	192	232	168	-0.23	-74.43	-1.41	15798.97	-47.29	4353.25	-191.25	84.22	-419.28
108	529	517	131	192	232	167	-0.39	-74.49	-1.41	15812.62	-49.52	4354.19	-197.39	69.76	-441.22
109	529	517	131	192	232	167	-0.20	-74.54	-1.37	15826.39	-37.25	4357.28	-192.17	55.82	-472.31
108	529	517	131	192	231	167	-0.05	-74.58	-1.33	15821.27	-27.18	4363.62	-204.81	33.73	-509.19
108	529	517	132	192	231	166	0.08	-74.67	-1.29	15818.81	-15.03	4364.84	-213.37	3.54	-544.33
108	529	517	131	192	231	167	0.57	-74.82	-1.20	15808.67	10.33	4363.20	-205.50	-31.83	-578.02
108	529	517	132	192	231	167	1.34	-74.94	-1.04	15798.63	52.41	4348.64	-202.62	-59.49	-612.16
107	529	517	131	192	231	167	2.08	-75.07	-0.91	15783.30	89.19	4334.60	-202.14	-89.27	-639.61
108	530	518	132	192	231	166	2.65	-75.13	-0.78	15784.74	123.73	4314.67	-194.84	-100.05	-657.03
108	530	518	132	192	231	167	3.35	-75.17	-0.64	15773.30	161.14	4298.34	-176.79	-103.25	-674.18
109	530	518	132	192	231	165	4.27	-75.19	-0.44	15763.83	214.69	4286.02	-162.05	-103.94	-687.22
108	530	518	132	192	232	166	5.14	-75.21	-0.25	15763.04	268.75	4270.12	-174.05	-109.24	-693.41
109	530	518	132	193	230	166	5.53	-75.20	-0.12	15777.09	301.11	4267.42	-187.45	-108.98	-683.34
108	530	518	132	192	231	166	5.68	-75.19	-0.06	15782.44	316.66	4271.84	-184.68	-112.93	-681.57
109	530	518	131	192	230	166	6.13	-75.19	0.05	15783.11	347.63	4270.85	-168.44	-124.88	-685.19
109	530	518	132	193	231	166	6.83	-75.23	0.21	15787.16	391.84	4273.91	-155.97	-151.99	-687.58
108	530	518	132	193	231	166	7.31	-75.38	0.34	15775.60	426.65	4250.01	-168.12	-180.64	-684.35
108	530	518	132	193	231	165	7.67	-75.55	0.41	15785.82	445.12	4226.71	-150.32	-202.11	-680.78
108	530	518	132	193	232	166	8.15	-75.65	0.50	15790.33	469.46	4211.38	-115.60	-213.85	-688.84
108	530	518	132	193	230	165	9.07	-75.70	0.67	15791.21	516.39	4188.81	-96.02	-215.76	-703.00
108	530	518	132	193	231	166	10.11	-75.81	0.87	15795.05	570.37	4150.17	-114.07	-218.82	-720.75
108	530	518	133	193	231	164	11.31	-75.91	1.11	15805.70	633.65	4116.06	-160.07	-210.18	-737.06
108	530	518	132	193	231	165	11.90	-75.86	1.22	15807.81	663.17	4095.26	-142.91	-187.52	-748.16
108	529	518	133	192	231	166	12.97	-75.73	1.42	15815.02	718.41	4083.89	-102.57	-158.65	-753.55
108	530	518	132	192	231	166	13.65	-75.50	1.64	15815.67	777.49	4097.90	-113.14	-133.91	-734.23
108	530	518	133	193	231	165	13.58	-75.42	1.70	15815.69	792.82	4109.20	-124.58	-129.62	-711.21
108	530	517	132	193	230	165	13.54	-75.42	1.70	15812.10	793.38	4120.54	-91.30	-139.14	-703.30
108	530	518	132	193	231	165	14.01	-75.42	1.84	15812.30	830.51	4113.52	-73.54	-154.08	-702.04
108	530	518	132	193	230	164	14.49	-75.50	1.96	15804.88	862.98	4100.64	-88.11	-173.53	-695.14
109	530	518	132	192	230	165	14.73	-75.68	2.04	15809.04	886.63	4081.61	-111.41	-201.70	-689.83
109	530	518	132	193	230	165	15.22	-75.75	2.16	15805.19	916.10	4065.53	-110.23	-217.42	-688.14
108	530	518	132	193	230	165	16.09	-75.83	2.35	15804.53	968.30	4043.65	-107.87	-232.84	-684.23
108	530	518	132	194	230	164	17.03	-75.93	2.52	15807.30	1016.68	4005.67	-119.98	-236.90	-667.62
108	530	518	133	193	229	165	17.89	-75.99	2.70	15801.53	1062.65	3979.59	-149.58	-245.36	-649.89
109	530	518	133	193	230	165	18.54	-76.11	2.81	15802.66	1093.91	3937.81	-152.50	-249.94	-629.59
109	530	518	132	193	230	165	19.03	-76.04	2.91	15813.32	1122.22	3914.52	-137.13	-218.84	-609.36
108	530	518	132	193	231	166	19.48	-75.90	3.03	15799.66	1152.31	3909.39	-113.32	-186.90	-585.35
108	530	518	133	193	231	166	19.66	-75.82	3.13	15801.08	1179.89	3915.92	-114.95	-173.46	-561.78
109	530	518	133	193	230	166	19.47	-75.76	3.14	15794.42	1183.30	3934.12	-107.61	-173.38	-546.44
109	530	518	132	193	230	166	19.69	-75.78	3.23	15800.30	1206.73	3938.82	-93.98	-187.86	-534.67
109	530	518	133	192	230	166	20.03	-75.84	3.35	15811.88	1241.80	3933.28	-89.53	-208.22	-521.13
108	530	518	133	193	230	166	20.57	-75.90	3.47	15817.09	1274.71	3919.61	-78.25	-222.56	-506.68
109	530	518	133	193	231	166	21.59	-76.00	3.67	15817.43	1327.77	3890.83	-78.59	-252.98	-487.54
109	530	518	133	193	230	166	22.77	-76.18	3.87	15821.56	1383.38	3846.69	-101.81	-272.98	-458.57
108	530	518	133	193	231	167	23.60	-76.36	3.98	15813.68	1411.01	3793.96	-104.17	-281.08	-428.79
108	530	518	133	193	230	166	24.25	-76.37	4.05	15815.20	1431.86	3755.66	-68.26	-259.88	-399.85
108	530	518	133	193	230	166	24.71	-76.29	4.15	15810.64	1456.67	3741.88	-35.50	-236.93	-365.41
108	530	518	133	193	230	166	24.80	-76.26	4.19	15812.91	1467.04	3736.18	-5.17	-226.44	-328.44
109	530	517	133	193	230	165	24.73	-76.26	4.24	15821.06	1481.08	3736.57	2.59	-225.17	-296.31
109	530	518	133	193	231	166	24.67	-76.29	4.26	15819.81	1487.43	3726.54	17.31	-234.51	-270.90
109	530	518	133	193	230	166	25.00	-76.29	4.34	15826.02	1509.86	3719.22	36.29	-236.78	-243.35
108	530	518	134	193	231	166	25.45	-76.40	4.41	15841.12	1531.77	3695.66	53.78	-241.99	-211.24
109	530	518	133	193	230	166	25.88	-76.56	4.44	15852.66	1539.78	3657.47	83.79	-242.44	-182.32
108	530	518	134	193	230	165	26.12	-76.62	4.46	15865.63	1545.19	3630.60	108.75	-236.07	-162.66
108	530	518	133	193	231	166	26.27	-76.64	4.49	15870.35	1554.73	3615.27	117.71	-227.52	-139.13
108	530	518	134	193	230	166	26.22	-76.76	4.49	15879.43	1554.99	3593.71	117.78	-221.14	-122.12
108	530	518	134	193	229	166	26.03	-76.85	4.45	15885.86	1544.44	3572.62	138.84	-216.23	-99.71
108	530	518	134	193	230	167	26.04	-76.85	4.46	15885.97	1546.22	3561.59	150.60	-205.72	-76.18
108	530	518	134	193	231	167	25.95	-76.95	4.45	15889.07	1545.71	3540.11	135.72	-207.24	-58.42
108	530	517	134	193	231	166	25.92	-76.96	4.42	15900.01	1538.42	3529.10	147.53	-197.53	-42.50
108	530	518	133	193	231	166	26.16	-76.96	4.48	15900.21	1555.90	3519.65	152.95	-195.30	-32.32
109	530	518	134	193	231	167	26.33	-77.04	4.52	15913.60	1566.31	3501.87	144.96	-196.88	-20.81
109	530	518	134	193	231	167	26.19	-77.02	4.51	15916.12	1564.39	3497.77	145.11	-188.99	-7.37
109	530	518	134	193	230	166	26.13	-77.04	4.51	15915.92	1562.17	3503.08	153.75	-192.34	1.00
109	530	518	134	192	230	166	26.51	-77.08	4.57	15919.92	1578.06	3488.33	169.51	-201.12	5.50
109	530	518	134	193	231	167	26.94	-77.09	4.63	15930.52	1598.76	3468.11	183.44	-194.57	17.18
109	530	518	134	193	231	166	27.62	-77.08	4.73	15920.60	1623.22	3451.91	195.67	-187.29	40.07
108	530	518	134	193	228	165	27.88	-77.10	4.78	15926.77	1637.46	3441.91	195.98	-186.22	76.41
109	530	518	134	192	231	166	27.56	-77.07	4.75	15930.03	1629.99	3443.82	215.53	-187.86	114.89
109	530	517	134	193	230	166	27.40	-77.08	4.75	15934.53	1629.09	3452.03	251.96	-202.87	153.40
109	530	518	134	193	230	167	27.34	-77.21	4.73	15941.40	1626.03	3447.62	292.51	-235.03	190.23
110	530	518	135	193	230	166	27.25	-77.33	4.71	15954.93	1621.73	3449.64	323.38	-264.88	220.62
108	530	517	134	193	230	167	27.37	-77.53	4.70	15964.38	1620.85	3434.16	359.17	-301.13	249.14
109	530	518	134	192	231	166	27.56	-77.79	4.66	15969.56	1609.20	3397.05	399.01	-324.32	270.48
109	530	518	134	193	231	166	28.04	-77.96	4.67	15966.88	1611.94	3362.60	431.31	-335.96	287.46
109	530	518	135	193	231	167	28.27	-78.19	4.63	15966.54	1601.75	3316.87	438.19	-345.16	313.53
109	530	517	135	193	230	166	28.14	-78.45	4.54	15973.01	1577.06	3257.83	436.93	-351.90	336.96
109	530	518	135	193	231	167	27.04	-78.68	4.36	15986.56	1528.61	3219.54	438.34	-346.16	357.76
108	530	518	135	193	231	166	26.29	-78.75	4.21	15995.63	1487.38	3199.16	445.97	-326.70	367.72
109	530	518	135	193	230	166	26.21	-78.78	4.21	15994.85	1487.21	3184.00	401.47	-321.16	378.53
109	530	518	135	193	231	167	25.57	-78.93	4.18	15993.11	1477.45	3168.60	310.15	-336.96	401.21
109	530	517	134	193	231	167	24.74	-79.16	4.01	16006.65	1434.17	3143.77	283.99	-350.61	413.05
109	530	518	135	193	232	167	24.68	-79.34	3.92	16022.12	1408.27	3098.18	302.94	-337.83	416.85
109	530	517	134	193	232	167	25.36	-79.44	3.91	16027.41	1408.65	3050.47	305.69	-323.44	426.70
109	530	518	135	193	231	167	25.85	-79.61	3.90	16034.44	1405.62	3003.55	287.86	-319.41	440.47
109	530	517	135	193	231	167	25.94	-79.73	3.85	16046.72	1392.14	2962.77	273.72	-297.09	453.49
108	530	517	135	193	231	167	26.13	-79.80	3.79	16061.98	1375.53	2917.63	288.18	-256.44	462.07
109	530	517	135	193	231	165	26.83	-79.65	3.81	16071.48	1383.96	2889.95	306.67	-196.77	473.12
109	530	518	135	193	232	168	26.21	-79.51	3.74	16091.91	1363.36	2890.85	321.14	-146.98	491.86
109	530	517	135	192	230	167	25.09	-79.35	3.57	16100.51	1318.19	2914.31	368.13	-113.53	496.32
110	530	518	135	192	230	167	24.85	-79.30	3.48	16100.49	1293.48	2923.80	404.52	-99.30	496.50
109	530	518	135	192	231	168	24.25	-79.37	3.38	16110.86	1267.21	2916.41	399.75	-100.89	498.38
109	530	517	135	193	230	167	23.36	-79.50	3.23	16125.52	1225.65	2902.39	419.16	-107.44	497.96
109	530	518	135	193	231	167	23.23	-79.60	3.13	16127.45	1196.76	2877.07	464.65	-99.52	492.81
109	530	517	135	193	230	168	23.10	-79.70	3.06	16131.87	1178.73	2850.41	475.67	-87.95	486.92
110	530	517	136	193	231	168	23.39	-79.93	3.03	16125.88	1169.19	2807.69	450.64	-92.25	481.77
109	530	517	135	192	231	168	23.59	-80.08	2.99	16123.38	1160.73	2761.71	395.15	-73.64	489.33
109	530	518	135	193	231	167	22.89	-80.09	2.87	16127.82	1127.49	2733.22	384.90	-30.40	499.27
109	530	517	135	193	230	168	21.96	-79.87	2.75	16127.22	1091.52	2737.96	400.90	29.77	507.15
109	530	517	135	193	232	169	20.87	-79.68	2.61	16129.46	1054.94	2756.26	396.06	72.48	507.35
109	530	517	135	193	232	169	19.77	-79.51	2.49	16128.59	1022.00	2777.25	374.00	100.10	497.68
110	530	518	136	193	231	170	19.36	-79.43	2.46	16130.76	1011.90	2799.99	347.15	107.00	484.65
109	530	517	135	193	230	169	18.86	-79.40	2.39	16133.82	992.90	2811.79	338.65	104.20	479.11
110	530	517	135	193	231	169	19.17	-79.41	2.41	16149.53	999.46	2809.80	345.61	103.29	471.21
110	530	517	135	193	231	169	19.83	-79.42	2.47	16151.25	1017.48	2797.71	342.68	101.92	473.70
110	530	518	136	192	231	169	20.23	-79.43	2.52	16168.49	1030.01	2793.82	336.40	98.43	492.21
110	530	517	136	192	232	169	19.85	-79.49	2.43	16169.87	1007.91	2781.13	355.83	105.26	515.75
110	530	517	135	192	232	170	19.33	-79.49	2.32	16171.77	976.71	2771.88	396.09	125.09	532.76
110	530	517	135	193	231	170	19.16	-79.51	2.28	16169.98	963.28	2762.08	406.18	137.09	545.28
110	529	517	136	192	230	170	18.08	-79.49	2.13	16170.48	924.91	2763.38	381.22	148.68	559.26
110	529	517	135	193	230	170	16.97	-79.49	1.97	16172.36	878.87	2765.41	406.56	155.85	561.70
110	529	517	135	192	231	170	16.61	-79.39	1.90	16180.74	858.12	2768.94	436.83	188.81	562.81
110	529	517	135	192	231	170	16.34	-79.27	1.84	16181.30	844.22	2781.89	439.84	207.87	563.22
110	529	517	135	192	231	170	15.98	-79.26	1.80	16180.04	831.61	2786.80	413.50	214.72	571.61
110	529	516	135	192	229	170	15.01	-79.27	1.68	16193.84	800.63	2783.26	401.18	230.84	581.68
109	529	517	136	192	231	170	13.68	-78.97	1.45	16186.54	735.20	2821.49	435.67	273.95	586.45
110	529	517	135	192	231	171	13.12	-78.71	1.36	16175.82	710.24	2871.22	460.53	293.95	583.57
110	529	516	135	192	230	170	12.65	-78.60	1.32	16155.63	698.92	2908.26	410.91	280.05	576.80
110	529	516	135	192	230	171	11.78	-78.64	1.19	16145.64	663.38	2923.45	358.36	248.70	576.76
109	529	516	135	192	231	171	11.08	-78.70	1.07	16145.96	630.61	2924.47	355.99	235.61	575.52
110	529	517	136	192	231	171	10.73	-78.70	1.01	16147.86	614.68	2921.65	376.34	245.98	572.49
110	529	516	135	192	231	170	10.53	-78.62	0.98	16145.67	603.14	2941.37	389.78	260.28	580.32
111	529	517	135	192	232	171	9.74	-78.57	0.86	16138.59	570.39	2957.50	375.64	250.97	586.95
111	529	517	136	192	231	171	8.69	-78.57	0.69	16139.06	525.47	2973.02	380.96	238.47	590.15
111	529	516	136	192	231	171	8.08	-78.53	0.56	16146.30	488.59	2987.97	401.31	229.65	582.65
111	529	516	135	192	231	172	8.40	-78.63	0.58	16140.99	495.56	2982.97	379.04	217.12	574.71
111	529	517	135	192	231	171	8.02	-78.80	0.52	16131.94	477.39	2972.42	328.84	195.41	584.28
111	529	516	136	192	231	171	7.43	-78.98	0.43	16120.54	451.52	2953.40	312.20	176.44	587.21
111	529	516	136	192	230	171	7.56	-79.07	0.41	16121.72	447.54	2937.13	336.29	172.57	600.50
111	529	517	136	192	231	172	7.79	-79.11	0.41	16126.23	448.96	2928.28	326.57	183.24	619.23
111	529	516	136	192	231	171	7.38	-79.14	0.38	16114.12	438.72	2921.26	286.90	187.18	643.72
111	529	516	136	192	231	172	5.79	-79.02	0.15	16122.61	375.38	2924.20	287.75	210.52	672.63
111	529	516	136	192	231	171	4.65	-78.79	-0.07	16128.48	314.41	2950.79	342.16	245.09	683.10
111	528	516	136	192	232	172	4.12	-78.57	-0.19	16128.26	282.89	2984.05	376.90	262.69	683.89
111	529	516	136	192	232	171	3.43	-78.48	-0.31	16130.25	247.35	3005.65	359.61	254.75	683.55
111	529	516	136	192	231	172	2.29	-78.51	-0.52	16147.33	191.98	3016.76	342.28	241.17	677.37
111	529	517	136	192	231	172	1.50	-78.52	-0.64	16155.76	155.58	3007.73	343.37	246.06	665.75
111	529	517	136	192	231	172	1.20	-78.48	-0.70	16149.98	139.00	3011.14	334.55	255.95	653.97
111	529	516	136	192	232	171	-0.09	-78.44	-0.92	16150.88	79.85	3027.58	326.17	252.86	645.77
111	529	516	136	193	232	172	-1.05	-78.39	-1.11	16158.13	27.66	3041.80	347.01	248.76	621.38
111	529	516	136	192	231	172	-1.48	-78.38	-1.19	16158.83	4.88	3052.31	352.01	243.63	593.11
112	529	516	136	192	231	173	-1.42	-78.49	-1.19	16154.08	5.03	3045.30	315.91	226.79	566.81
111	529	517	136	193	232	172	-1.71	-78.64	-1.24	16144.58	-8.22	3027.43	270.56	202.35	547.81
111	529	517	137	192	231	172	-2.36	-78.75	-1.32	16154.95	-32.81	3012.86	258.39	198.14	527.67
111	529	517	136	192	231	172	-2.64	-78.72	-1.38	16151.60	-49.37	3012.22	274.97	206.08	511.09
111	529	517	136	192	232	172	-2.91	-78.59	-1.45	16136.02	-67.90	3033.81	271.62	212.83	499.89
111	529	517	137	193	232	172	-3.53	-78.52	-1.58	16128.62	-103.91	3051.72	262.84	210.63	485.04
111	529	517	137	192	231	172	-4.00	-78.57	-1.65	16123.39	-123.11	3052.93	252.65	202.35	467.69
111	529	517	137	192	232	173	-4.54	-78.51	-1.75	16122.82	-148.75	3062.08	226.96	205.44	450.30
112	529	517	136	193	231	173	-4.97	-78.32	-1.88	16109.88	-185.92	3091.38	241.07	210.06	425.44
111	529	517	136	192	231	172	-4.36	-78.27	-1.83	16100.98	-171.02	3114.61	266.76	194.36	401.22
112	529	517	137	192	232	172	-3.46	-78.39	-1.69	16102.93	-133.27	3114.88	251.87	171.39	397.96
112	529	517	137	192	231	172	-2.88	-78.49	-1.60	16101.39	-108.41	3107.54	207.13	161.17	412.91
111	529	517	137	192	232	173	-3.66	-78.54	-1.68	16104.12	-130.19	3099.96	163.82	147.31	435.91
112	529	517	137	192	231	172	-4.94	-78.45	-1.90	16109.31	-189.68	3102.16	168.03	154.05	448.52
111	529	517	137	192	232	172	-5.70	-78.42	-2.05	16107.85	-230.79	3103.65	197.33	158.10	438.94
111	529	517	136	192	232	172	-6.15	-78.49	-2.12	16118.25	-251.25	3096.07	185.51	158.49	430.34
111	529	517	136	192	233	172	-7.08	-78.55	-2.26	16119.94	-289.29	3079.67	188.19	156.27	417.38
111	529	517	136	192	232	172	-7.30	-78.55	-2.30	16122.94	-302.03	3065.68	202.23	171.85	400.81
112	529	517	137	192	231	172	-7.02	-78.62	-2.28	16115.60	-295.72	3048.40	200.62	180.81	390.37
112	529	517	137	192	231	172	-6.80	-78.58	-2.29	16098.82	-296.54	3055.38	183.44	192.42	395.35
112	529	517	136	192	232	172	-6.67	-78.63	-2.28	16079.07	-293.31	3040.81	168.86	195.30	412.53
112	529	516	137	191	232	172	-7.04	-78.54	-2.34	16078.32	-310.05	3038.77	157.12	219.03	444.36
112	529	517	137	192	232	172	-8.00	-78.29	-2.53	16067.60	-361.74	3053.63	169.67	259.38	468.44
111	529	517	137	192	233	173	-8.61	-77.95	-2.72	16056.22	-415.26	3092.15	218.78	295.21	484.67
112	529	517	137	192	233	173	-9.00	-77.74	-2.86	16044.21	-452.29	3130.14	236.44	295.25	487.53
112	529	517	137	193	232	172	-9.60	-77.68	-2.98	16058.80	-484.08	3152.44	209.12	290.24	494.66
111	529	517	137	192	232	173	-10.47	-77.61	-3.11	16054.66	-520.08	3160.81	189.22	295.33	494.12
111	529	517	137	193	231	173	-10.63	-77.58	-3.15	16067.53	-534.87	3164.97	205.40	305.26	486.02
111	529	517	137	192	232	172	-10.21	-77.55	-3.11	16073.95	-522.93	3172.12	205.18	314.15	480.17
112	529	517	137	193	232	173	-10.06	-77.47	-3.10	16075.85	-520.18	3181.92	190.32	323.89	484.91
112	529	517	137	192	232	172	-10.02	-77.46	-3.12	16072.66	-525.37	3188.62	190.51	326.35	490.96
112	529	517	136	192	232	172	-9.77	-77.52	-3.11	16077.62	-523.10	3173.79	191.43	331.23	506.71
111	529	517	137	193	231	174	-10.02	-77.47	-3.14	16082.14	-531.35	3171.50	177.66	346.27	524.58
112	529	517	137	192	232	173	-11.07	-77.21	-3.35	16081.04	-589.78	3190.93	194.43	376.45	543.95
112	529	517	136	192	233	173	-11.76	-77.07	-3.50	16077.38	-629.49	3199.38	214.46	397.93	547.35
111	528	517	138	192	232	173	-12.86	-76.76	-3.73	16064.72	-691.82	3226.61	193.63	425.99	548.63
112	528	516	137	193	232	174	-14.20	-76.43	-4.02	16056.48	-772.03	3257.68	163.15	447.39	526.10
112	528	516	137	193	232	173	-14.93	-76.00	-4.26	16040.45	-836.43	3316.00	160.04	477.77	487.80
112	529	516	137	192	232	173	-14.71	-75.79	-4.28	16026.43	-842.80	3370.60	163.59	474.98	439.61
112	529	517	137	192	233	173	-13.65	-75.82	-4.12	16017.91	-797.66	3394.87	132.76	447.18	418.53
111	529	516	137	192	232	173	-12.98	-75.98	-4.00	16016.81	-762.38	3401.32	88.87	417.22	424.55
111	528	516	137	193	232	173	-12.48	-76.15	-3.90	16016.37	-735.26	3391.66	54.08	393.96	447.17
112	529	516	137	192	233	173	-12.45	-76.25	-3.87	16021.55	-727.30	3379.27	30.13	385.01	476.51
112	529	516	137	193	232	173	-13.23	-76.21	-4.01	16031.48	-767.93	3377.91	47.92	395.96	509.89
111	528	516	137	193	232	174	-14.16	-76.02	-4.22	16029.70	-825.94	3385.81	89.22	423.31	519.89
112	528	517	137	192	232	174	-15.10	-75.70	-4.47	16031.22	-894.44	3415.32	130.96	456.30	522.95
112	528	515	137	193	232	173	-15.92	-75.37	-4.74	16026.86	-967.92	3464.16	157.92	470.73	500.10
112	529	516	137	193	232	173	-16.64	-75.16	-4.96	16034.11	-1029.12	3505.35	168.67	467.05	463.85
111	529	517	137	193	232	174	-17.07	-75.01	-5.12	16032.01	-1073.47	3550.68	174.39	449.94	420.20
112	528	517	138	193	232	174	-17.26	-74.99	-5.20	16028.01	-1095.99	3579.95	174.42	423.05	377.04
112	528	516	137	193	231	174	-17.12	-75.11	-5.21	16021.01	-1096.39	3594.35	179.85	382.94	331.09
112	529	516	137	193	232	174	-17.06	-75.21	-5.22	16013.95	-1099.77	3608.03	178.50	348.45	295.04
111	528	516	137	193	232	174	-16.97	-75.30	-5.22	16013.86	-1100.98	3625.03	181.48	315.17	260.44
111	528	516	137	192	232	174	-17.11	-75.39	-5.25	16016.36	-1109.74	3637.18	180.10	288.47	229.71
111	528	517	137	193	231	173	-17.29	-75.40	-5.32	16010.54	-1127.85	3662.72	183.65	250.99	190.73
112	528	516	137	193	232	174	-17.24	-75.43	-5.38	16012.82	-1143.86	3690.58	199.32	215.34	141.14
112	528	516	137	192	231	174	-16.99	-75.55	-5.35	16011.38	-1136.06	3703.05	197.80	176.78	91.78
111	528	516	137	193	232	174	-16.92	-75.71	-5.32	16006.81	-1125.86	3716.10	169.11	126.39	50.80
112	528	517	137	192	232	174	-17.01	-75.86	-5.32	16008.27	-1127.17	3719.10	154.76	80.47	6.51
112	528	516	137	192	232	174	-16.85	-76.02	-5.30	16007.65	-1121.21	3715.14	154.42	40.49	-38.57
111	528	517	137	192	233	175	-16.50	-76.25	-5.25	15999.07	-1105.55	3707.58	165.00	-5.88	-77.24
111	528	516	137	192	232	174	-16.24	-76.51	-5.18	16005.12	-1088.67	3702.61	167.15	-50.54	-108.73
111	528	516	137	193	231	174	-16.20	-76.76	-5.15	16003.26	-1079.64	3684.87	150.59	-93.56	-139.44
112	528	516	137	192	232	174	-16.32	-76.98	-5.15	15997.30	-1079.26	3665.03	124.11	-135.73	-180.07
112	528	516	137	192	233	174	-16.54	-77.19	-5.15	15998.63	-1078.89	3638.18	123.65	-175.10	-224.27
112	528	516	137	193	232	173	-16.70	-77.43	-5.16	16004.70	-1081.35	3607.87	178.62	-193.44	-264.80
111	528	516	137	193	232	174	-16.22	-77.52	-5.10	16003.07	-1066.68	3588.88	228.84	-193.92	-313.56
112	528	516	137	193	232	173	-15.47	-77.68	-4.97	16000.91	-1030.15	3575.23	241.05	-210.72	-357.04
112	528	516	137	193	233	173	-14.79	-77.85	-4.85	15992.87	-995.84	3563.07	214.60	-234.94	-386.53
111	528	517	137	193	232	172	-14.12	-78.00	-4.71	15990.82	-957.05	3556.52	172.47	-263.84	-415.16
112	528	516	137	193	232	173	-12.94	-78.25	-4.50	15998.88	-898.99	3524.29	146.59	-299.35	-437.60
112	529	516	137	193	232	172	-11.75	-78.56	-4.27	16011.54	-838.05	3480.08	102.71	-320.03	-447.17
112	528	517	138	193	232	172	-11.78	-78.88	-4.16	16025.16	-808.74	3427.27	56.28	-333.23	-455.36
112	528	517	137	192	231	172	-11.78	-79.08	-4.09	16039.30	-791.71	3381.51	32.76	-330.42	-469.89
112	528	516	137	193	232	172	-11.57	-79.24	-4.02	16049.94	-771.52	3342.63	19.23	-323.70	-485.25
111	528	516	137	193	231	172	-11.54	-79.33	-3.96	16053.64	-754.74	3315.10	-4.29	-311.91	-507.49
112	528	517	138	193	232	171	-10.78	-79.45	-3.82	16066.16	-718.21	3279.55	-45.62	-299.57	-534.26
112	528	516	137	193	233	171	-10.20	-79.45	-3.72	16070.45	-690.50	3256.37	-62.09	-278.74	-561.65
111	528	517	138	192	231	170	-9.06	-79.38	-3.53	16072.73	-638.57	3248.35	-65.04	-251.95	-581.52
112	528	517	137	193	233	171	-8.38	-79.31	-3.40	16075.09	-602.64	3247.73	-76.93	-236.30	-588.84
112	528	517	137	192	232	170	-7.94	-79.34	-3.30	16081.13	-574.71	3240.95	-98.74	-235.94	-597.20
112	528	517	137	193	232	170	-7.69	-79.41	-3.22	16078.88	-552.38	3232.50	-133.40	-246.44	-608.04
111	528	517	138	193	231	170	-7.16	-79.52	-3.10	16083.13	-520.36	3213.87	-162.98	-256.02	-620.54
112	528	517	138	193	231	170	-6.28	-79.65	-2.95	16085.78	-479.34	3188.78	-198.03	-255.82	-627.41
112	528	516	137	193	232	169	-5.49	-79.71	-2.81	16083.69	-441.17	3162.94	-223.23	-247.53	-632.89
112	528	516	138	193	232	170	-4.55	-79.71	-2.64	16080.10	-394.31	3144.59	-237.97	-234.95	-635.44
112	528	517	138	193	232	169	-3.86	-79.70	-2.51	16074.10	-357.00	3135.77	-256.22	-225.40	-630.37
112	528	516	138	192	232	169	-3.14	-79.73	-2.40	16079.99	-327.75	3122.98	-254.31	-217.63	-629.10
111	528	516	138	193	232	169	-2.17	-79.75	-2.26	16080.19	-287.16	3106.03	-244.59	-205.10	-617.30
111	528	516	138	192	231	170	-1.38	-79.78	-2.11	16094.18	-247.60	3086.53	-249.86	-193.00	-604.03
111	527	516	137	194	232	168	-0.66	-79.71	-1.96	16096.67	-207.82	3084.20	-264.17	-176.45	-590.88
112	527	516	138	192	233	168	-0.24	-79.70	-1.86	16095.24	-180.43	3084.19	-288.31	-176.97	-576.94
112	528	516	137	193	232	169	-0.23	-79.81	-1.82	16100.88	-168.61	3068.18	-310.00	-183.03	-565.89
112	528	516	137	193	232	169	0.05	-79.91	-1.77	16108.04	-155.18	3048.77	-326.75	-178.27	-563.00
112	528	516	137	193	233	168	0.65	-79.97	-1.66	16119.63	-124.02	3019.53	-347.11	-166.76	-562.45
111	528	516	138	192	233	169	1.36	-80.02	-1.53	16116.85	-88.42	2991.16	-374.45	-159.82	-558.52
112	528	516	137	193	231	168	2.03	-80.00	-1.41	16125.41	-54.60	2977.40	-402.23	-142.83	-549.85
112	528	516	138	193	231	169	2.21	-79.95	-1.34	16125.74	-35.87	2969.33	-418.37	-118.94	-539.11
112	528	517	137	193	232	168	2.40	-79.89	-1.26	16122.85	-15.87	2962.86	-427.70	-97.69	-532.70
111	528	516	138	193	232	167	2.85	-79.83	-1.19	16132.91	6.92	2959.92	-434.77	-80.61	-524.22
111	528	516	138	193	232	168	2.92	-79.69	-1.13	16131.46	22.57	2973.92	-449.63	-61.13	-517.85
111	528	516	138	193	232	168	3.04	-79.66	-1.07	16136.49	39.84	2980.23	-444.60	-58.77	-515.26
111	528	517	138	193	232	168	3.36	-79.60	-0.97	16142.27	66.05	2978.41	-445.97	-49.43	-511.65
111	527	517	138	193	232	169	3.76	-79.57	-0.89	16136.35	88.35	2973.89	-452.77	-44.71	-506.82
111	527	516	137	193	232	168	4.32	-79.60	-0.78	16136.33	117.33	2967.80	-459.68	-47.38	-500.48
111	528	517	138	193	230	168	4.77	-79.62	-0.68	16142.32	145.87	2958.41	-475.35	-38.71	-491.15
111	528	516	137	193	231	168	5.37	-79.64	-0.60	16144.80	169.77	2945.29	-469.78	-24.12	-486.24
111	527	516	138	193	232	167	6.60	-79.61	-0.44	16153.16	211.08	2921.62	-453.19	5.23	-476.23
111	528	516	138	193	232	168	7.61	-79.54	-0.29	16159.50	253.33	2906.94	-462.68	46.12	-458.17
112	528	516	138	192	233	168	8.07	-79.43	-0.19	16155.33	282.46	2899.60	-484.00	79.67	-444.46
111	528	516	137	193	232	168	8.47	-79.29	-0.09	16158.56	309.74	2904.22	-498.85	116.53	-433.09
112	528	516	137	193	232	168	8.48	-79.05	-0.03	16150.03	325.05	2929.21	-505.85	148.16	-426.28
112	528	516	138	193	233	168	8.69	-78.86	0.04	16139.13	345.00	2954.75	-484.66	164.10	-425.42
111	528	516	138	193	233	168	9.41	-78.70	0.20	16122.57	390.95	2974.01	-470.33	167.99	-421.40
111	527	516	137	192	232	167	9.80	-78.71	0.31	16109.84	418.20	2974.31	-477.31	159.69	-404.33
112	527	516	138	193	232	168	9.96	-78.69	0.35	16111.95	429.49	2976.19	-452.20	167.46	-378.11
112	528	516	137	192	232	168	9.96	-78.59	0.37	16096.75	437.82	2983.98	-416.54	187.79	-353.51
112	528	516	137	193	233	168	9.90	-78.50	0.39	16089.12	442.13	2999.18	-389.66	199.25	-333.08
111	528	516	138	192	232	168	9.44	-78.38	0.37	16089.26	436.22	3023.22	-367.08	211.53	-316.83
111	527	516	138	193	232	168	9.27	-78.30	0.36	16093.20	433.21	3035.86	-330.82	221.31	-316.89
111	528	516	138	194	231	168	9.47	-78.26	0.38	16090.54	440.15	3036.67	-283.38	237.69	-324.89
111	528	516	138	193	232	168	10.02	-78.25	0.45	16090.01	459.14	3040.24	-256.76	255.51	-325.40
112	528	516	137	193	230	168	9.69	-78.14	0.42	16091.31	450.98	3046.22	-238.62	273.38	-321.58
112	528	516	138	193	232	167	9.16	-78.01	0.35	16094.74	430.64	3066.11	-212.19	293.76	-321.40
112	528	516	138	193	232	168	8.77	-77.89	0.31	16083.81	418.30	3081.61	-192.38	311.83	-330.98
112	528	516	138	193	232	168	8.33	-77.81	0.25	16082.02	404.79	3098.33	-193.51	317.13	-349.73
111	528	516	138	193	231	167	8.58	-77.83	0.31	16076.92	419.75	3102.81	-187.49	313.43	-378.34
112	528	516	138	193	231	167	9.17	-77.78	0.43	16070.87	452.76	3108.07	-189.16	314.51	-405.83
111	528	516	138	193	233	167	10.47	-77.74	0.64	16063.53	510.92	3110.07	-166.91	310.88	-427.83
112	528	516	137	193	231	167	11.67	-77.68	0.84	16063.55	564.38	3106.36	-161.41	314.64	-425.54
111	528	517	138	193	232	167	12.06	-77.65	0.93	16055.77	590.76	3107.64	-162.14	310.00	-414.52
112	528	516	137	193	232	166	12.26	-77.64	0.97	16062.58	601.82	3113.06	-138.48	310.85	-407.39
111	528	516	138	193	232	167	12.81	-77.61	1.06	16065.45	624.73	3120.81	-98.16	311.71	-407.37
111	528	516	138	193	231	167	13.73	-77.50	1.23	16071.38	671.89	3136.57	-82.30	317.98	-402.55
111	527	516	138	193	232	167	14.17	-77.39	1.36	16063.01	707.10	3159.14	-98.29	311.38	-391.87
111	528	516	138	194	231	167	14.32	-77.40	1.41	16069.66	721.94	3177.38	-106.57	296.56	-384.18
111	528	516	138	194	231	166	14.33	-77.39	1.45	16072.98	731.65	3198.71	-99.74	279.33	-382.42
111	528	516	138	194	231	167	14.45	-77.40	1.51	16077.73	748.26	3215.98	-99.71	256.56	-383.55
111	527	516	138	194	231	166	14.41	-77.41	1.54	16072.44	756.85	3237.98	-100.12	226.99	-383.12
111	528	516	138	194	232	167	14.59	-77.56	1.58	16074.82	769.81	3243.68	-77.11	189.09	-384.47
111	528	516	138	194	232	167	15.04	-77.67	1.66	16071.08	791.92	3245.90	-50.21	157.88	-383.49
111	528	516	138	194	232	167	15.99	-77.74	1.80	16065.33	828.32	3243.40	-41.50	131.69	-375.57
111	528	516	138	194	232	167	16.40	-77.84	1.88	16065.46	849.91	3230.43	-61.32	115.45	-360.84
111	528	516	138	193	233	167	16.66	-77.87	1.93	16063.79	864.01	3222.91	-74.81	113.78	-350.65
111	528	516	138	194	232	167	17.22	-77.81	2.01	16057.00	886.21	3218.56	-54.62	123.49	-339.97
111	527	516	138	194	232	167	17.89	-77.73	2.14	16049.55	920.50	3217.84	-28.39	132.52	-325.32
111	528	516	139	194	232	166	17.91	-77.69	2.19	16041.87	935.27	3223.34	-24.52	143.64	-300.90
111	528	516	138	194	233	167	17.65	-77.70	2.16	16035.18	926.51	3212.38	-24.24	159.36	-281.56
111	528	516	138	194	232	168	17.63	-77.72	2.15	16025.82	923.79	3206.56	-34.53	175.44	-283.38
111	528	516	138	194	232	167	17.77	-77.66	2.17	16027.53	930.00	3198.43	-40.15	198.82	-288.96
111	528	516	138	194	232	167	18.21	-77.55	2.26	16026.15	952.70	3182.51	-40.59	232.33	-292.61
111	528	516	138	195	231	168	18.36	-77.37	2.31	16033.84	967.26	3185.78	-42.02	281.21	-296.78
111	528	516	138	195	233	168	18.17	-77.06	2.34	16027.75	975.50	3223.89	-46.36	318.90	-303.39
111	527	516	138	195	232	168	18.09	-76.81	2.38	16016.76	987.12	3261.10	-42.90	339.11	-314.22
111	528	516	138	194	232	168	18.31	-76.65	2.48	16010.92	1012.37	3289.04	-33.70	335.40	-329.01
111	527	516	138	194	231	168	19.00	-76.54	2.63	16013.78	1054.15	3294.59	-47.67	339.13	-325.41
111	527	516	138	194	232	168	19.48	-76.53	2.72	16023.09	1078.24	3290.66	-47.83	341.32	-310.39
111	528	516	139	194	231	168	19.63	-76.46	2.75	16028.93	1089.53	3297.33	-36.19	360.31	-290.92
111	528	516	138	195	231	167	19.67	-76.28	2.82	16016.89	1107.45	3328.26	-36.13	369.09	-286.42
111	527	516	138	194	231	167	19.64	-76.21	2.84	16019.04	1111.48	3343.45	-24.48	368.44	-287.10
111	527	516	138	194	231	167	19.44	-76.07	2.85	16013.69	1114.71	3377.68	-15.00	371.02	-296.15
111	527	515	137	195	231	168	19.89	-76.02	2.93	16008.21	1137.17	3400.19	6.65	362.12	-310.49
111	527	516	138	194	231	168	20.30	-75.95	3.05	15999.60	1167.31	3410.38	13.57	346.46	-319.97
111	527	516	138	194	232	168	20.49	-76.02	3.11	15986.02	1183.35	3403.86	4.89	322.04	-321.32
111	528	515	138	194	231	167	20.73	-76.13	3.14	15987.12	1194.98	3397.47	12.79	307.23	-315.90
111	527	516	138	195	233	167	20.75	-76.07	3.17	15985.36	1200.23	3405.00	19.35	318.62	-302.01
111	528	516	138	195	231	168	20.74	-76.03	3.19	15979.09	1207.42	3415.75	22.34	319.49	-287.36
111	527	515	138	194	232	168	20.54	-75.99	3.20	15971.34	1207.45	3432.56	21.82	313.57	-285.49
111	528	516	138	195	231	168	20.76	-76.03	3.25	15976.57	1222.88	3441.13	28.28	300.54	-289.81
111	527	515	138	194	230	167	21.00	-75.96	3.38	15968.14	1256.93	3458.67	-0.99	290.86	-288.47
111	527	515	138	194	232	167	21.31	-75.98	3.44	15969.13	1273.08	3461.34	-17.04	290.72	-287.65
111	527	515	138	194	231	169	21.47	-75.94	3.49	15968.08	1286.23	3460.07	-25.93	302.63	-289.77
110	527	516	138	195	232	167	21.69	-75.83	3.57	15954.87	1308.32	3473.47	-48.39	301.40	-289.58
111	527	516	138	194	231	168	21.66	-75.74	3.63	15960.13	1326.50	3495.40	-82.67	298.93	-289.75
111	527	515	138	195	231	167	21.92	-75.70	3.70	15956.92	1343.58	3511.83	-101.58	291.98	-284.31
111	527	516	138	194	232	168	22.17	-75.61	3.81	15950.87	1375.60	3535.24	-127.36	284.84	-274.30
111	527	515	138	195	231	168	22.21	-75.57	3.87	15938.13	1390.42	3547.07	-144.54	275.94	-264.58
111	527	515	138	194	231	168	22.40	-75.53	3.95	15925.02	1410.50	3560.52	-142.46	268.90	-257.00
111	527	515	138	194	233	168	22.57	-75.55	4.01	15930.17	1426.37	3564.09	-143.49	260.25	-243.50
111	527	516	138	195	231	168	22.29	-75.49	3.99	15923.66	1420.45	3579.09	-139.61	265.09	-235.68
111	526	515	138	195	231	167	21.93	-75.41	3.96	15909.48	1413.23	3593.73	-138.88	262.03	-238.74
111	527	515	138	194	231	168	21.96	-75.40	4.00	15904.81	1422.37	3619.05	-133.84	248.88	-249.76
111	527	516	139	194	232	168	22.16	-75.44	4.05	15902.37	1435.85	3619.70	-129.60	234.59	-253.57
111	526	516	138	194	233	169	22.34	-75.44	4.09	15899.25	1446.06	3618.71	-118.92	231.31	-249.79
110	527	516	139	194	232	167	22.74	-75.44	4.16	15892.88	1466.16	3608.18	-117.32	233.44	-242.60
112	527	516	138	194	231	168	22.62	-75.45	4.18	15896.24	1472.45	3609.77	-130.41	229.47	-234.12
111	527	515	139	195	232	168	22.31	-75.41	4.15	15900.23	1464.03	3625.88	-127.18	229.65	-233.06
111	526	515	139	196	232	168	22.25	-75.36	4.18	15891.02	1471.42	3641.98	-131.43	223.07	-237.76
111	527	516	138	194	232	168	22.24	-75.38	4.22	15887.26	1482.05	3653.28	-152.70	198.31	-239.17
111	527	515	139	195	231	168	22.35	-75.40	4.28	15876.50	1496.95	3659.22	-173.82	176.90	-240.71
111	527	515	138	194	231	168	22.81	-75.47	4.38	15876.88	1524.70	3651.86	-186.48	154.20	-235.13
111	526	515	138	195	232	168	23.02	-75.42	4.47	15870.63	1547.07	3660.87	-212.85	146.49	-222.52
111	526	515	139	194	232	168	23.02	-75.37	4.49	15871.90	1555.31	3672.62	-215.26	142.82	-208.20
111	526	515	139	194	232	168	23.07	-75.26	4.54	15869.90	1568.35	3695.19	-204.80	143.08	-191.54
111	526	516	139	195	231	168	22.92	-75.18	4.56	15864.21	1574.13	3715.03	-204.71	134.32	-179.21
111	526	515	139	195	230	169	22.72	-75.20	4.55	15866.20	1571.22	3730.08	-197.57	122.76	-171.40
111	527	515	138	195	231	169	22.61	-75.17	4.53	15871.69	1566.66	3738.58	-179.99	128.37	-170.13
111	526	515	138	194	232	168	22.69	-75.07	4.58	15866.50	1577.13	3763.25	-161.69	124.35	-174.67
111	527	515	139	194	231	168	22.86	-75.10	4.61	15864.58	1587.07	3768.69	-156.76	104.98	-173.39
111	526	515	139	194	231	168	23.13	-75.13	4.63	15863.75	1593.92	3764.45	-137.32	104.68	-168.17
111	526	515	139	195	231	168	23.41	-75.17	4.65	15855.76	1597.22	3748.43	-104.96	112.20	-157.41
111	526	515	138	194	232	168	23.45	-75.20	4.65	15841.97	1594.16	3742.61	-87.41	110.69	-153.74
111	527	515	138	194	231	168	23.96	-75.20	4.72	15839.28	1614.25	3728.68	-66.74	115.55	-144.50
110	526	515	138	194	231	168	24.06	-75.14	4.73	15827.91	1616.34	3726.44	-48.30	129.68	-122.08
111	526	515	139	194	231	168	23.99	-75.06	4.73	15826.12	1616.72	3739.72	-29.59	136.74	-107.82
111	526	515	139	194	232	168	24.05	-75.07	4.73	15840.01	1618.09	3736.73	-12.96	142.46	-92.08
111	526	515	139	195	233	169	24.12	-75.05	4.75	15844.41	1622.18	3736.10	-3.26	146.23	-82.18
111	526	515	138	194	232	169	24.31	-75.05	4.77	15852.99	1629.47	3735.49	9.60	156.07	-76.47
111	526	515	138	194	231	168	24.24	-74.99	4.77	15844.74	1628.20	3731.72	10.22	177.72	-75.55
111	526	515	138	194	233	169	24.06	-74.83	4.74	15842.30	1619.99	3751.93	20.51	204.68	-78.52
111	527	515	138	194	232	168	23.84	-74.69	4.72	15832.99	1614.79	3772.34	36.44	222.65	-88.59
111	526	515	138	195	232	168	23.98	-74.60	4.80	15822.94	1633.05	3787.72	35.42	220.72	-92.36
111	526	515	139	195	231	168	24.03	-74.65	4.82	15829.39	1639.40	3787.33	25.94	208.73	-84.10
111	526	515	139	195	232	168	23.57	-74.68	4.73	15828.12	1617.83	3786.57	18.50	216.89	-82.59
111	526	515	138	195	232	168	23.73	-74.60	4.77	15827.11	1627.14	3792.64	31.72	223.40	-95.81
111	526	515	139	195	231	168	23.92	-74.58	4.81	15822.76	1636.18	3790.81	33.19	226.13	-99.17
111	526	515	139	194	232	168	23.91	-74.55	4.83	15829.82	1642.77	3802.47	34.38	218.92	-101.81
112	526	515	138	195	231	168	23.79	-74.56	4.82	15836.53	1642.03	3812.14	33.21	213.58	-112.77
111	526	515	139	195	231	168	24.13	-74.54	4.92	15851.30	1669.33	3822.73	35.40	200.60	-124.53
111	526	515	139	194	231	168	24.14	-74.60	4.94	15852.34	1675.67	3815.80	20.38	185.47	-134.11
111	526	515	139	195	231	168	24.51	-74.75	5.03	15859.72	1701.68	3795.41	11.11	163.24	-142.65
111	526	515	139	195	231	168	24.96	-74.87	5.13	15862.33	1727.80	3776.24	12.70	145.53	-142.97
111	526	514	140	195	231	168	25.05	-74.91	5.17	15868.22	1738.61	3771.43	3.52	135.71	-137.62
111	526	514	139	195	231	168	24.92	-74.84	5.19	15858.60	1745.88	3777.05	-26.41	137.12	-143.14
111	526	514	139	195	232	168	24.85	-74.74	5.24	15851.07	1756.98	3799.40	-37.59	132.41	-144.48
111	526	514	139	195	232	168	25.01	-74.68	5.30	15830.72	1771.53	3809.03	-54.91	129.39	-144.56
111	526	514	139	195	230	168	25.28	-74.67	5.38	15822.58	1794.16	3815.18	-65.51	110.42	-138.33
111	526	514	139	196	232	168	25.32	-74.69	5.44	15827.25	1808.05	3819.22	-77.39	103.15	-122.01
111	526	514	139	196	231	168	25.47	-74.72	5.45	15828.49	1813.85	3810.26	-81.02	102.94	-101.71
111	526	514	139	195	232	169	25.42	-74.74	5.45	15826.87	1811.35	3804.75	-88.42	103.95	-84.93
111	526	514	140	195	232	167	25.30	-74.75	5.42	15826.12	1803.39	3803.91	-75.85	103.55	-79.63
111	526	514	139	196	232	168	25.52	-74.74	5.46	15831.02	1816.82	3804.71	-73.10	102.92	-78.75
111	526	514	140	195	231	168	25.50	-74.73	5.46	15829.26	1815.58	3802.48	-72.55	110.53	-71.11
111	526	514	140	196	231	168	25.63	-74.68	5.46	15824.20	1815.60	3806.75	-56.97	118.90	-64.76
110	526	514	140	195	232	168	25.82	-74.66	5.50	15820.39	1826.62	3800.42	-51.77	130.36	-55.72
111	526	514	140	196	232	168	25.81	-74.66	5.50	15815.17	1824.89	3792.40	-39.58	140.34	-43.88
111	526	514	139	195	232	168	26.10	-74.65	5.52	15816.21	1831.04	3786.78	-17.45	152.97	-26.79
111	526	514	140	195	231	168	25.93	-74.63	5.48	15811.40	1819.89	3786.84	-0.73	165.27	-10.10
111	526	514	140	195	231	168	25.68	-74.59	5.43	15814.43	1806.50	3798.09	22.75	173.81	1.06
112	526	514	140	195	232	168	25.30	-74.58	5.37	15816.91	1790.97	3804.59	30.72	176.12	1.80
111	526	514	140	195	231	168	25.24	-74.61	5.35	15816.06	1784.22	3813.36	34.73	170.56	-6.14
111	526	514	140	196	232	168	25.33	-74.60	5.35	15821.46	1784.81	3805.89	34.04	171.93	-15.63
111	526	514	140	195	232	167	25.64	-74.64	5.38	15831.39	1792.37	3792.20	39.79	177.14	-24.25
111	526	514	140	195	231	168	25.38	-74.60	5.33	15842.22	1781.35	3795.79	42.15	197.43	-37.14
111	526	514	140	195	231	168	25.49	-74.57	5.37	15840.91	1791.48	3803.80	50.85	202.06	-57.73
111	526	513	140	196	232	167	25.63	-74.54	5.42	15836.86	1804.71	3806.81	43.25	194.01	-75.69
111	526	513	140	196	232	167	25.56	-74.52	5.44	15839.62	1810.47	3815.07	16.29	189.26	-81.26
111	526	513	140	195	232	168	25.21	-74.58	5.39	15839.84	1796.95	3817.11	-9.42	178.99	-93.20
111	526	514	140	196	231	167	25.27	-74.57	5.42	15841.64	1804.30	3817.06	-26.45	179.14	-106.79
111	526	514	140	196	231	168	25.50	-74.57	5.48	15833.96	1820.69	3821.21	-45.68	166.24	-113.50
111	526	513	140	195	231	167	25.60	-74.60	5.53	15831.06	1834.05	3820.15	-63.70	147.42	-111.67
111	526	514	140	196	232	167	25.82	-74.57	5.60	15827.71	1854.95	3815.34	-80.56	141.65	-107.54
111	526	513	140	196	232	167	26.05	-74.52	5.64	15818.12	1864.40	3812.57	-89.98	144.92	-109.51
111	526	514	140	196	233	168	26.04	-74.50	5.69	15805.02	1877.78	3814.54	-125.18	148.17	-104.59
111	526	513	139	195	232	167	25.75	-74.47	5.66	15805.37	1866.89	3821.42	-138.53	155.37	-102.76
111	526	513	140	196	232	168	25.59	-74.38	5.63	15793.10	1858.75	3836.94	-145.95	163.90	-106.72
111	526	513	140	195	232	168	25.64	-74.37	5.66	15794.64	1867.01	3838.90	-170.55	161.45	-107.18
111	526	513	140	196	231	168	25.49	-74.35	5.65	15787.51	1863.06	3843.95	-181.27	163.63	-101.37
111	526	513	140	196	231	167	25.80	-74.27	5.73	15781.73	1883.31	3839.36	-185.91	170.40	-94.45
111	526	513	140	196	232	167	25.70	-74.25	5.73	15782.05	1883.74	3849.59	-203.71	177.88	-81.88
111	526	513	141	195	232	167	25.37	-74.09	5.70	15777.35	1876.16	3866.71	-211.43	193.73	-72.34
111	526	513	140	196	231	168	25.07	-74.06	5.70	15777.68	1874.35	3888.97	-219.86	184.10	-67.82
112	526	513	141	196	232	168	24.86	-74.03	5.69	15772.59	1873.43	3905.92	-233.21	180.74	-66.63
111	526	513	140	196	232	168	24.99	-74.09	5.71	15768.16	1877.16	3898.43	-235.45	171.51	-70.25
111	526	513	140	196	232	168	25.34	-74.13	5.75	15774.16	1888.50	3877.51	-241.43	176.13	-74.99
111	526	513	140	195	233	168	25.39	-74.04	5.76	15775.25	1893.68	3879.63	-247.51	198.57	-75.19
111	526	513	140	196	231	168	25.31	-73.91	5.77	15765.09	1894.59	3907.25	-246.78	210.60	-81.18
111	526	513	140	196	232	167	25.37	-73.76	5.85	15767.83	1914.06	3939.89	-247.44	215.62	-83.87
111	526	513	140	196	232	168	25.22	-73.62	5.85	15765.44	1914.96	3968.89	-236.57	222.48	-79.98
111	526	513	140	196	231	168	25.32	-73.57	5.90	15762.57	1929.81	3994.05	-229.49	203.01	-78.98
111	526	513	140	195	231	167	25.30	-73.63	5.91	15758.64	1929.52	4001.55	-224.77	180.36	-68.13
111	526	513	140	196	232	168	25.05	-73.73	5.85	15753.31	1914.04	3997.67	-212.88	155.09	-62.37
111	526	512	141	196	231	168	25.01	-73.87	5.83	15746.64	1906.14	3991.18	-200.79	127.79	-58.15
112	526	512	140	195	232	168	25.23	-74.04	5.83	15741.91	1906.84	3983.03	-196.75	105.15	-50.84
112	526	513	140	196	231	168	25.28	-74.17	5.81	15740.41	1902.09	3964.67	-200.01	91.19	-43.50
111	525	513	140	196	232	168	25.21	-74.21	5.80	15734.99	1898.39	3953.24	-198.71	94.68	-36.73
111	525	513	141	196	232	168	25.12	-74.10	5.80	15729.24	1898.27	3959.58	-190.22	108.05	-33.59
111	526	513	140	196	232	168	24.87	-74.01	5.77	15727.58	1889.16	3976.40	-184.91	119.04	-30.06
111	526	513	141	195	231	167	24.86	-73.94	5.78	15722.80	1890.30	3988.58	-176.12	124.79	-28.16
111	526	513	140	196	232	168	24.95	-73.89	5.82	15718.86	1901.38	3991.75	-169.06	124.25	-19.00
111	526	513	140	196	232	168	24.94	-73.88	5.82	15721.52	1903.31	3989.36	-165.66	132.34	-7.70
111	526	513	140	196	233	168	25.07	-73.81	5.83	15722.24	1905.35	3996.69	-154.98	146.02	5.53
111	526	513	141	196	232	168	24.86	-73.74	5.81	15719.53	1899.48	4015.66	-153.83	148.22	16.21
111	526	512	140	196	232	168	24.62	-73.72	5.76	15724.75	1887.51	4033.48	-134.59	155.51	22.40
111	526	513	140	196	232	168	24.53	-73.67	5.75	15728.91	1883.73	4048.60	-113.26	160.44	18.48
111	526	512	140	196	232	168	24.55	-73.72	5.75	15734.87	1884.34	4047.97	-116.59	151.21	16.15
111	526	513	140	196	232	168	24.28	-73.80	5.67	15744.13	1863.33	4037.97	-113.26	156.25	4.90
111	526	512	140	196	230	168	24.46	-73.77	5.69	15746.32	1870.36	4040.08	-92.25	160.49	-12.20
111	526	513	140	196	231	168	24.53	-73.75	5.70	15740.20	1873.44	4047.67	-99.29	158.82	-15.54
111	526	513	140	195	232	167	24.45	-73.76	5.70	15748.39	1871.97	4056.09	-91.82	152.97	-16.96
111	526	512	140	196	231	168	24.39	-73.76	5.70	15749.97	1872.37	4072.68	-65.83	142.03	-19.56
111	526	513	141	196	231	168	24.26	-73.82	5.66	15758.67	1862.95	4076.25	-74.74	122.87	-18.44
111	526	513	140	196	232	167	23.76	-73.96	5.55	15756.74	1832.81	4072.44	-79.10	101.23	-22.96
111	526	513	141	196	232	168	23.85	-74.11	5.53	15755.90	1828.57	4054.21	-78.40	81.22	-36.82
111	526	512	141	196	232	167	24.03	-74.27	5.54	15751.11	1828.14	4023.70	-104.33	70.26	-48.17
111	526	513	141	195	232	167	24.21	-74.38	5.51	15745.15	1822.53	3987.32	-127.21	72.00	-59.57
111	526	513	140	196	232	168	24.12	-74.33	5.50	15735.10	1816.00	3977.75	-138.70	90.45	-75.74
111	526	513	140	196	232	167	24.06	-74.17	5.55	15728.34	1829.20	3995.27	-163.47	102.42	-93.45
111	526	513	141	196	231	167	24.15	-74.08	5.61	15727.72	1847.34	4010.90	-187.34	99.45	-106.88
111	526	513	140	196	232	167	24.36	-73.96	5.69	15722.94	1866.18	4023.76	-201.58	104.93	-110.68
111	526	513	140	196	232	167	24.51	-73.86	5.73	15721.79	1878.27	4025.97	-209.10	116.38	-109.20
110	526	513	140	194	232	167	24.55	-73.77	5.74	15719.50	1880.95	4030.47	-198.09	135.86	-109.74
110	526	513	140	196	233	167	24.56	-73.67	5.80	15706.72	1894.51	4048.75	-195.04	141.42	-110.75
110	526	513	140	196	232	168	24.37	-73.62	5.78	15717.19	1892.98	4059.71	-206.29	139.85	-110.67
111	526	513	141	196	233	167	24.28	-73.60	5.79	15709.73	1892.93	4072.92	-207.92	129.51	-114.73
110	526	513	141	195	231	167	24.54	-73.63	5.84	15694.44	1904.69	4071.48	-211.28	112.18	-107.65
110	526	513	140	196	232	167	24.83	-73.62	5.88	15690.52	1916.45	4072.50	-215.11	109.17	-96.91
110	526	513	141	196	232	166	24.83	-73.62	5.89	15695.19	1919.03	4074.88	-218.06	110.16	-84.52
110	526	513	140	196	232	167	24.45	-73.64	5.81	15696.23	1896.88	4081.33	-218.85	111.56	-75.79
111	526	513	140	196	232	167	24.32	-73.71	5.77	15704.02	1887.63	4077.27	-217.76	105.03	-83.80
110	526	513	140	196	232	167	24.42	-73.72	5.82	15700.42	1900.45	4084.80	-213.72	90.18	-91.41
110	526	513	140	196	232	167	24.56	-73.70	5.87	15704.40	1913.83	4083.16	-225.84	80.47	-93.89
110	526	512	141	196	232	166	24.68	-73.63	5.92	15709.58	1928.14	4083.41	-212.24	81.54	-92.85
110	526	513	141	196	232	167	24.86	-73.60	5.95	15702.70	1937.93	4086.04	-199.88	80.12	-90.85
110	526	513	141	196	232	166	24.72	-73.73	5.93	15698.16	1930.83	4080.93	-219.39	54.46	-86.36
110	526	513	141	195	233	166	24.69	-73.91	5.89	15707.06	1920.29	4054.29	-243.07	41.29	-78.44
111	525	513	140	196	233	166	24.41	-74.09	5.79	15707.50	1893.68	4025.77	-266.87	40.97	-71.92
111	526	513	141	196	232	166	24.03	-74.14	5.70	15704.73	1869.39	4009.48	-290.17	54.93	-71.38
110	526	513	140	196	231	165	24.12	-74.05	5.72	15697.69	1872.92	4005.81	-302.01	70.43	-72.11
111	526	513	140	195	231	165	24.05	-73.95	5.75	15686.81	1879.68	4013.92	-340.46	82.36	-64.85
110	526	513	140	196	232	165	24.14	-73.91	5.78	15683.67	1887.49	4015.42	-372.74	90.04	-56.16
110	526	513	140	195	232	166	24.42	-73.81	5.85	15681.68	1907.12	4014.65	-397.50	112.54	-46.30
110	526	513	141	196	232	165	24.60	-73.66	5.93	15680.00	1927.16	4025.72	-410.78	129.81	-26.04
110	525	513	140	196	233	165	24.43	-73.56	5.92	15689.00	1927.41	4048.23	-418.19	143.52	-11.38
110	526	513	141	196	232	165	24.17	-73.44	5.91	15696.55	1923.63	4074.42	-406.78	155.39	-5.66
110	526	513	141	196	233	166	24.06	-73.33	5.90	15707.92	1924.85	4101.10	-391.69	162.02	-8.68
111	526	513	140	195	232	165	23.91	-73.29	5.89	15722.33	1920.21	4126.05	-373.46	159.87	-17.40
110	526	513	141	196	232	165	23.95	-73.28	5.91	15737.41	1929.20	4129.34	-358.33	150.08	-28.83
110	526	513	141	196	232	165	24.03	-73.34	5.91	15737.94	1928.74	4127.88	-340.67	136.28	-39.94
110	526	513	141	196	232	165	24.51	-73.37	6.01	15734.24	1956.10	4119.28	-322.13	123.56	-49.34
111	525	513	141	196	233	165	24.86	-73.39	6.07	15728.33	1970.70	4111.92	-304.43	118.68	-45.87
110	526	513	140	196	232	165	25.09	-73.37	6.10	15717.51	1977.96	4114.12	-282.70	118.10	-34.53
110	526	513	141	196	231	165	25.06	-73.37	6.09	15707.24	1973.06	4119.62	-254.07	113.19	-20.85
111	526	513	141	196	232	165	25.32	-73.36	6.12	15697.27	1981.21	4117.04	-230.27	106.48	0.54
111	526	513	141	196	232	165	25.74	-73.36	6.19	15697.21	2001.35	4112.78	-211.90	104.66	26.51
111	526	513	140	196	233	166	25.99	-73.37	6.24	15687.55	2013.88	4101.74	-198.06	96.88	62.19
111	526	513	141	196	232	166	25.96	-73.42	6.22	15692.37	2009.99	4100.86	-172.45	94.03	96.58
111	526	513	141	196	231	166	26.02	-73.40	6.22	15703.95	2009.89	4104.21	-145.33	97.03	132.60
111	526	513	141	196	231	165	25.61	-73.39	6.17	15701.95	1997.00	4118.40	-131.32	89.23	174.52
111	526	513	141	196	232	166	25.26	-73.46	6.07	15702.06	1968.95	4112.28	-127.25	87.62	210.94
111	526	513	141	196	232	166	24.66	-73.50	5.94	15699.75	1934.90	4120.47	-122.54	84.19	238.95
112	526	513	141	196	232	166	24.03	-73.51	5.80	15708.57	1895.35	4133.85	-94.61	86.73	253.95
112	526	512	141	196	232	166	23.90	-73.45	5.76	15707.54	1885.79	4151.15	-61.28	90.24	257.20
112	526	513	141	196	232	166	24.13	-73.48	5.82	15695.16	1900.30	4148.20	-74.77	74.18	274.79
112	525	513	141	196	232	166	24.08	-73.68	5.79	15683.20	1891.68	4134.79	-95.93	39.92	301.75
112	525	512	141	197	232	166	23.95	-73.94	5.69	15699.84	1864.30	4100.05	-68.08	29.22	317.56
112	525	513	141	196	232	166	24.36	-73.91	5.70	15716.65	1868.68	4088.24	-19.23	56.06	335.84
112	525	513	141	197	232	167	24.22	-73.81	5.71	15708.22	1871.25	4095.03	-30.12	74.66	369.74
112	525	513	141	196	232	166	23.65	-73.84	5.62	15700.41	1845.69	4112.48	-46.51	55.48	393.56
112	525	513	141	196	233	166	23.97	-73.99	5.68	15698.79	1861.40	4094.66	-80.03	25.25	411.58
112	525	512	141	196	234	167	24.43	-74.28	5.71	15717.05	1872.33	4040.92	-158.68	1.09	462.90
112	526	513	141	196	232	167	23.16	-74.57	5.42	15770.39	1799.91	3986.68	-159.05	27.39	520.26
112	525	512	141	197	232	167	22.38	-74.45	5.15	15799.27	1728.32	3977.34	-52.00	109.82	543.04
112	526	513	141	197	231	167	22.00	-74.08	5.03	15799.91	1696.70	4006.48	7.50	184.98	550.49
112	525	513	141	196	232	167	20.85	-73.72	4.82	15783.31	1638.67	4079.55	6.03	209.83	551.57
112	525	513	141	196	233	167	19.48	-73.57	4.51	15791.55	1553.93	4141.17	45.23	200.14	530.44
112	525	512	141	196	232	167	18.89	-73.51	4.35	15795.37	1509.44	4188.52	114.97	178.58	494.07
112	525	512	141	196	232	168	19.14	-73.62	4.39	15794.20	1520.37	4205.49	136.22	123.30	473.61
112	525	512	141	196	232	167	19.21	-73.86	4.42	15785.49	1528.15	4196.41	110.76	62.99	477.13
112	525	512	140	196	233	167	18.63	-74.13	4.26	15774.82	1483.34	4189.19	122.87	2.24	485.88
112	525	512	141	196	234	168	18.98	-74.41	4.24	15772.08	1478.77	4161.93	173.48	-41.53	488.88
112	525	512	141	197	232	168	19.82	-74.62	4.32	15758.87	1500.83	4115.04	170.10	-70.95	509.24
113	525	512	141	196	232	167	19.42	-74.90	4.24	15748.13	1477.79	4070.49	113.55	-90.80	546.88
112	525	513	142	196	232	168	17.74	-75.07	3.89	15757.52	1383.70	4040.96	143.52	-78.51	565.78
112	525	512	141	196	233	168	17.15	-74.97	3.69	15756.05	1329.92	4031.31	233.14	-31.39	555.89
113	525	512	142	196	232	168	17.05	-74.75	3.66	15739.84	1319.62	4054.35	253.29	-0.87	550.05
112	525	512	141	196	232	169	16.32	-74.68	3.53	15736.25	1284.24	4082.03	222.47	-4.92	556.30
112	525	512	141	196	232	169	15.32	-74.68	3.31	15750.64	1226.23	4101.53	220.80	-12.48	553.53
112	525	512	141	196	233	169	15.05	-74.67	3.21	15758.31	1199.92	4106.85	252.01	-2.90	538.35
112	525	512	141	196	233	169	15.30	-74.72	3.22	15766.19	1202.12	4098.71	261.76	-2.01	524.04
112	525	512	142	196	232	169	15.37	-74.77	3.22	15764.68	1203.02	4091.17	229.67	-5.26	516.13
113	525	512	141	196	232	169	14.73	-74.84	3.08	15770.25	1164.46	4091.62	231.29	-2.05	505.63
112	525	512	140	196	232	170	14.76	-74.78	3.03	15779.74	1151.64	4096.03	280.57	17.71	488.10
112	525	512	141	196	232	169	15.11	-74.66	3.08	15780.35	1166.66	4110.23	296.24	31.02	477.24
112	525	512	142	196	233	169	14.79	-74.68	3.05	15773.53	1156.93	4120.72	265.18	18.72	476.13
113	525	513	141	196	234	169	14.36	-74.86	2.94	15784.85	1126.88	4110.29	273.02	-0.87	470.72
113	525	512	141	196	233	170	14.49	-74.93	2.89	15796.41	1114.14	4099.77	318.22	0.93	464.09
112	525	512	141	197	232	169	14.59	-74.92	2.89	15796.39	1113.43	4104.58	330.26	-1.57	465.03
112	525	512	141	196	232	169	14.23	-74.99	2.79	15792.77	1087.96	4111.15	340.30	-25.24	468.08
113	525	512	142	196	233	169	14.16	-75.15	2.72	15810.73	1070.76	4095.40	364.28	-41.43	469.28
113	525	512	141	196	232	169	14.17	-75.36	2.69	15814.59	1061.62	4068.63	363.52	-56.31	469.01
113	525	513	141	196	230	170	14.10	-75.58	2.62	15812.27	1043.34	4037.39	346.04	-73.74	470.01
112	525	512	141	196	233	170	13.69	-75.78	2.52	15824.25	1014.17	4012.92	344.99	-84.30	466.06
112	525	513	141	196	233	170	13.49	-75.85	2.43	15828.44	992.66	3994.68	362.09	-77.54	459.01
113	525	512	142	196	232	170	13.47	-75.95	2.40	15829.02	985.23	3980.14	354.04	-88.26	463.51
112	525	512	141	196	232	170	13.12	-76.06	2.34	15831.17	966.57	3967.34	316.78	-102.55	474.23
113	525	512	142	196	233	170	12.60	-76.14	2.24	15837.81	940.04	3957.57	283.90	-110.17	483.42
112	525	512	141	197	232	170	12.06	-76.20	2.14	15841.52	912.04	3945.49	276.20	-113.56	487.00
112	525	512	141	196	232	169	11.74	-76.26	2.05	15838.84	888.24	3937.22	286.59	-114.28	487.90
112	525	512	141	196	232	169	11.76	-76.32	1.99	15837.90	873.03	3923.16	288.71	-115.52	488.96
111	525	512	141	196	232	170	11.70	-76.45	1.95	15840.20	862.37	3903.80	268.48	-127.29	494.86
113	525	513	141	196	232	169	10.96	-76.56	1.80	15847.19	821.46	3884.81	262.65	-128.53	502.41
112	525	512	141	196	232	170	10.69	-76.61	1.71	15856.03	798.98	3871.17	287.62	-123.85	495.19
112	525	513	141	196	232	170	10.89	-76.66	1.73	15857.23	802.43	3854.01	286.09	-121.46	492.38
112	525	512	141	196	233	169	10.47	-76.68	1.62	15861.97	773.91	3846.71	277.48	-118.89	497.31
113	525	513	141	196	233	169	10.10	-76.68	1.49	15869.87	738.62	3839.17	314.56	-109.94	492.30
112	525	512	141	197	232	170	10.32	-76.67	1.49	15875.18	738.89	3835.61	338.73	-105.90	487.63
112	525	512	142	196	232	170	10.27	-76.77	1.48	15877.02	736.94	3828.43	316.39	-123.35	489.10
112	525	513	141	196	233	169	9.69	-76.92	1.39	15883.77	711.09	3805.81	296.03	-135.78	495.50
112	525	512	142	196	233	170	9.44	-77.01	1.30	15894.38	688.54	3779.32	319.82	-138.99	500.77
113	525	512	141	196	232	170	9.54	-77.10	1.26	15903.46	676.51	3753.76	336.53	-131.19	505.93
113	524	512	142	197	233	170	9.45	-77.17	1.22	15904.49	664.09	3739.87	337.11	-124.04	518.59
112	525	512	141	196	232	170	9.27	-77.21	1.16	15904.06	649.68	3725.07	335.25	-119.33	531.91
112	525	512	141	196	232	170	8.93	-77.28	1.08	15919.66	627.60	3711.62	337.94	-118.67	548.56
112	525	512	141	196	233	170	8.40	-77.32	0.97	15920.47	598.22	3691.84	334.14	-103.33	561.33
112	525	513	141	196	233	170	7.77	-77.34	0.85	15918.85	564.31	3676.65	332.08	-92.97	570.52
112	525	513	141	196	233	169	7.06	-77.37	0.70	15922.91	525.49	3662.81	333.23	-84.57	571.99
112	525	512	141	196	232	170	6.62	-77.38	0.59	15926.96	495.02	3652.27	332.62	-73.99	571.64
112	525	512	141	196	232	170	6.28	-77.39	0.52	15937.41	476.67	3648.66	311.09	-72.89	569.61
112	525	512	141	196	232	170	5.49	-77.42	0.37	15940.54	435.03	3637.63	290.13	-68.95	572.08
112	525	512	141	196	233	170	4.96	-77.46	0.27	15949.72	407.28	3622.75	300.23	-62.30	564.03
112	525	512	142	196	232	170	4.91	-77.42	0.23	15949.83	396.32	3613.81	309.42	-40.58	563.52
112	525	513	141	196	233	170	4.61	-77.41	0.16	15952.14	377.10	3610.12	293.54	-29.10	563.00
112	525	513	141	196	232	170	4.02	-77.41	0.04	15954.33	346.25	3599.01	276.82	-21.50	558.65
113	525	512	141	196	233	169	3.47	-77.42	-0.07	15963.41	314.73	3585.86	286.03	-4.17	548.77
112	525	512	141	196	232	170	3.37	-77.36	-0.10	15962.04	306.20	3587.37	298.23	12.08	537.38
113	525	513	141	196	232	170	3.15	-77.28	-0.15	15971.14	293.49	3596.40	284.71	18.18	535.41
112	525	512	141	196	233	171	2.64	-77.30	-0.25	15967.18	265.81	3594.38	272.83	13.97	535.59
112	524	513	141	196	233	170	2.52	-77.32	-0.29	15973.22	255.72	3586.66	276.89	14.82	531.41
112	525	512	141	196	232	171	2.43	-77.32	-0.32	15980.76	246.54	3585.13	277.44	21.63	532.79
113	525	512	142	196	232	170	2.02	-77.30	-0.42	15977.52	220.21	3590.47	282.07	19.35	538.25
112	525	512	141	196	233	170	1.69	-77.36	-0.51	15983.85	193.40	3585.55	302.62	10.38	539.04
112	525	512	141	197	233	170	0.95	-77.39	-0.65	15990.06	155.73	3584.87	304.94	11.86	540.18
112	525	513	141	196	232	171	0.25	-77.42	-0.78	15986.55	119.34	3579.43	295.89	3.57	535.08
113	525	512	141	196	233	171	-0.39	-77.51	-0.92	15997.43	82.58	3569.46	299.79	-7.96	523.87
112	525	513	141	196	233	171	-0.50	-77.60	-0.97	16008.15	69.85	3551.78	308.45	-7.61	507.33
112	525	513	141	196	233	171	-0.23	-77.69	-0.93	16007.55	78.95	3524.79	293.83	-7.88	500.86
112	525	513	141	196	233	170	-0.75	-77.67	-1.02	16008.77	55.61	3528.35	277.99	-4.24	498.57
113	525	512	142	195	233	170	-1.41	-77.56	-1.17	16015.93	12.23	3537.14	310.84	8.18	487.84
113	525	512	141	196	233	171	-1.30	-77.49	-1.19	16018.73	7.02	3544.08	332.35	5.22	470.10
113	525	512	141	196	231	170	-1.14	-77.49	-1.18	16015.20	9.06	3550.08	309.98	-7.54	466.64
112	525	513	141	196	234	171	-1.80	-77.55	-1.30	16015.84	-24.99	3549.57	298.18	-28.77	466.11
112	525	513	142	196	233	170	-2.18	-77.65	-1.38	16027.64	-46.94	3538.09	322.17	-32.58	456.61
113	525	512	141	196	234	171	-2.23	-77.67	-1.42	16025.26	-56.59	3532.39	315.56	-34.50	451.42
112	525	513	141	197	234	170	-2.90	-77.69	-1.55	16020.60	-91.76	3534.37	288.64	-47.37	445.35
113	525	512	142	197	232	170	-3.37	-77.82	-1.64	16023.77	-116.37	3526.45	290.90	-65.91	437.29