100	525	512	216	96	218	165	4.28	-69.82	0.20	15222.11	385.89	5565.40	221.40	39.48	80.91
100	525	512	215	96	218	165	4.03	-69.78	0.13	15229.60	369.40	5577.13	215.28	40.41	83.47
100	526	512	216	95	218	165	3.96	-69.75	0.12	15234.32	364.73	5583.07	210.57	41.94	78.44
99	525	512	216	96	217	165	3.90	-69.72	0.10	15237.81	360.69	5595.32	202.09	36.34	73.77
99	525	511	216	96	218	165	4.20	-69.68	0.18	15247.12	380.26	5604.95	206.38	25.22	75.73
99	525	512	216	95	218	166	4.32	-69.75	0.22	15253.56	391.85	5604.10	187.47	7.41	84.10
100	526	512	216	95	219	165	4.55	-69.94	0.29	15270.28	409.25	5587.30	178.44	-27.06	92.29
99	525	512	216	95	218	166	4.62	-70.20	0.32	15293.17	418.39	5553.33	163.02	-42.20	106.58
99	525	511	216	95	219	166	4.31	-70.30	0.22	15299.31	392.87	5536.87	176.92	-43.04	115.00
99	525	512	216	96	217	165	4.23	-70.33	0.19	15297.54	383.03	5535.62	191.77	-54.79	113.75
99	525	511	216	95	217	166	4.01	-70.49	0.15	15307.87	372.88	5514.84	161.48	-70.50	109.76
99	525	511	216	96	219	166	3.68	-70.66	0.09	15315.07	357.83	5486.70	124.66	-77.38	102.57
99	525	511	216	96	219	166	3.68	-70.84	0.09	15320.32	358.34	5443.97	113.08	-70.71	92.14
99	525	511	216	96	218	166	3.86	-70.95	0.15	15321.30	373.42	5409.77	93.07	-52.37	84.99
100	525	512	216	95	219	166	3.62	-70.89	0.10	15324.04	361.95	5393.48	62.42	-15.00	87.49
100	525	512	216	95	218	166	3.27	-70.64	-0.03	15316.04	327.45	5413.81	82.15	24.95	84.36
100	525	512	216	96	219	166	3.36	-70.41	-0.02	15303.63	329.28	5442.31	102.79	44.60	75.99
99	525	511	216	96	218	166	3.02	-70.27	-0.06	15303.85	319.22	5472.60	65.85	37.32	69.14
100	525	511	216	96	218	165	2.79	-70.23	-0.14	15308.26	297.86	5492.57	58.16	27.95	54.84
100	525	511	216	96	218	166	3.05	-70.23	-0.08	15308.65	313.96	5496.94	59.20	20.65	42.15
100	526	511	217	96	219	166	3.28	-70.30	-0.01	15312.41	331.27	5493.89	35.74	7.62	40.24
100	525	511	216	96	218	166	3.18	-70.32	-0.05	15314.19	322.90	5492.20	42.15	0.74	38.53
99	525	512	216	96	218	166	3.40	-70.30	0.01	15313.68	337.16	5494.19	45.85	-2.40	37.90
100	525	512	216	96	218	166	3.20	-70.35	-0.03	15318.00	327.70	5488.88	19.00	-7.93	40.96
100	525	511	216	96	217	166	2.83	-70.34	-0.13	15319.30	299.11	5485.64	26.55	-8.38	36.66
100	525	511	217	96	218	165	2.73	-70.43	-0.16	15321.93	291.56	5474.95	24.33	-20.31	17.82
100	525	511	216	96	218	166	2.61	-70.56	-0.19	15339.24	285.78	5457.01	-1.34	-31.25	1.18
100	525	511	216	95	218	166	2.14	-70.67	-0.30	15358.48	253.89	5430.76	-27.37	-28.83	-20.18
100	525	511	216	98	217	166	1.94	-70.68	-0.35	15376.55	241.40	5417.82	-27.15	-3.89	-49.07
100	525	511	216	97	218	166	1.96	-70.63	-0.32	15368.92	250.73	5414.93	-32.50	1.25	-79.86
99	525	511	216	97	218	166	2.07	-70.65	-0.28	15370.08	261.39	5417.98	-59.02	-10.41	-107.37
100	525	511	216	96	218	165	2.20	-70.70	-0.22	15369.57	276.32	5414.68	-94.87	-20.44	-126.55
100	525	511	216	96	219	166	2.07	-70.74	-0.24	15365.29	270.11	5407.95	-120.48	-30.42	-143.17
100	525	511	217	97	220	165	2.61	-70.83	-0.16	15359.43	293.60	5394.75	-116.80	-39.95	-158.52
99	526	511	216	97	219	166	2.83	-70.84	-0.07	15374.06	315.12	5391.81	-150.61	-39.55	-161.79
100	525	511	216	97	219	165	2.69	-70.80	-0.07	15365.36	316.16	5398.82	-176.38	-34.72	-166.15
99	525	511	216	96	218	166	2.94	-70.86	-0.01	15362.49	332.16	5393.68	-179.21	-50.04	-172.29
100	525	511	216	97	218	165	3.13	-70.94	0.05	15364.96	346.95	5376.60	-201.00	-53.73	-169.78
100	525	511	216	97	219	166	3.09	-70.98	0.06	15366.71	348.40	5357.97	-227.55	-43.90	-170.09
101	525	511	216	97	218	166	3.04	-70.99	0.05	15373.38	346.18	5340.27	-243.38	-26.25	-172.18
100	525	511	216	97	218	166	2.85	-70.94	0.01	15372.91	337.27	5340.45	-249.56	-7.34	-180.53
101	525	510	216	96	218	166	2.82	-70.85	0.04	15369.06	344.41	5340.03	-275.08	4.18	-194.45
100	525	510	216	97	218	166	2.58	-70.82	0.01	15373.61	336.79	5339.63	-320.27	10.42	-211.93
100	525	511	216	98	219	166	2.38	-70.76	-0.01	15375.73	331.35	5341.25	-344.76	25.10	-235.48
100	525	511	216	97	219	166	2.55	-70.73	0.04	15376.74	345.38	5332.99	-367.07	45.89	-253.76
100	525	510	216	97	218	166	2.59	-70.67	0.06	15373.91	351.31	5329.54	-390.12	66.30	-268.07
100	525	511	216	97	217	167	2.57	-70.65	0.08	15367.61	355.35	5325.86	-416.56	75.33	-277.27
100	525	511	216	97	218	165	2.27	-70.56	0.03	15367.23	342.98	5326.77	-455.49	87.62	-302.20
100	525	511	216	96	218	166	2.19	-70.47	0.03	15361.47	343.63	5334.63	-487.21	104.09	-328.84
100	525	511	216	97	219	166	2.16	-70.41	0.06	15352.60	348.05	5337.70	-519.55	113.48	-360.25
100	525	511	216	97	219	166	2.64	-70.37	0.18	15345.97	380.85	5335.41	-530.52	123.21	-394.89
100	525	510	216	97	218	166	3.31	-70.30	0.36	15347.87	429.20	5329.64	-550.30	144.05	-415.89
100	525	511	216	96	218	166	3.60	-70.14	0.46	15339.67	456.14	5350.96	-561.98	164.89	-423.95
100	525	510	216	97	218	166	4.33	-70.00	0.67	15331.49	509.94	5363.21	-546.38	175.15	-417.35
100	525	510	217	97	220	166	4.64	-69.98	0.79	15331.12	539.24	5364.05	-565.81	175.44	-395.68
101	525	511	215	96	218	165	4.35	-70.01	0.73	15344.56	524.48	5359.65	-576.77	187.57	-382.85
100	525	511	216	97	218	165	4.28	-69.82	0.64	15348.73	502.05	5375.27	-498.28	228.64	-388.51
100	525	511	216	97	218	166	4.74	-69.51	0.70	15324.90	518.15	5412.50	-403.22	265.41	-401.08
100	525	511	216	96	218	166	5.18	-69.28	0.83	15309.45	551.04	5450.88	-380.16	267.04	-405.78
100	525	510	216	98	219	166	5.27	-69.22	0.87	15308.18	562.69	5477.93	-386.80	257.59	-399.84
100	525	511	217	98	218	165	5.18	-69.22	0.82	15306.57	549.96	5486.84	-342.51	246.91	-395.85
101	525	510	216	98	218	165	5.37	-69.20	0.80	15305.24	544.26	5497.70	-257.54	242.76	-398.00
100	525	511	216	97	218	166	5.82	-69.13	0.87	15292.98	562.65	5515.21	-183.16	234.72	-404.25
100	525	510	216	97	219	166	6.44	-69.12	1.05	15291.93	607.31	5538.85	-151.25	203.59	-400.24
100	525	511	216	97	218	166	6.80	-69.23	1.16	15297.53	636.35	5536.11	-158.89	178.51	-386.03
100	525	511	216	97	218	165	7.22	-69.37	1.27	15293.86	666.33	5524.10	-157.19	151.18	-372.58
100	525	511	216	97	218	165	7.79	-69.58	1.40	15300.16	701.81	5488.30	-161.93	137.02	-348.65
101	525	510	216	97	218	166	7.85	-69.61	1.45	15290.75	714.72	5472.68	-163.59	141.77	-323.77
101	525	510	216	97	219	165	7.76	-69.60	1.41	15291.02	703.99	5473.25	-137.06	142.88	-302.23
100	525	511	216	98	219	166	7.71	-69.49	1.38	15293.46	695.39	5492.38	-101.51	152.39	-280.72
101	525	511	216	97	219	166	7.68	-69.40	1.37	15289.19	691.82	5517.37	-75.18	149.32	-268.83
101	525	511	216	96	218	165	7.83	-69.38	1.44	15287.13	710.23	5544.10	-70.82	131.55	-260.24
100	525	511	216	97	218	165	7.81	-69.43	1.46	15285.37	716.32	5558.09	-78.18	101.93	-246.43
100	525	511	217	96	220	165	7.79	-69.55	1.45	15292.31	713.90	5553.19	-67.77	78.68	-236.26
100	525	510	217	98	219	165	7.91	-69.66	1.48	15295.89	720.01	5543.93	-49.38	62.95	-231.14
101	525	511	216	97	220	166	8.09	-69.80	1.53	15306.70	733.41	5526.13	-41.36	49.65	-228.04
100	525	510	216	97	219	165	8.36	-69.89	1.60	15310.56	753.73	5512.42	-56.09	36.52	-229.03
100	525	510	217	98	219	166	8.49	-69.99	1.67	15316.03	771.45	5502.60	-73.49	24.34	-223.63
101	525	510	216	98	220	165	8.72	-70.04	1.74	15319.63	790.88	5490.27	-79.42	21.57	-214.85
101	525	510	216	98	219	165	9.00	-70.07	1.82	15316.45	809.13	5486.16	-60.44	11.55	-207.76
100	525	510	216	97	219	166	9.37	-70.12	1.94	15325.23	842.48	5478.25	-71.67	-0.83	-199.72
100	525	511	217	98	219	166	9.32	-70.22	1.96	15328.37	847.75	5465.74	-103.34	-13.64	-188.83
100	525	510	216	96	219	165	9.45	-70.31	1.99	15329.95	856.96	5448.85	-105.77	-21.06	-183.09
100	525	510	217	98	219	166	9.69	-70.36	2.06	15325.25	873.72	5425.41	-99.73	-24.41	-176.94
100	525	510	217	97	219	166	9.86	-70.40	2.13	15338.39	892.23	5423.14	-99.25	-31.99	-168.89
100	525	510	217	98	220	165	10.01	-70.38	2.18	15334.87	904.22	5421.58	-92.28	-27.39	-158.60
101	525	510	216	97	219	165	10.04	-70.36	2.20	15332.33	909.41	5424.50	-87.22	-29.12	-144.47
100	524	510	216	96	219	165	10.15	-70.34	2.25	15334.31	922.74	5429.08	-91.66	-31.16	-131.14
100	525	510	217	98	219	165	10.11	-70.35	2.24	15325.79	921.20	5426.82	-84.38	-35.30	-116.09
101	525	510	217	97	219	166	10.45	-70.45	2.30	15326.90	935.54	5408.68	-76.31	-39.44	-102.93
100	524	510	217	98	219	166	10.47	-70.49	2.31	15329.76	938.76	5391.45	-86.54	-34.72	-81.39
100	525	510	217	97	218	165	10.51	-70.54	2.30	15330.47	937.42	5377.48	-67.56	-30.88	-63.57
100	525	510	216	98	219	166	10.69	-70.53	2.36	15330.55	951.15	5363.20	-71.84	-12.24	-40.19
100	525	510	217	98	220	165	10.08	-70.48	2.26	15324.62	925.20	5361.84	-103.79	0.28	-17.63
100	525	510	217	97	219	166	9.43	-70.47	2.08	15316.59	877.34	5368.35	-75.61	-7.14	-8.40
100	524	510	217	98	218	165	9.33	-70.53	2.03	15330.16	865.67	5358.73	-53.27	-3.33	-9.28
100	525	510	216	98	220	166	9.23	-70.55	2.01	15329.45	860.99	5353.40	-58.61	0.79	-9.76
101	525	510	217	97	220	166	9.10	-70.58	1.97	15334.78	851.94	5347.13	-65.38	5.65	-17.93
100	525	510	217	98	220	165	9.43	-70.63	2.07	15338.84	875.94	5331.17	-55.46	5.96	-19.08
100	525	510	217	98	220	166	9.70	-70.63	2.15	15348.70	896.54	5321.81	-60.74	9.27	-8.17
101	525	510	217	97	218	165	9.72	-70.59	2.15	15358.86	899.72	5323.32	-62.30	23.60	9.03
100	525	510	217	98	220	165	9.72	-70.56	2.18	15362.72	907.93	5321.35	-69.24	34.77	25.28
100	525	510	217	98	218	166	9.57	-70.53	2.16	15363.58	900.33	5317.69	-94.92	39.53	36.17
101	525	510	217	98	218	165	9.38	-70.41	2.11	15370.00	889.32	5337.40	-92.53	54.21	38.26
100	525	510	217	98	220	165	9.35	-70.30	2.15	15368.10	898.05	5357.33	-101.45	58.15	34.20
100	525	510	217	98	219	165	9.41	-70.25	2.16	15380.29	902.15	5375.46	-102.53	51.59	33.84
100	525	510	217	98	220	165	9.44	-70.20	2.15	15385.88	900.84	5388.69	-101.00	53.11	33.35
100	525	510	217	98	220	166	9.67	-70.24	2.20	15388.99	913.00	5391.06	-77.55	44.20	36.68
100	525	510	217	98	219	165	9.62	-70.27	2.18	15394.74	906.75	5386.10	-72.93	46.89	42.99
100	525	510	217	97	220	165	9.40	-70.32	2.11	15393.60	889.41	5388.40	-53.93	40.50	40.89
100	525	510	217	97	219	165	9.42	-70.38	2.12	15393.32	891.74	5381.18	-42.43	23.22	33.25
100	525	510	217	98	219	166	9.41	-70.46	2.11	15395.85	889.75	5367.12	-35.41	11.36	29.69
100	525	510	217	98	221	166	9.33	-70.51	2.07	15389.86	879.07	5347.16	-26.19	18.20	27.15
101	525	510	217	98	221	166	9.31	-70.49	2.05	15375.37	872.31	5349.21	0.42	16.64	23.70
100	525	510	217	98	219	165	9.53	-70.58	2.09	15372.60	883.50	5328.14	-4.90	14.95	24.71
101	524	510	217	98	220	165	9.44	-70.69	2.06	15373.57	875.92	5308.74	-7.76	12.41	33.52
101	525	510	217	98	220	166	9.28	-70.67	2.04	15380.89	870.13	5299.70	-27.17	28.74	40.75
100	525	510	217	98	220	165	8.87	-70.64	1.96	15373.85	849.02	5301.12	-40.01	43.60	47.41
100	525	510	217	98	219	166	8.70	-70.56	1.93	15376.55	840.57	5310.06	-34.96	53.87	44.54
100	525	510	217	98	220	166	8.76	-70.50	1.96	15381.53	850.14	5325.96	-42.96	63.83	35.51
100	525	510	216	98	221	166	8.74	-70.45	1.98	15378.25	855.03	5342.86	-63.11	58.83	22.44
100	525	510	217	99	220	166	8.72	-70.43	1.99	15389.14	857.48	5350.12	-65.36	61.59	9.42
101	525	510	217	98	220	166	8.91	-70.37	2.01	15380.08	863.81	5358.41	-40.59	64.56	-1.95
101	525	510	217	98	220	165	9.25	-70.37	2.07	15382.08	879.62	5355.69	-29.21	65.98	-11.51
100	525	510	217	99	219	165	9.24	-70.34	2.08	15371.57	881.24	5358.70	-32.75	71.79	-14.23
100	525	510	217	99	221	165	9.24	-70.36	2.07	15373.19	878.17	5357.77	-21.06	69.05	-13.97
101	525	510	217	98	220	165	9.31	-70.41	2.08	15373.53	881.07	5352.48	-17.06	62.39	-13.67
100	524	510	217	98	221	166	9.23	-70.50	2.04	15375.86	869.81	5346.86	-9.26	55.47	-8.69
101	525	510	217	98	221	166	9.24	-70.58	2.03	15378.86	867.72	5338.71	-4.09	45.80	-12.30
100	525	510	217	99	220	166	9.30	-70.63	2.06	15385.32	875.94	5333.78	-0.99	27.51	-10.99
101	525	510	217	98	220	165	9.29	-70.73	2.04	15386.85	869.74	5324.69	-2.54	8.88	-5.54
100	524	510	217	99	219	166	9.39	-70.85	2.04	15389.11	871.45	5311.26	8.19	-8.11	-0.76
101	525	510	217	97	220	166	9.45	-70.96	2.06	15391.45	875.48	5298.49	8.38	-24.70	2.78
101	525	510	217	98	221	166	9.58	-71.07	2.08	15393.08	880.71	5279.97	-5.79	-37.07	3.49
101	525	510	217	98	221	165	9.71	-71.17	2.09	15389.83	884.47	5265.37	-12.50	-46.22	5.11
101	525	510	217	98	222	165	9.74	-71.26	2.10	15387.74	886.25	5245.50	-28.28	-47.75	6.46
101	525	510	217	98	220	165	9.67	-71.27	2.11	15383.95	887.53	5240.22	-44.96	-45.97	10.48
101	525	510	217	98	220	166	9.59	-71.28	2.10	15381.15	886.36	5235.41	-48.41	-44.37	9.31
101	525	510	217	99	220	166	9.58	-71.27	2.13	15380.49	894.04	5226.84	-55.49	-41.55	9.29
101	524	510	217	99	220	165	9.70	-71.24	2.16	15383.87	901.14	5216.30	-58.87	-29.62	16.28
101	525	510	217	98	221	165	9.85	-71.23	2.20	15377.28	912.68	5212.09	-66.98	-21.94	27.87
101	525	509	217	98	220	166	9.69	-71.23	2.19	15380.61	910.05	5205.88	-90.03	-18.74	45.77
101	525	510	217	97	221	166	9.35	-71.23	2.09	15388.38	884.94	5202.59	-91.83	-17.26	58.43
101	524	510	217	99	220	166	9.04	-71.19	2.01	15396.36	862.30	5209.26	-88.28	-8.74	65.41
101	525	510	217	98	220	166	8.93	-71.19	1.97	15396.54	852.98	5211.59	-91.27	-4.66	69.84
101	525	510	217	98	220	166	8.94	-71.22	1.97	15403.92	852.33	5208.22	-107.61	-8.17	72.85
101	525	510	217	98	221	165	8.83	-71.23	1.97	15417.72	854.32	5206.80	-119.38	-9.37	73.66
101	525	510	217	99	220	166	8.69	-71.25	1.95	15432.43	849.20	5205.06	-117.16	-7.60	71.52
101	525	510	217	98	221	166	8.81	-71.23	1.98	15443.41	855.14	5204.41	-114.55	2.28	70.95
101	525	510	217	98	220	166	8.69	-71.23	1.94	15453.44	847.78	5207.19	-120.62	2.02	69.55
101	525	509	218	98	219	166	8.52	-71.22	1.89	15458.17	832.59	5206.23	-116.84	8.22	63.62
101	525	510	217	98	220	165	8.52	-71.20	1.88	15460.66	830.36	5207.92	-109.85	4.51	54.79
101	525	510	217	98	221	165	8.21	-71.21	1.80	15462.43	810.85	5214.32	-117.16	-0.37	43.40
101	525	510	217	99	220	166	8.15	-71.24	1.75	15463.71	797.30	5219.41	-98.50	-8.85	30.28
101	525	510	217	99	220	166	8.39	-71.28	1.80	15468.32	810.04	5213.44	-90.52	-16.56	17.42
101	525	510	218	99	221	166	8.52	-71.41	1.84	15462.31	820.74	5196.76	-98.25	-37.83	11.65
101	525	510	217	98	221	166	8.39	-71.51	1.81	15465.99	811.90	5182.73	-108.04	-48.84	5.51
101	525	509	217	98	220	166	8.22	-71.57	1.76	15458.69	800.51	5171.99	-118.28	-53.40	-4.21
101	524	509	217	99	220	166	8.10	-71.67	1.71	15453.36	786.48	5145.79	-118.67	-58.73	-13.95
100	525	510	218	99	220	165	8.35	-71.80	1.75	15456.49	796.16	5114.10	-124.44	-56.79	-25.30
101	525	509	217	99	221	166	8.47	-71.85	1.75	15462.06	796.55	5088.60	-129.21	-36.75	-32.89
101	524	510	217	99	221	166	8.40	-71.75	1.72	15463.36	788.72	5084.17	-127.20	-6.46	-41.99
101	525	510	217	99	220	166	8.31	-71.65	1.70	15464.79	784.08	5088.76	-133.14	16.06	-54.64
101	525	509	217	99	220	165	8.29	-71.52	1.70	15464.35	782.28	5105.32	-122.59	33.91	-68.96
101	525	509	217	99	220	166	8.35	-71.45	1.69	15467.73	781.97	5116.65	-129.41	35.61	-79.76
101	525	509	217	99	220	166	8.29	-71.46	1.70	15472.15	783.47	5115.42	-156.19	37.18	-89.73
101	525	509	217	98	221	166	8.16	-71.45	1.69	15461.94	779.29	5107.85	-173.33	45.02	-96.59
101	525	510	218	99	221	167	8.09	-71.45	1.66	15451.84	773.93	5103.86	-175.11	45.87	-105.01
101	524	509	217	100	221	166	8.19	-71.44	1.70	15447.85	784.43	5104.06	-184.51	46.33	-113.01
100	525	509	217	99	219	166	8.32	-71.42	1.76	15435.66	798.01	5106.86	-192.63	42.16	-113.96
101	524	509	217	99	219	165	8.59	-71.46	1.82	15441.27	815.71	5101.72	-189.40	39.05	-114.96
101	525	509	217	100	221	165	8.90	-71.49	1.89	15444.81	833.73	5090.23	-192.78	43.05	-113.46
101	525	509	217	99	221	165	8.95	-71.48	1.94	15437.37	845.44	5082.52	-205.94	48.30	-113.74
101	525	510	217	99	221	166	8.93	-71.44	1.92	15440.50	841.37	5083.99	-201.84	56.28	-120.35
101	525	510	216	100	221	165	9.02	-71.31	1.95	15439.88	847.50	5091.39	-180.90	77.52	-130.93
101	525	509	218	99	219	166	9.15	-71.18	1.98	15444.08	857.12	5113.62	-166.26	87.79	-141.74
101	525	509	217	99	220	166	9.18	-71.11	1.99	15440.08	860.87	5131.14	-148.84	91.45	-146.85
101	525	509	218	99	220	166	9.35	-71.12	2.04	15434.67	872.62	5132.99	-142.15	82.73	-147.66
101	525	509	217	99	222	166	9.25	-71.16	2.01	15429.94	863.59	5130.14	-130.99	77.29	-140.73
101	525	510	217	100	221	166	9.22	-71.16	1.98	15432.64	855.21	5134.83	-114.09	72.58	-137.79
101	525	509	217	99	220	166	9.32	-71.24	2.00	15425.41	861.85	5126.69	-112.59	63.60	-132.20
101	525	510	217	99	220	165	9.20	-71.30	1.96	15428.74	851.76	5122.35	-113.36	61.02	-128.84
101	525	509	217	99	221	166	9.23	-71.35	1.96	15431.70	851.77	5111.04	-113.79	61.67	-127.10
101	525	509	217	100	222	166	9.33	-71.41	1.99	15434.32	858.58	5106.28	-111.05	61.59	-126.94
101	525	509	217	100	222	165	9.44	-71.37	2.03	15433.40	870.05	5105.17	-109.25	66.56	-129.25
100	525	509	218	99	220	166	9.69	-71.28	2.10	15432.13	888.15	5110.71	-96.74	69.53	-128.93
101	525	509	217	99	220	166	9.92	-71.25	2.15	15431.33	900.34	5110.38	-82.65	75.95	-124.59
100	525	509	217	99	221	165	10.08	-71.23	2.18	15435.16	908.73	5108.26	-73.07	84.90	-117.66
100	525	509	217	99	221	166	10.13	-71.17	2.19	15434.20	910.49	5111.44	-60.21	97.36	-108.07
100	525	509	218	100	221	166	10.13	-71.11	2.20	15427.09	913.97	5121.27	-38.40	98.99	-101.92
101	525	509	217	99	221	166	10.27	-71.07	2.23	15430.34	921.27	5129.41	-12.63	101.09	-95.57
101	525	509	217	99	219	165	10.36	-71.01	2.25	15421.22	927.40	5131.14	5.80	107.09	-92.10
101	525	509	218	101	220	166	10.60	-71.03	2.32	15423.76	945.03	5130.38	15.61	103.38	-92.29
101	525	509	217	99	220	166	10.75	-71.07	2.37	15426.37	959.98	5118.66	0.38	102.21	-89.73
101	525	509	217	100	221	165	10.63	-71.12	2.32	15425.45	945.58	5107.13	12.31	106.70	-86.94
101	525	509	217	100	221	165	10.90	-71.06	2.37	15427.18	958.30	5105.57	36.74	122.47	-86.24
102	525	509	217	100	221	166	11.25	-71.04	2.47	15421.42	984.59	5113.49	44.16	119.44	-81.68
101	525	509	217	100	221	166	11.33	-71.05	2.50	15426.15	992.76	5115.82	41.35	120.07	-74.20
101	525	509	218	100	220	166	11.37	-71.03	2.51	15428.44	996.72	5119.63	44.28	119.72	-66.99
101	525	509	217	100	222	165	11.20	-71.02	2.50	15424.82	993.49	5118.65	37.57	124.53	-61.94
101	525	509	217	100	221	166	11.13	-71.03	2.48	15418.98	988.81	5117.71	53.09	120.31	-65.39
102	525	509	217	100	221	165	11.37	-71.10	2.54	15421.23	1002.97	5104.63	48.43	114.89	-64.42
102	525	509	217	100	221	165	11.26	-71.12	2.52	15417.37	997.62	5099.20	38.21	117.35	-58.55
102	525	509	218	101	220	165	11.15	-71.13	2.49	15420.10	989.34	5089.04	40.45	122.83	-54.77
102	525	510	218	100	220	165	11.14	-71.13	2.51	15432.09	995.27	5082.38	35.93	140.54	-56.13
102	525	509	217	100	221	165	11.08	-71.04	2.49	15428.49	990.91	5087.46	41.23	160.06	-63.23
102	525	509	216	99	222	165	11.54	-71.00	2.58	15437.86	1015.76	5091.89	58.47	166.26	-73.37
102	525	510	217	100	220	165	11.72	-70.90	2.65	15433.77	1032.58	5109.10	48.35	175.09	-72.90
102	525	509	217	100	221	166	11.66	-70.83	2.66	15438.28	1035.75	5133.44	45.88	168.39	-69.40
102	525	509	217	100	220	166	11.62	-70.73	2.65	15436.77	1032.56	5159.17	59.84	168.17	-62.98
102	525	509	217	100	221	165	11.59	-70.69	2.65	15431.33	1032.93	5177.61	67.79	151.31	-61.53
102	525	509	218	98	222	165	11.60	-70.73	2.67	15427.16	1039.69	5189.73	56.10	121.80	-62.36
102	525	510	217	100	221	166	11.60	-70.85	2.68	15420.81	1040.50	5179.84	56.10	98.76	-60.24
102	525	509	218	101	220	165	11.96	-70.99	2.74	15421.57	1057.48	5143.85	51.29	89.37	-57.83
102	525	510	217	101	220	166	12.15	-71.10	2.77	15421.29	1064.40	5113.66	47.28	94.85	-50.04
102	525	509	217	100	221	165	12.17	-71.06	2.77	15410.42	1064.98	5110.18	54.92	107.26	-47.73
102	525	510	218	101	221	165	12.17	-70.98	2.79	15410.30	1069.33	5115.07	36.17	116.84	-44.05
102	525	510	218	100	222	166	12.11	-70.97	2.78	15404.79	1066.67	5125.91	22.86	121.60	-40.04
102	525	509	218	101	220	166	12.02	-70.93	2.76	15401.15	1061.13	5132.42	21.37	126.52	-35.24
102	525	509	217	100	221	165	11.93	-70.86	2.77	15406.29	1062.08	5139.00	10.85	131.45	-29.33
102	525	510	217	99	220	165	11.91	-70.85	2.78	15405.37	1067.17	5146.85	3.41	128.02	-29.21
102	525	510	218	100	221	166	12.09	-70.88	2.82	15411.91	1076.81	5145.70	2.59	122.02	-25.70
102	525	510	218	100	222	166	12.13	-70.92	2.86	15414.31	1087.37	5145.82	-0.89	114.67	-21.52
102	525	509	218	101	220	166	12.14	-70.99	2.86	15431.79	1088.60	5137.13	-4.40	115.19	-9.94
102	525	509	218	100	220	165	11.91	-70.93	2.81	15436.00	1076.37	5141.47	-11.78	130.18	-1.00
103	525	509	218	100	222	166	11.69	-70.95	2.76	15431.40	1062.16	5140.60	-9.84	127.07	-3.75
102	525	510	217	100	222	165	11.39	-70.93	2.71	15438.43	1048.65	5155.97	-25.90	124.17	-9.21
102	525	509	218	100	222	166	11.32	-70.90	2.69	15436.71	1043.62	5153.97	-28.40	122.86	-17.85
102	525	510	218	101	221	165	11.50	-70.93	2.74	15436.88	1058.23	5146.27	-31.28	116.57	-27.61
102	525	510	217	100	221	165	11.63	-70.91	2.79	15431.23	1070.32	5146.16	-45.17	115.29	-34.88
102	525	509	217	100	220	166	11.78	-70.95	2.83	15433.27	1081.41	5135.05	-62.11	117.97	-40.08
102	525	509	218	100	221	165	11.64	-70.91	2.78	15441.81	1068.94	5138.50	-64.10	132.52	-43.08
102	525	509	218	101	222	166	11.54	-70.77	2.78	15434.52	1068.49	5162.17	-54.50	140.25	-47.32
102	525	509	218	100	220	165	11.56	-70.71	2.81	15430.99	1075.06	5169.46	-56.82	139.74	-49.61
102	525	510	218	101	221	166	11.55	-70.70	2.83	15429.24	1080.91	5181.19	-74.78	126.20	-52.83
102	525	510	218	100	222	166	11.56	-70.66	2.84	15422.58	1083.07	5187.33	-74.74	125.54	-57.84
102	525	510	217	100	222	165	11.89	-70.63	2.90	15419.85	1097.11	5194.77	-63.41	122.56	-61.34
102	525	509	218	101	220	165	12.10	-70.62	2.95	15423.06	1110.66	5197.23	-58.49	121.28	-55.43
103	525	510	217	101	221	166	12.14	-70.66	2.95	15423.10	1111.32	5193.57	-60.81	110.97	-48.61
103	525	510	218	101	221	166	11.94	-70.72	2.90	15423.95	1098.96	5189.49	-61.02	99.62	-44.52
102	525	510	217	100	221	166	11.86	-70.70	2.87	15418.75	1091.81	5200.81	-48.02	99.19	-47.75
102	525	509	218	101	221	166	11.76	-70.74	2.85	15420.81	1086.42	5202.77	-50.12	92.03	-51.76
103	525	509	217	100	222	165	11.71	-70.81	2.84	15412.37	1083.30	5196.43	-63.31	79.03	-54.92
102	525	509	217	100	221	166	11.66	-70.96	2.85	15410.35	1084.13	5177.81	-79.15	59.88	-58.53
103	525	510	218	101	222	165	11.51	-71.03	2.83	15413.84	1080.93	5162.12	-95.49	57.83	-63.30
102	525	509	217	101	222	166	11.66	-71.11	2.84	15424.14	1083.88	5146.02	-106.12	58.64	-62.04
103	525	509	217	101	221	166	11.68	-71.11	2.86	15428.14	1087.69	5136.11	-124.81	67.36	-53.58
103	525	509	218	100	221	166	11.79	-71.12	2.88	15422.13	1093.10	5126.31	-137.02	65.14	-50.95
103	525	510	218	101	221	165	12.00	-71.07	2.96	15422.62	1113.05	5128.39	-156.07	69.48	-47.66
103	525	509	218	100	222	166	12.05	-71.00	3.00	15428.89	1125.39	5137.57	-170.21	76.06	-36.92
102	525	509	218	101	220	165	12.23	-70.93	3.06	15430.25	1142.12	5147.69	-162.30	79.21	-26.53
103	525	509	218	100	221	166	12.36	-70.88	3.11	15432.14	1154.62	5162.51	-163.34	79.05	-7.85
102	525	510	217	101	222	165	12.23	-70.90	3.07	15437.33	1145.49	5162.98	-164.07	69.34	2.24
102	525	509	218	101	221	165	12.06	-70.82	3.05	15436.26	1139.41	5182.04	-150.62	67.83	12.13
102	525	509	218	101	221	166	11.77	-70.80	2.98	15437.85	1120.24	5196.93	-143.84	59.14	18.42
102	525	510	218	101	221	166	11.68	-70.84	2.96	15432.76	1114.03	5206.29	-136.75	36.73	18.85
103	525	509	218	101	221	165	11.57	-70.94	2.92	15438.72	1105.53	5206.37	-132.41	11.64	20.21
103	525	509	218	101	222	166	11.56	-71.12	2.90	15448.58	1100.05	5183.45	-134.54	-4.54	20.70
103	525	509	217	100	222	166	11.60	-71.28	2.88	15443.15	1094.45	5151.08	-135.06	-4.81	22.31
103	525	509	217	101	221	166	11.44	-71.38	2.82	15438.19	1077.33	5122.33	-147.16	3.23	18.35
103	525	509	218	100	220	166	11.18	-71.39	2.79	15424.28	1068.26	5108.61	-161.75	12.67	12.58
102	525	510	217	101	221	166	11.01	-71.41	2.73	15431.87	1054.25	5095.58	-165.51	25.93	4.65
103	525	509	217	101	220	165	10.93	-71.33	2.72	15423.87	1050.34	5095.00	-179.34	45.59	-0.68
102	525	509	218	101	221	165	10.76	-71.22	2.70	15412.68	1045.22	5104.65	-203.32	58.81	-0.25
102	525	509	218	101	221	166	10.66	-71.18	2.70	15416.65	1044.56	5121.42	-220.95	50.97	-1.53
103	525	509	217	101	220	165	10.72	-71.17	2.71	15434.21	1048.33	5125.95	-234.46	49.12	1.54
103	525	509	217	101	222	166	10.69	-71.18	2.69	15442.50	1044.31	5133.65	-240.23	40.31	6.91
102	525	510	217	101	222	165	10.78	-71.21	2.70	15442.58	1047.70	5129.77	-247.82	36.05	11.22
102	525	509	218	102	221	166	10.82	-71.27	2.71	15453.05	1051.11	5124.48	-260.88	26.74	12.81
103	525	509	218	101	221	165	10.59	-71.36	2.65	15469.00	1036.36	5110.05	-276.34	30.56	12.27
102	525	509	218	101	222	166	9.99	-71.38	2.53	15467.75	1001.54	5105.15	-299.87	35.73	4.95
103	525	510	218	102	222	166	9.60	-71.43	2.44	15475.96	979.86	5099.09	-316.38	35.24	-14.24
103	525	509	217	102	222	166	9.45	-71.35	2.41	15474.36	971.07	5103.34	-327.71	52.88	-43.13
103	526	510	217	101	221	166	9.76	-71.28	2.49	15465.04	991.12	5105.17	-341.12	58.24	-72.07
103	525	510	218	101	221	165	10.11	-71.16	2.59	15462.19	1019.16	5111.11	-365.87	65.78	-86.57
103	525	509	217	101	221	166	10.27	-71.07	2.65	15453.28	1035.60	5121.16	-385.97	74.54	-86.84
102	525	509	217	102	220	165	10.31	-71.03	2.68	15453.22	1041.22	5134.10	-385.82	75.26	-79.40
103	525	509	218	101	221	166	10.20	-70.94	2.65	15461.76	1034.96	5157.00	-376.08	79.55	-73.28
103	525	509	217	102	222	166	10.27	-70.88	2.66	15461.07	1036.41	5178.15	-356.48	67.82	-68.97
103	526	510	217	101	222	165	10.31	-70.94	2.70	15463.42	1046.39	5179.24	-359.90	48.33	-64.42
102	525	509	218	100	222	166	10.24	-71.01	2.68	15466.25	1041.07	5179.68	-357.71	35.66	-58.75
102	525	510	218	102	221	166	10.28	-71.06	2.65	15468.73	1036.22	5175.89	-334.52	33.78	-60.81
103	525	509	218	102	221	165	10.40	-71.07	2.67	15468.30	1039.01	5164.90	-326.90	44.54	-62.37
102	525	509	218	102	222	166	10.20	-71.10	2.60	15466.88	1022.86	5160.45	-322.40	45.16	-72.15
102	525	510	218	100	221	166	10.24	-71.09	2.58	15474.34	1016.31	5158.83	-301.58	46.75	-88.84
103	525	510	218	101	221	166	10.29	-71.04	2.59	15471.22	1019.30	5167.89	-289.90	49.37	-103.95
103	525	510	218	101	221	166	10.60	-71.06	2.65	15468.06	1034.13	5161.69	-272.51	46.50	-114.80
103	525	509	217	101	222	165	10.82	-71.08	2.70	15463.06	1046.23	5158.61	-264.98	42.17	-116.86
103	525	510	218	102	223	165	10.91	-71.09	2.71	15462.10	1049.12	5162.48	-245.93	33.62	-112.37
102	526	509	218	102	220	166	11.11	-71.16	2.73	15461.20	1055.26	5160.35	-227.24	21.83	-110.20
102	525	509	218	101	221	165	11.07	-71.24	2.73	15464.14	1056.30	5148.74	-228.63	10.09	-101.39
102	525	509	218	101	221	165	10.83	-71.37	2.68	15470.93	1043.28	5134.50	-222.79	2.04	-92.02
103	525	509	218	102	222	166	10.65	-71.47	2.62	15478.78	1026.72	5117.77	-215.20	0.69	-89.27
103	525	510	217	101	222	166	10.52	-71.61	2.57	15486.25	1013.58	5094.69	-214.29	-4.85	-91.81
103	525	509	218	101	221	165	10.74	-71.65	2.61	15490.93	1026.10	5094.55	-217.98	-10.96	-91.52
103	525	509	218	101	221	165	10.72	-71.67	2.61	15486.59	1024.80	5089.82	-237.18	-20.56	-90.34
102	525	509	218	101	222	165	10.81	-71.72	2.63	15492.26	1031.16	5089.53	-233.17	-31.88	-96.17
103	525	510	218	101	222	167	11.03	-71.68	2.72	15490.24	1053.20	5093.46	-236.61	-32.99	-98.67
102	525	510	218	102	221	165	11.15	-71.69	2.74	15482.13	1059.54	5089.58	-233.28	-39.89	-103.58
102	525	510	218	101	221	165	11.42	-71.63	2.78	15477.22	1070.16	5090.10	-209.32	-33.59	-104.80
102	524	510	218	101	221	166	11.71	-71.62	2.85	15479.56	1088.05	5085.80	-195.70	-36.56	-101.26
102	525	510	217	101	221	165	11.92	-71.66	2.86	15481.38	1091.85	5077.71	-182.77	-37.13	-90.00
102	525	509	218	102	221	165	11.80	-71.70	2.82	15480.72	1079.86	5071.62	-166.38	-31.08	-76.40
102	525	510	218	101	221	166	11.72	-71.69	2.79	15485.88	1072.67	5075.44	-149.36	-30.92	-70.43
103	525	509	218	102	221	165	11.56	-71.68	2.73	15487.39	1058.83	5081.07	-140.14	-29.73	-70.61
103	525	510	218	102	222	166	11.41	-71.72	2.70	15479.22	1049.09	5080.42	-137.78	-42.44	-78.73
103	525	509	218	101	222	165	11.38	-71.83	2.68	15482.46	1043.04	5062.00	-128.65	-55.07	-90.14
103	525	510	218	101	222	166	11.62	-71.95	2.71	15489.33	1050.48	5036.10	-122.01	-56.87	-97.88
103	525	510	218	101	221	166	12.01	-72.01	2.78	15487.07	1069.16	5014.69	-110.16	-56.57	-99.64
102	526	510	218	101	222	166	12.09	-72.06	2.80	15484.11	1074.70	4996.56	-116.75	-52.29	-93.91
103	525	509	218	101	222	165	12.04	-72.08	2.77	15482.51	1067.97	4989.93	-114.52	-53.98	-90.11
102	526	510	218	101	221	165	12.03	-72.02	2.75	15473.58	1062.97	4992.43	-114.64	-46.68	-91.31
103	526	510	218	101	222	166	12.15	-71.95	2.80	15464.10	1074.02	4991.41	-119.21	-45.25	-93.19
103	526	510	218	101	221	166	12.15	-71.94	2.82	15453.90	1078.12	4997.44	-128.40	-49.08	-97.38
103	526	510	218	101	221	165	12.53	-71.96	2.90	15439.00	1099.01	4985.37	-120.33	-54.13	-100.61
103	526	510	218	100	223	165	13.31	-71.97	3.06	15447.05	1142.06	4968.50	-123.11	-48.07	-94.48
103	526	510	218	102	222	165	13.83	-71.87	3.21	15460.90	1183.56	4962.07	-126.56	-27.82	-60.66
103	526	510	218	102	221	166	14.04	-71.77	3.30	15456.85	1206.18	4975.57	-118.68	-15.78	-16.08
102	526	510	218	102	221	165	14.16	-71.83	3.31	15462.01	1210.47	4973.79	-89.94	-30.24	25.98
103	526	510	218	102	222	165	14.49	-71.88	3.37	15480.31	1225.35	4970.90	-49.05	-40.03	73.33
103	527	510	218	102	222	165	14.80	-71.95	3.42	15485.89	1239.28	4953.76	-27.15	-42.58	120.61
103	526	510	218	101	221	165	14.78	-71.96	3.40	15491.20	1235.32	4949.47	7.46	-45.35	172.78
103	526	510	218	101	221	166	14.50	-72.06	3.29	15508.24	1205.15	4941.39	64.14	-46.13	213.19
103	526	510	218	102	221	165	14.15	-72.15	3.19	15516.23	1180.29	4929.53	100.58	-53.62	241.28
103	526	510	218	101	223	166	13.33	-72.13	3.00	15532.41	1131.68	4934.25	97.25	-39.94	264.02
103	526	510	218	101	220	166	12.64	-72.03	2.86	15523.39	1092.70	4957.14	86.19	-40.25	272.52
103	527	510	217	102	222	166	12.02	-72.16	2.74	15527.42	1061.26	4960.68	54.93	-71.78	279.24
103	526	510	218	101	221	166	11.70	-72.34	2.64	15542.85	1034.60	4945.05	73.78	-96.19	284.18
103	526	510	218	102	222	165	12.11	-72.40	2.70	15541.51	1050.47	4926.79	102.35	-110.68	291.32
103	526	510	218	102	222	166	12.40	-72.55	2.76	15535.63	1067.34	4908.65	84.83	-141.25	315.16
103	526	510	218	102	222	166	11.76	-72.75	2.62	15542.05	1031.98	4884.62	70.69	-161.29	338.60
103	526	510	217	101	222	167	11.52	-72.90	2.52	15542.15	1004.98	4865.39	97.30	-182.37	349.42
103	526	510	218	101	222	166	11.45	-73.05	2.47	15545.24	989.13	4839.12	104.14	-195.65	360.60
103	527	510	217	102	222	166	11.34	-73.17	2.43	15552.58	981.27	4821.16	85.93	-207.47	375.07
103	526	510	218	102	222	166	10.69	-73.33	2.25	15564.35	932.61	4798.51	88.83	-212.95	389.46
103	526	510	218	101	222	166	10.70	-73.42	2.20	15578.73	919.38	4774.98	123.14	-208.65	390.24
103	526	509	217	102	222	167	10.89	-73.43	2.23	15588.80	927.41	4763.43	117.83	-199.67	406.53
103	526	510	218	101	221	166	10.70	-73.51	2.20	15587.76	919.24	4750.06	88.94	-208.08	429.70
102	526	510	217	102	221	166	10.58	-73.72	2.15	15600.37	906.08	4717.36	80.75	-221.18	453.12
103	526	510	217	101	223	166	10.59	-73.82	2.11	15614.15	898.57	4688.29	85.16	-209.72	481.46
103	526	510	217	103	223	166	10.62	-73.80	2.10	15617.24	893.84	4678.07	99.00	-194.29	511.54
103	527	510	217	102	223	167	10.40	-73.77	2.07	15619.18	886.55	4673.37	57.65	-183.47	544.16
103	526	510	217	102	222	167	9.40	-73.80	1.85	15619.22	827.62	4676.30	54.72	-187.90	576.45
103	526	510	217	101	221	166	8.90	-73.82	1.69	15627.26	786.24	4672.89	83.28	-183.20	596.53
103	526	510	217	102	223	166	8.54	-73.88	1.61	15641.50	765.93	4662.84	60.67	-188.54	620.05
103	526	510	217	102	223	166	7.54	-74.07	1.47	15655.82	726.23	4644.90	-16.47	-208.47	648.80
103	526	510	218	101	222	166	6.01	-74.15	1.14	15665.63	639.12	4633.46	-57.29	-217.94	665.31
104	526	510	218	102	222	166	5.05	-74.21	0.89	15674.35	571.97	4610.58	-20.13	-218.50	657.90
103	527	510	218	102	220	166	4.80	-74.29	0.79	15681.03	545.57	4592.45	-11.67	-209.92	646.50
103	526	510	217	101	222	166	4.34	-74.36	0.69	15682.78	518.69	4581.23	-42.69	-213.82	633.48
103	526	510	217	101	222	166	3.68	-74.47	0.55	15682.84	480.36	4564.37	-81.70	-217.88	618.90
103	526	510	217	102	224	166	3.10	-74.61	0.41	15698.50	443.54	4532.55	-82.87	-218.44	601.46
103	527	510	218	102	222	167	2.99	-74.69	0.32	15709.37	421.76	4505.72	-62.77	-203.02	583.43
102	526	510	218	101	222	167	2.93	-74.72	0.28	15711.30	410.27	4485.04	-70.39	-185.57	575.76
103	527	510	217	100	222	167	2.36	-74.72	0.16	15698.54	377.16	4473.78	-101.52	-175.74	573.57
103	526	510	217	102	222	167	1.67	-74.78	0.01	15704.61	336.30	4460.89	-107.69	-170.50	566.60
103	526	510	217	102	223	167	1.57	-74.81	-0.07	15708.38	316.49	4438.25	-101.21	-152.33	559.72
103	526	510	217	102	222	166	1.47	-74.80	-0.11	15717.76	304.86	4429.34	-116.20	-138.11	554.78
103	526	510	217	102	222	167	1.09	-74.79	-0.20	15728.67	279.22	4416.87	-117.19	-127.80	553.59
102	526	509	217	102	222	166	0.75	-74.78	-0.31	15743.84	249.86	4412.03	-103.98	-115.86	552.61
103	526	510	217	102	223	166	0.28	-74.76	-0.44	15750.05	215.36	4409.22	-101.28	-107.42	552.38
103	526	510	218	102	222	166	-0.49	-74.78	-0.63	15761.14	163.60	4409.16	-93.81	-109.55	545.31
103	526	510	217	102	222	166	-0.70	-74.81	-0.71	15782.69	142.42	4401.91	-74.02	-113.02	530.85
103	526	510	217	101	222	167	-1.16	-74.80	-0.83	15785.55	109.10	4393.41	-73.57	-111.62	516.85
103	526	510	218	103	222	166	-1.49	-74.91	-0.94	15792.87	79.24	4383.94	-66.99	-123.59	502.66
103	526	510	217	102	222	166	-1.60	-74.96	-1.02	15797.43	57.88	4371.14	-48.64	-127.61	488.33
104	526	510	217	102	223	167	-1.86	-74.98	-1.09	15798.56	38.39	4356.19	-38.41	-125.38	474.41
103	526	510	217	103	223	166	-2.04	-75.02	-1.18	15802.83	16.67	4350.78	-32.79	-131.51	462.04
103	526	510	217	102	222	167	-2.33	-75.06	-1.26	15797.09	-6.57	4338.44	-30.00	-131.79	451.69
103	526	510	217	101	223	167	-2.53	-75.14	-1.32	15787.44	-23.64	4320.72	-31.50	-136.65	439.80
103	526	510	217	102	224	166	-2.61	-75.31	-1.35	15795.06	-30.86	4289.48	-38.63	-137.21	437.06
103	526	510	217	102	222	166	-2.73	-75.37	-1.39	15803.31	-42.71	4269.21	-44.75	-127.65	441.96
103	526	510	217	102	223	166	-2.75	-75.45	-1.40	15803.14	-46.98	4237.35	-60.46	-116.17	447.86
103	526	510	217	101	222	167	-3.11	-75.52	-1.48	15802.59	-66.03	4211.48	-85.43	-106.11	456.62
103	526	510	217	102	223	167	-3.57	-75.51	-1.57	15808.66	-92.33	4194.10	-89.16	-87.56	462.14
103	526	510	217	102	222	166	-4.03	-75.45	-1.67	15813.62	-118.71	4180.80	-83.01	-60.88	460.93
103	526	510	218	102	222	167	-4.23	-75.30	-1.76	15823.54	-142.58	4187.16	-59.80	-26.48	453.94
103	526	510	217	102	223	166	-4.59	-75.15	-1.87	15830.37	-172.25	4200.60	-31.61	2.69	443.99
103	526	510	217	102	222	167	-4.84	-74.99	-1.96	15823.65	-197.23	4219.57	-23.13	21.11	431.19
103	526	510	217	102	222	166	-5.16	-74.89	-2.07	15827.26	-227.97	4227.19	-16.18	19.95	416.88
103	526	510	217	102	222	166	-5.52	-74.83	-2.20	15821.90	-262.97	4229.43	-1.02	25.75	398.74
104	526	510	217	102	222	167	-5.50	-74.87	-2.23	15823.41	-271.83	4229.96	9.13	14.76	381.45
103	526	510	217	103	221	167	-5.60	-74.96	-2.26	15822.63	-279.23	4217.46	-12.17	4.68	374.88
103	526	510	217	103	223	166	-5.89	-75.05	-2.33	15818.50	-298.07	4208.79	-18.17	2.54	369.83
103	526	510	217	103	223	167	-5.65	-75.10	-2.31	15809.58	-292.17	4192.15	8.54	8.02	365.24
103	526	510	217	102	223	167	-5.14	-75.21	-2.25	15796.30	-275.76	4155.74	9.47	12.21	368.13
104	526	510	217	102	222	167	-5.14	-75.26	-2.27	15804.48	-279.17	4129.16	-7.41	33.65	386.47
103	526	510	217	102	223	167	-5.59	-75.13	-2.38	15800.26	-310.41	4120.30	9.31	68.77	401.65
103	526	510	217	102	222	166	-5.96	-74.99	-2.49	15801.04	-338.89	4121.08	31.40	104.13	409.62
103	526	510	217	102	223	167	-6.32	-74.90	-2.57	15794.19	-362.35	4121.23	29.93	125.73	411.79
103	526	510	217	103	224	167	-6.65	-74.83	-2.66	15783.88	-385.03	4113.57	38.73	150.44	411.40
104	526	510	217	102	223	167	-6.81	-74.69	-2.74	15773.09	-407.58	4110.09	105.69	189.42	415.23
103	526	510	217	102	223	167	-6.59	-74.49	-2.77	15770.83	-414.40	4121.58	170.06	231.85	424.27
103	526	510	217	102	222	167	-6.47	-74.25	-2.76	15765.49	-411.88	4149.70	182.16	272.80	440.95
103	526	510	217	102	223	167	-6.84	-73.96	-2.87	15768.42	-442.29	4194.02	166.05	296.41	459.95
103	526	510	218	102	223	167	-7.29	-73.76	-3.04	15775.40	-488.97	4229.52	188.60	305.44	468.21
103	526	510	217	102	223	167	-7.35	-73.68	-3.09	15786.23	-502.12	4250.64	203.72	303.87	467.95
103	526	510	217	102	222	168	-7.73	-73.57	-3.19	15798.12	-530.02	4278.11	196.98	301.48	473.65
103	526	510	217	101	223	168	-8.17	-73.43	-3.35	15800.81	-571.52	4314.80	213.73	293.80	468.92
103	526	510	217	102	223	168	-8.33	-73.48	-3.41	15808.17	-590.34	4331.86	224.60	263.46	452.47
103	526	510	216	102	223	167	-8.72	-73.54	-3.52	15814.96	-618.62	4350.07	232.27	228.54	434.20
104	526	510	217	103	222	167	-8.66	-73.66	-3.54	15813.01	-625.89	4351.97	262.00	196.21	410.44
103	526	510	217	103	223	168	-8.03	-73.85	-3.44	15813.16	-598.20	4334.17	268.55	170.30	396.12
104	526	510	217	102	223	167	-7.93	-73.99	-3.42	15814.50	-592.09	4322.86	255.22	153.59	393.26
103	526	510	217	102	223	167	-7.95	-74.08	-3.44	15802.78	-598.88	4308.72	286.36	142.81	393.10
103	526	510	217	102	222	167	-7.74	-74.11	-3.43	15795.04	-594.54	4292.48	309.15	144.32	400.39
103	526	510	216	103	222	168	-8.03	-74.04	-3.49	15778.89	-609.61	4299.26	302.49	143.10	414.72
104	526	510	217	102	223	167	-8.54	-74.03	-3.60	15761.14	-637.53	4297.09	311.86	135.00	427.84
103	526	510	217	102	224	168	-9.00	-74.08	-3.72	15746.69	-668.06	4284.84	326.37	135.50	437.49
104	526	510	217	102	223	167	-9.55	-74.03	-3.82	15732.95	-695.05	4268.40	332.90	153.47	443.87
104	526	510	216	102	222	168	-10.06	-73.96	-3.94	15725.70	-728.10	4261.18	345.06	175.05	452.58
103	525	510	218	103	222	167	-10.77	-73.75	-4.24	15718.62	-806.09	4258.32	471.40	204.15	445.50
104	526	510	218	102	224	167	-9.78	-73.67	-4.17	15723.29	-788.99	4251.20	641.98	248.39	427.52
104	526	511	219	103	224	168	-8.58	-73.51	-3.93	15720.72	-725.54	4266.04	636.58	281.37	431.30
104	526	510	219	102	223	168	-8.96	-73.38	-3.93	15723.29	-725.46	4301.94	507.86	283.05	447.78
103	525	511	219	103	223	168	-9.56	-73.30	-4.03	15733.72	-752.99	4331.24	423.41	273.70	464.24
103	526	511	219	103	223	168	-9.91	-73.27	-4.13	15732.24	-778.54	4352.28	396.99	264.81	477.33
103	526	511	219	102	223	168	-9.99	-73.26	-4.16	15740.02	-788.01	4364.47	378.64	261.47	488.36
103	526	510	219	102	222	168	-10.21	-73.28	-4.21	15733.02	-802.61	4377.04	361.66	246.55	503.00
103	526	511	219	103	223	168	-10.71	-73.30	-4.36	15732.77	-840.88	4376.19	392.83	235.67	515.75
103	525	511	218	102	223	169	-10.95	-73.23	-4.47	15742.93	-870.24	4384.78	430.29	242.74	526.41
104	526	511	218	103	224	169	-11.21	-73.12	-4.55	15749.79	-894.13	4412.74	438.77	248.55	536.84
104	525	511	218	102	224	169	-11.93	-72.95	-4.77	15748.30	-953.62	4445.90	433.63	237.22	543.70
104	525	512	218	103	223	169	-12.50	-72.81	-4.97	15760.48	-1008.34	4469.41	441.80	227.26	531.26
104	526	512	218	103	223	169	-12.69	-72.75	-5.06	15757.46	-1032.12	4476.74	463.16	222.00	504.05
104	526	512	218	103	224	169	-12.77	-72.80	-5.07	15752.38	-1034.72	4478.90	451.50	211.50	475.25
103	525	511	218	103	224	169	-12.99	-72.80	-5.13	15759.16	-1051.78	4480.76	454.73	206.82	449.73
104	525	511	218	103	224	169	-12.89	-72.73	-5.13	15758.21	-1052.59	4499.92	455.39	208.18	424.95
103	526	511	218	103	223	169	-12.79	-72.68	-5.15	15748.70	-1056.36	4524.72	444.87	187.37	403.20
104	525	512	218	103	224	169	-12.80	-72.69	-5.18	15738.26	-1064.74	4549.09	435.38	152.71	387.29
104	525	511	218	103	225	169	-12.76	-72.81	-5.18	15733.15	-1063.91	4559.23	428.51	113.32	372.37
104	525	511	218	103	224	169	-12.35	-72.98	-5.11	15717.89	-1044.91	4553.27	431.48	73.80	363.16
104	526	512	218	103	224	169	-12.13	-73.21	-5.04	15708.60	-1023.87	4528.41	411.26	39.41	357.45
104	525	512	218	103	224	169	-12.53	-73.32	-5.12	15703.77	-1044.07	4507.79	415.60	29.94	354.93
104	525	512	218	103	224	169	-12.48	-73.44	-5.13	15685.78	-1045.07	4477.80	444.67	31.20	350.83
104	525	512	218	103	223	169	-12.24	-73.60	-5.04	15676.49	-1021.01	4437.91	446.03	38.64	350.39
104	525	512	218	102	224	169	-12.24	-73.65	-5.02	15671.87	-1015.96	4405.61	449.38	70.25	366.37
103	525	512	218	103	224	168	-12.46	-73.50	-5.10	15675.07	-1037.77	4399.53	482.31	116.64	387.30
104	525	511	218	103	224	169	-12.41	-73.36	-5.13	15659.12	-1044.68	4408.75	500.15	150.11	412.94
104	525	512	218	103	224	169	-12.98	-73.28	-5.24	15660.96	-1072.84	4401.52	488.54	174.05	432.49
104	525	511	218	103	224	169	-13.68	-73.29	-5.40	15671.51	-1117.40	4359.44	549.86	215.10	439.66
103	525	512	218	103	223	169	-13.33	-73.26	-5.40	15673.14	-1116.93	4310.67	661.07	291.85	445.23
104	525	511	218	102	225	169	-12.54	-72.97	-5.28	15665.08	-1084.88	4306.74	715.92	383.60	463.52
103	525	512	218	103	224	169	-12.60	-72.54	-5.29	15650.03	-1084.24	4338.40	665.52	455.27	494.99
104	525	511	218	103	224	169	-13.40	-72.08	-5.53	15637.12	-1148.43	4390.88	625.44	499.26	520.84
104	524	511	218	103	222	169	-13.92	-71.56	-5.76	15630.87	-1210.01	4454.13	632.57	547.65	527.95
104	525	511	218	103	224	169	-14.24	-71.17	-5.90	15624.92	-1248.91	4502.83	639.39	589.11	529.95
104	524	511	218	103	224	169	-14.66	-70.77	-6.08	15620.48	-1295.86	4559.89	635.17	620.01	526.86
104	525	511	218	103	224	168	-14.91	-70.37	-6.24	15608.05	-1336.07	4631.49	620.67	638.31	516.71
104	525	511	218	103	224	169	-15.10	-70.13	-6.38	15600.85	-1374.67	4704.12	604.43	618.94	492.83
104	525	511	218	103	224	169	-15.13	-70.05	-6.40	15598.81	-1380.93	4752.11	556.61	585.55	467.54
104	525	511	218	103	224	169	-15.23	-70.06	-6.45	15598.67	-1393.89	4787.91	516.63	547.52	450.91
104	525	511	217	103	224	169	-15.13	-70.03	-6.48	15595.13	-1400.99	4835.31	499.60	514.54	429.86
104	525	511	218	103	223	169	-14.70	-70.04	-6.42	15593.98	-1383.14	4875.94	500.17	482.07	413.77
104	525	511	218	104	225	169	-14.27	-70.12	-6.29	15577.28	-1348.18	4902.95	464.96	436.31	408.08
103	525	511	218	104	223	170	-14.24	-70.35	-6.27	15569.41	-1341.78	4909.60	434.61	381.55	409.23
104	525	511	217	103	224	169	-14.25	-70.47	-6.28	15560.14	-1343.09	4917.72	427.43	343.87	412.42
104	525	511	218	103	224	169	-14.37	-70.47	-6.30	15552.33	-1346.53	4922.23	409.41	330.68	422.15
104	525	511	218	101	225	169	-14.77	-70.39	-6.45	15537.72	-1386.21	4946.32	422.49	313.69	428.29
105	525	511	217	103	224	169	-14.86	-70.43	-6.53	15531.03	-1406.90	4961.61	469.96	290.26	422.67
104	525	511	218	103	224	169	-14.99	-70.49	-6.57	15529.68	-1417.15	4967.93	457.92	269.19	425.09
104	525	511	217	103	225	169	-15.68	-70.49	-6.76	15526.00	-1468.69	4971.33	454.77	247.33	424.59
104	525	511	218	103	225	169	-15.88	-70.56	-6.84	15529.10	-1489.66	4963.96	489.48	237.32	412.11
104	525	511	218	103	224	170	-15.85	-70.62	-6.84	15522.24	-1488.58	4967.76	480.66	219.25	405.50
104	525	511	217	102	225	170	-16.26	-70.73	-6.91	15526.93	-1508.15	4967.78	436.08	190.54	399.38
104	524	511	217	102	224	169	-16.78	-70.76	-7.04	15529.78	-1544.74	4970.99	419.42	167.56	385.46
105	524	511	218	104	224	169	-16.81	-70.76	-7.08	15521.29	-1554.70	4983.84	424.20	150.63	357.93
105	525	511	218	103	225	169	-16.74	-70.89	-7.04	15517.63	-1541.57	4978.25	383.54	128.30	336.89
105	525	511	218	102	225	168	-17.05	-71.00	-7.07	15513.35	-1548.89	4966.93	334.16	112.34	320.64
104	525	511	217	102	224	170	-17.10	-71.07	-7.07	15501.88	-1548.04	4952.19	323.01	108.42	301.21
105	525	511	218	103	225	169	-16.89	-71.09	-7.01	15489.19	-1529.84	4952.18	295.90	105.95	285.50
105	525	511	217	104	225	170	-16.86	-71.10	-6.96	15479.33	-1515.75	4954.57	245.31	102.35	278.03
104	525	511	218	103	225	169	-17.12	-71.09	-6.98	15471.16	-1520.16	4952.64	200.74	106.33	278.82
105	525	511	218	103	224	170	-17.23	-71.03	-7.00	15474.60	-1527.75	4957.81	189.71	117.27	277.23
104	525	511	217	104	225	170	-17.30	-71.05	-7.01	15472.27	-1528.17	4961.52	161.72	117.70	274.42
104	525	511	218	102	225	169	-17.71	-71.02	-7.10	15474.06	-1553.16	4960.84	131.29	120.12	279.50
104	525	511	218	104	225	169	-18.12	-70.93	-7.22	15476.75	-1584.30	4964.00	127.92	126.36	274.33
105	525	511	217	103	225	169	-18.39	-70.97	-7.28	15473.92	-1602.29	4957.40	125.18	129.15	271.31
104	525	511	217	103	224	170	-18.68	-70.96	-7.37	15469.82	-1625.57	4951.13	117.17	133.09	267.99
104	525	511	218	104	224	169	-18.82	-71.01	-7.41	15474.13	-1635.29	4937.57	99.91	129.78	258.94
105	525	511	217	103	225	170	-19.27	-71.04	-7.47	15481.42	-1653.13	4926.69	85.11	129.94	250.45
104	525	511	217	103	225	169	-19.53	-71.04	-7.50	15486.35	-1661.07	4909.36	52.21	150.40	236.07
105	525	511	218	104	225	169	-20.05	-71.02	-7.56	15482.63	-1677.42	4892.89	1.00	166.98	220.62
105	525	511	217	103	225	169	-20.72	-70.90	-7.69	15476.50	-1713.75	4884.65	-44.55	196.58	203.39
105	525	511	217	103	227	170	-21.13	-70.66	-7.84	15471.08	-1751.46	4889.81	-49.98	233.30	171.37
104	525	511	218	102	225	169	-20.89	-70.41	-7.87	15467.92	-1760.29	4913.32	-32.88	277.93	129.25
104	524	511	218	102	225	170	-20.44	-70.18	-7.81	15464.93	-1742.07	4950.86	-41.68	308.09	93.79
105	525	511	217	103	225	169	-20.18	-70.00	-7.74	15458.68	-1723.17	4985.71	-94.30	322.43	69.20
105	525	511	218	102	225	169	-20.22	-69.85	-7.75	15452.15	-1726.01	5019.03	-137.83	330.16	49.04
105	525	511	218	103	225	169	-19.99	-69.75	-7.74	15451.34	-1721.71	5042.48	-151.99	337.50	28.19
105	524	511	217	103	226	169	-19.61	-69.67	-7.68	15442.97	-1704.62	5063.55	-162.99	341.93	17.43
105	525	511	217	103	225	169	-19.84	-69.70	-7.66	15436.02	-1699.79	5064.98	-231.94	335.53	12.06
105	525	511	218	103	225	169	-20.53	-69.70	-7.79	15432.22	-1733.60	5057.33	-286.95	334.11	-4.90
104	525	511	218	103	224	169	-20.58	-69.65	-7.85	15431.81	-1748.32	5049.26	-275.10	354.90	-30.95
104	525	511	218	104	224	169	-20.29	-69.59	-7.75	15428.82	-1720.51	5062.00	-306.44	366.21	-45.25
105	525	511	218	103	225	169	-20.45	-69.54	-7.76	15429.98	-1723.08	5073.30	-370.62	372.69	-57.49
105	525	511	218	103	225	170	-20.15	-69.59	-7.67	15432.68	-1699.33	5076.03	-400.49	372.91	-66.57
106	525	511	218	103	225	169	-19.98	-69.61	-7.57	15428.64	-1673.56	5077.83	-462.27	377.41	-60.89
105	524	511	218	102	224	169	-20.56	-69.63	-7.65	15426.81	-1695.48	5072.54	-536.75	375.89	-56.84
105	525	511	218	103	225	169	-20.92	-69.44	-7.79	15427.27	-1731.51	5078.51	-542.86	399.25	-70.70
106	525	512	218	103	225	169	-20.66	-69.23	-7.80	15420.91	-1733.73	5112.79	-517.47	421.39	-93.42
105	525	511	218	104	225	169	-20.46	-69.08	-7.79	15416.46	-1731.85	5146.55	-530.05	430.62	-108.80
104	525	511	218	104	225	169	-20.53	-68.88	-7.85	15404.04	-1744.45	5191.02	-555.05	435.24	-126.41
105	525	511	218	104	226	169	-20.53	-68.75	-7.90	15390.04	-1755.43	5220.87	-554.64	428.72	-148.24
105	525	511	218	103	226	169	-20.30	-68.72	-7.88	15371.53	-1748.86	5233.02	-544.86	421.84	-172.07
105	525	511	218	104	225	169	-19.62	-68.77	-7.71	15354.16	-1701.82	5244.77	-539.12	410.85	-183.42
106	525	512	218	103	224	169	-19.29	-68.85	-7.60	15355.05	-1671.53	5246.73	-560.71	403.95	-170.80
105	525	511	218	102	225	169	-19.65	-68.71	-7.70	15359.10	-1699.95	5261.40	-579.63	408.96	-158.76
105	525	511	218	104	225	168	-19.58	-68.57	-7.80	15355.74	-1725.95	5290.13	-529.95	411.61	-161.27
105	525	511	218	103	224	169	-19.30	-68.55	-7.78	15350.55	-1719.65	5315.02	-499.05	406.63	-166.96
105	525	511	218	104	225	169	-19.28	-68.61	-7.77	15338.43	-1715.87	5327.47	-519.00	380.50	-174.76
105	525	512	218	104	225	168	-19.51	-68.65	-7.85	15343.70	-1737.28	5334.30	-516.20	365.17	-186.22
105	525	511	218	104	225	169	-19.48	-68.67	-7.85	15344.32	-1737.81	5339.58	-502.09	361.41	-203.56
105	525	511	218	104	224	169	-19.34	-68.67	-7.85	15338.30	-1735.52	5359.00	-497.78	350.04	-224.33
105	525	512	218	103	225	169	-19.36	-68.71	-7.84	15343.59	-1734.95	5369.85	-511.14	341.79	-246.62
105	525	511	218	104	225	168	-19.54	-68.74	-7.88	15348.61	-1745.40	5364.76	-519.69	339.70	-274.94
105	525	511	215	103	224	169	-19.48	-68.76	-7.89	15346.58	-1746.93	5368.92	-523.70	337.52	-307.19
105	525	512	212	103	224	169	-19.47	-68.82	-7.88	15350.05	-1745.38	5374.88	-535.37	318.59	-336.78
105	525	511	210	104	225	169	-19.57	-68.81	-7.92	15353.95	-1757.51	5395.93	-542.55	305.76	-366.74
105	525	511	210	103	224	169	-19.46	-68.80	-7.91	15351.65	-1752.84	5415.13	-550.97	289.52	-398.60
105	525	512	210	104	225	169	-19.47	-68.85	-7.90	15346.67	-1751.60	5418.18	-567.02	270.25	-427.12
105	525	511	210	103	226	169	-19.48	-68.92	-7.89	15336.53	-1745.22	5418.07	-594.57	250.93	-460.97
105	525	511	210	102	225	168	-19.50	-68.91	-7.89	15328.51	-1744.76	5426.96	-614.99	236.79	-496.67
105	525	512	210	104	225	168	-19.06	-68.92	-7.79	15318.48	-1717.32	5442.82	-610.94	220.30	-529.39
106	525	512	211	103	225	169	-18.55	-68.94	-7.66	15302.56	-1679.45	5462.28	-624.45	191.63	-552.32
105	525	511	211	104	225	168	-18.20	-69.09	-7.54	15302.83	-1648.28	5458.96	-639.27	165.10	-562.90
105	525	511	211	105	226	169	-17.98	-69.15	-7.46	15291.69	-1627.27	5460.81	-641.36	154.85	-574.30
105	525	511	211	102	225	168	-17.42	-69.23	-7.32	15289.90	-1589.50	5457.17	-624.79	148.20	-579.99
105	525	511	212	104	224	168	-16.92	-69.29	-7.20	15285.21	-1555.23	5457.71	-628.15	142.24	-576.99
105	525	511	212	104	225	169	-16.76	-69.33	-7.14	15289.95	-1540.67	5460.83	-630.79	132.93	-575.19
105	525	512	212	104	223	168	-16.29	-69.36	-7.02	15289.65	-1509.63	5466.19	-615.70	121.34	-573.88
105	525	511	212	104	224	168	-15.93	-69.44	-6.91	15287.37	-1479.55	5462.48	-616.02	110.42	-564.74
105	525	511	212	104	224	168	-15.76	-69.51	-6.84	15294.40	-1461.17	5458.35	-629.37	103.30	-554.00
106	525	511	213	104	226	169	-15.77	-69.64	-6.79	15295.28	-1447.91	5440.04	-649.55	93.28	-540.50
106	525	511	212	104	225	169	-16.01	-69.72	-6.78	15305.12	-1448.32	5413.83	-674.72	95.77	-534.88
105	525	511	212	104	225	168	-15.86	-69.76	-6.72	15303.26	-1432.70	5402.54	-671.19	102.23	-541.88
105	525	511	212	103	225	168	-15.31	-69.85	-6.56	15300.50	-1387.67	5387.81	-676.28	105.12	-534.99
105	525	511	213	104	225	169	-15.04	-69.86	-6.45	15297.87	-1357.08	5397.42	-700.11	106.56	-507.99
105	525	511	212	103	225	168	-15.17	-69.78	-6.45	15295.18	-1359.03	5404.35	-718.46	116.83	-479.54
105	525	511	213	102	224	168	-15.22	-69.76	-6.46	15293.22	-1360.28	5404.53	-712.48	120.84	-464.66
105	525	511	213	103	225	169	-15.31	-69.74	-6.46	15297.36	-1361.66	5407.11	-717.86	123.70	-452.38
105	525	511	212	103	226	169	-15.62	-69.73	-6.51	15302.89	-1375.98	5403.75	-737.27	130.17	-451.46
106	525	511	213	103	225	168	-15.87	-69.68	-6.56	15313.75	-1390.98	5402.77	-736.55	141.41	-465.19
105	525	511	213	104	225	168	-15.71	-69.61	-6.52	15308.86	-1378.43	5409.23	-727.48	155.14	-480.88
106	525	511	213	104	225	168	-15.36	-69.58	-6.42	15306.01	-1352.11	5428.57	-737.15	145.23	-485.23
105	525	511	213	103	225	168	-15.06	-69.59	-6.32	15306.11	-1326.31	5442.74	-754.14	128.77	-479.97
106	525	511	213	104	224	169	-14.77	-69.67	-6.24	15303.21	-1304.19	5443.00	-754.74	104.13	-468.37
106	525	511	213	104	225	168	-14.41	-69.78	-6.13	15302.25	-1274.78	5442.65	-745.35	89.47	-442.35
104	525	511	213	104	226	167	-14.33	-69.72	-6.10	15289.74	-1265.44	5459.12	-730.58	79.30	-404.09
105	525	512	213	104	225	168	-14.19	-69.71	-6.07	15280.25	-1256.17	5472.76	-726.75	56.13	-356.53
105	525	511	213	104	225	168	-14.52	-69.71	-6.16	15288.04	-1282.96	5493.52	-729.77	24.18	-308.51
105	525	511	213	104	225	168	-15.11	-69.69	-6.36	15306.43	-1336.41	5524.25	-721.43	-14.43	-288.43
105	525	511	213	103	225	168	-15.61	-69.72	-6.56	15332.31	-1392.19	5551.63	-681.51	-65.81	-309.76
105	525	512	213	103	224	167	-15.59	-69.94	-6.61	15345.29	-1407.18	5560.45	-639.53	-136.82	-359.92
105	525	512	213	103	224	167	-15.39	-70.39	-6.50	15377.03	-1382.22	5530.63	-652.15	-204.88	-409.22
106	525	511	213	104	225	166	-15.34	-70.76	-6.44	15400.78	-1367.71	5494.50	-665.95	-254.88	-455.96
105	525	511	213	103	225	165	-15.07	-71.12	-6.34	15418.74	-1342.93	5460.37	-648.55	-301.74	-504.92
105	525	511	213	103	224	166	-14.59	-71.53	-6.20	15436.80	-1308.38	5424.95	-619.72	-363.15	-549.62
106	525	511	213	104	225	165	-14.29	-71.93	-6.08	15449.96	-1277.56	5381.71	-619.29	-413.00	-579.99
105	525	511	213	104	225	164	-13.99	-72.29	-5.97	15454.46	-1247.28	5339.22	-619.87	-461.05	-604.64
105	525	511	213	103	224	165	-13.69	-72.66	-5.86	15456.94	-1219.72	5293.66	-606.18	-500.14	-629.81
105	525	511	213	103	226	165	-12.98	-73.10	-5.67	15457.09	-1168.13	5229.18	-602.92	-539.69	-646.57
105	525	511	213	104	225	165	-12.09	-73.60	-5.42	15458.44	-1103.93	5133.52	-617.07	-556.25	-647.69
105	525	511	213	104	225	164	-11.65	-73.85	-5.26	15459.12	-1060.53	5051.24	-609.92	-539.09	-635.30
105	525	511	213	104	224	163	-11.20	-73.85	-5.17	15453.16	-1035.10	4999.28	-563.37	-499.88	-624.49
105	525	511	213	104	226	165	-10.77	-73.81	-5.02	15453.50	-996.95	4980.32	-541.05	-470.34	-600.96
105	525	512	213	104	225	165	-10.87	-73.72	-5.02	15452.63	-994.10	4977.90	-537.00	-449.32	-573.22
105	525	511	213	104	224	165	-10.96	-73.68	-5.02	15461.40	-995.80	4972.61	-511.55	-432.71	-552.06
105	525	511	213	104	225	165	-10.78	-73.66	-4.99	15475.53	-988.61	4967.38	-482.62	-426.62	-536.60
105	525	511	213	104	225	164	-10.46	-73.80	-4.88	15487.35	-961.78	4943.01	-469.64	-440.09	-522.07
105	525	511	213	104	224	164	-10.09	-74.06	-4.76	15504.78	-929.49	4902.06	-468.26	-459.04	-500.57
106	525	511	213	104	225	164	-9.83	-74.32	-4.62	15532.14	-896.21	4848.95	-454.25	-460.03	-479.99
105	525	512	213	103	225	165	-9.61	-74.39	-4.53	15557.73	-873.20	4809.71	-423.94	-438.03	-461.89
105	525	511	213	104	225	165	-9.52	-74.41	-4.51	15572.65	-868.34	4793.42	-386.54	-422.83	-444.00
105	525	511	213	102	224	165	-9.42	-74.42	-4.47	15594.01	-860.32	4786.15	-355.06	-422.09	-437.60
105	525	511	213	104	225	164	-9.15	-74.52	-4.38	15603.71	-836.11	4778.44	-337.11	-433.63	-428.62
105	525	512	213	104	225	165	-9.24	-74.66	-4.36	15615.93	-831.70	4754.92	-319.60	-450.15	-418.84
105	525	511	213	104	226	164	-9.06	-74.80	-4.32	15630.93	-822.12	4723.17	-289.62	-455.45	-417.64
105	525	511	213	104	225	164	-8.73	-74.96	-4.24	15634.18	-801.41	4705.22	-270.44	-480.27	-416.66
105	525	511	213	104	225	165	-8.53	-75.19	-4.16	15642.88	-781.54	4671.35	-257.47	-507.61	-405.58
105	525	511	213	104	225	165	-8.28	-75.45	-4.08	15654.93	-760.06	4629.39	-237.90	-526.73	-386.90
105	525	511	213	103	225	164	-7.93	-75.76	-3.97	15657.79	-732.66	4564.72	-231.95	-537.74	-367.35
105	525	511	213	104	226	164	-7.84	-76.01	-3.93	15667.30	-721.03	4509.28	-223.10	-539.46	-348.99
105	526	512	213	104	225	164	-7.73	-76.13	-3.88	15682.33	-707.78	4464.82	-192.15	-524.38	-332.44
106	525	511	213	103	225	165	-7.53	-76.20	-3.80	15687.21	-686.59	4427.18	-174.74	-501.66	-316.52
105	525	511	213	104	225	164	-7.44	-76.25	-3.76	15692.25	-677.46	4393.82	-173.40	-483.38	-294.39
105	525	512	213	104	225	164	-7.53	-76.31	-3.75	15706.24	-674.79	4366.33	-155.13	-468.01	-276.02
105	525	511	213	104	224	164	-7.45	-76.27	-3.71	15716.73	-665.65	4345.01	-132.53	-439.41	-260.97
105	525	511	213	104	224	164	-7.43	-76.27	-3.69	15715.89	-658.96	4329.56	-115.05	-437.24	-248.97
105	525	511	214	104	226	164	-7.50	-76.29	-3.66	15730.29	-652.62	4315.68	-108.55	-433.23	-235.02
104	525	511	213	104	225	164	-7.61	-76.35	-3.64	15740.98	-646.98	4298.10	-103.12	-431.57	-226.52
105	525	511	213	104	225	164	-7.55	-76.48	-3.64	15760.53	-647.64	4274.19	-75.86	-436.39	-223.40
105	525	511	213	104	226	165	-7.34	-76.66	-3.56	15767.50	-626.45	4231.08	-57.47	-441.22	-219.28
105	525	511	214	104	226	164	-7.11	-76.83	-3.49	15783.73	-610.73	4185.53	-49.85	-442.16	-208.61
105	525	511	213	104	225	165	-6.96	-77.02	-3.44	15799.54	-597.59	4136.45	-37.76	-435.35	-194.63
105	525	511	213	104	224	165	-6.76	-77.26	-3.37	15808.77	-578.91	4079.03	-29.02	-433.33	-184.45
105	525	512	214	104	225	164	-6.48	-77.47	-3.30	15818.93	-559.17	4022.28	-20.07	-420.22	-170.73
105	526	512	213	104	226	164	-6.33	-77.52	-3.24	15829.98	-544.81	3974.76	0.69	-383.86	-152.34
105	526	512	213	104	224	164	-6.20	-77.46	-3.21	15830.68	-535.77	3954.63	25.75	-352.51	-136.67
106	525	512	213	104	224	165	-6.24	-77.34	-3.21	15837.55	-537.78	3953.49	41.26	-324.09	-119.84
105	525	512	214	104	224	164	-6.08	-77.26	-3.18	15836.67	-528.49	3952.62	49.25	-315.13	-99.75
105	526	512	213	104	225	164	-6.39	-77.29	-3.21	15849.64	-536.67	3941.99	45.34	-319.43	-79.86
105	525	511	213	104	225	164	-6.70	-77.31	-3.25	15865.75	-550.63	3927.29	58.37	-320.90	-64.47
105	525	512	214	104	225	165	-6.69	-77.40	-3.23	15876.46	-544.10	3902.92	64.15	-320.56	-54.94
105	526	511	214	104	225	165	-6.69	-77.54	-3.20	15882.64	-535.30	3875.58	61.35	-324.13	-45.55
105	526	512	214	104	225	164	-6.76	-77.66	-3.17	15895.11	-529.33	3842.00	69.08	-324.12	-39.67
105	525	512	214	103	225	164	-6.54	-77.69	-3.12	15900.95	-516.67	3811.50	94.52	-297.02	-31.69
106	525	511	213	104	226	165	-6.14	-77.70	-3.03	15898.50	-491.43	3792.92	103.70	-273.72	-20.55
105	526	512	214	104	225	164	-6.16	-77.64	-3.00	15900.38	-482.66	3775.08	101.36	-255.48	-3.52
105	525	512	214	104	224	164	-6.64	-77.56	-3.07	15909.56	-503.33	3768.72	112.50	-234.36	15.60
105	526	512	213	104	225	164	-7.00	-77.46	-3.14	15904.48	-521.76	3767.89	134.57	-216.89	24.07
106	526	512	214	105	225	164	-7.17	-77.39	-3.17	15902.46	-529.27	3776.89	141.54	-218.20	24.32
106	525	512	214	104	225	164	-7.32	-77.52	-3.16	15907.93	-527.01	3765.85	126.66	-229.79	17.90
105	526	512	214	104	225	164	-7.49	-77.57	-3.17	15921.94	-529.26	3746.76	118.73	-224.30	13.71
105	525	512	214	104	225	164	-7.52	-77.65	-3.16	15928.64	-528.00	3720.02	131.84	-217.98	14.07
105	526	512	213	104	225	165	-7.87	-77.66	-3.21	15938.61	-542.20	3703.22	140.00	-211.68	23.72
106	526	512	214	103	225	165	-8.34	-77.66	-3.28	15942.88	-563.89	3700.86	138.15	-218.00	25.93
105	526	512	214	104	225	165	-8.56	-77.75	-3.30	15955.93	-568.49	3688.61	132.34	-236.10	23.09
105	526	511	213	104	224	164	-8.57	-77.91	-3.29	15967.94	-564.47	3666.78	122.63	-253.09	20.48
106	525	512	214	104	226	165	-8.55	-78.07	-3.26	15983.74	-558.24	3640.24	110.80	-272.49	15.86
105	525	512	213	104	224	165	-8.33	-78.25	-3.19	15993.95	-538.93	3602.63	102.61	-280.26	12.66
105	526	512	214	103	224	165	-7.94	-78.43	-3.11	16001.45	-518.19	3568.10	109.58	-288.30	13.03
105	526	512	213	103	225	165	-7.61	-78.57	-3.05	16009.78	-503.28	3541.69	122.55	-288.49	17.38
105	525	512	214	105	226	165	-7.41	-78.65	-3.02	16018.89	-494.31	3520.61	137.02	-285.01	24.01
105	526	512	214	104	226	165	-7.49	-78.70	-3.01	16028.55	-493.80	3500.58	136.32	-281.56	27.56
105	526	512	214	104	225	165	-7.67	-78.71	-3.05	16026.52	-502.71	3489.35	160.25	-280.38	31.13
105	526	512	214	104	225	165	-7.58	-78.78	-3.03	16025.59	-498.97	3476.68	166.99	-284.06	26.18
105	526	512	214	105	224	164	-7.56	-78.85	-3.02	16022.11	-494.42	3457.25	162.34	-286.66	27.77
105	525	512	214	104	225	165	-7.59	-78.87	-3.01	16021.01	-492.50	3439.79	167.47	-286.03	29.73
105	526	512	214	105	226	164	-7.60	-78.91	-3.01	16022.96	-491.88	3423.60	178.75	-283.13	29.44
105	526	511	214	104	225	164	-7.74	-78.97	-3.04	16025.81	-500.68	3404.42	194.16	-284.57	26.67
106	526	512	214	104	225	163	-7.67	-79.07	-3.01	16034.12	-491.25	3376.40	198.15	-282.94	26.59
105	525	512	214	104	224	164	-7.69	-79.10	-3.01	16039.41	-493.29	3353.98	201.10	-269.54	35.61
106	526	512	214	104	226	164	-7.83	-79.08	-3.04	16027.64	-501.82	3335.08	211.99	-256.52	39.68
105	526	512	214	104	225	164	-7.81	-79.11	-3.03	16036.66	-499.33	3317.32	223.59	-246.89	46.14
106	526	512	214	104	225	164	-8.17	-79.10	-3.05	16035.03	-504.76	3302.26	211.31	-234.70	53.84
106	526	512	214	104	225	164	-8.79	-79.08	-3.13	16036.47	-526.73	3286.74	209.45	-220.81	55.14
106	525	512	214	104	226	164	-8.94	-79.13	-3.15	16046.65	-532.79	3272.41	237.07	-209.32	48.24
105	526	512	214	104	227	163	-8.56	-79.16	-3.09	16049.92	-516.95	3255.79	238.52	-198.16	46.27
106	526	512	213	104	224	163	-8.49	-79.14	-3.08	16060.02	-514.90	3244.40	229.49	-186.35	52.61
106	526	512	214	104	225	164	-8.46	-79.14	-3.09	16059.82	-515.16	3237.38	247.52	-181.23	56.38
105	526	512	214	104	225	163	-8.03	-79.28	-2.99	16063.23	-490.40	3214.31	246.44	-182.62	62.11
105	526	512	214	105	225	163	-8.39	-79.34	-3.01	16072.47	-494.68	3184.39	235.47	-173.99	70.86
105	525	512	214	104	225	163	-8.46	-79.38	-3.01	16082.24	-494.55	3163.17	258.10	-156.64	76.61
106	525	512	214	104	225	163	-8.27	-79.36	-2.98	16080.33	-487.42	3148.61	264.74	-130.36	81.58
105	526	512	214	104	224	164	-8.71	-79.26	-3.05	16074.52	-506.25	3156.58	253.21	-124.44	83.55
105	525	512	214	105	226	163	-8.89	-79.25	-3.09	16077.99	-516.34	3154.75	262.70	-118.32	82.03
106	526	512	214	104	225	164	-8.61	-79.31	-3.04	16078.69	-503.32	3131.62	260.66	-105.65	81.42
105	526	512	213	103	226	163	-8.65	-79.33	-3.01	16082.56	-495.95	3108.04	235.18	-91.87	90.50
105	526	512	213	104	225	164	-9.12	-79.33	-3.06	16081.83	-508.55	3095.03	220.02	-79.42	95.28
106	525	512	214	105	225	163	-9.15	-79.38	-3.06	16085.34	-509.73	3074.88	221.02	-65.20	97.86
105	526	512	214	104	225	164	-9.23	-79.39	-3.05	16091.47	-507.44	3052.34	205.42	-38.24	102.17
106	526	512	214	104	227	164	-9.39	-79.32	-3.05	16092.30	-506.27	3050.52	196.05	-13.08	106.06
105	526	512	213	104	226	163	-9.51	-79.25	-3.07	16097.08	-511.76	3043.40	203.74	11.17	108.91
105	525	512	214	104	225	164	-9.38	-79.16	-3.05	16093.03	-508.77	3044.63	209.26	33.21	113.66