177	537	526	243	201	205	192	-16.24	-46.64	-16.71	11858.56	-3127.18	10777.33	2.83	-216.63	-17.40
177	537	525	243	201	205	193	-16.19	-46.71	-16.64	11869.83	-3114.22	10762.06	-6.21	-189.45	-27.03
177	537	525	243	201	205	193	-16.03	-46.58	-16.54	11855.14	-3087.91	10746.96	2.90	-141.92	-20.18
176	537	525	243	200	205	192	-15.84	-46.52	-16.49	11826.38	-3069.91	10748.61	18.71	-128.58	-23.67
177	537	525	243	201	205	192	-15.78	-46.49	-16.43	11814.07	-3052.82	10760.38	-0.68	-131.40	1.56
177	537	526	243	201	205	193	-15.85	-46.55	-16.43	11824.16	-3055.18	10757.36	-12.59	-128.68	22.23
177	536	526	243	201	205	193	-15.83	-46.52	-16.48	11814.55	-3062.02	10769.29	-4.16	-121.84	37.27
177	536	525	243	201	205	193	-15.79	-46.59	-16.48	11819.83	-3065.92	10768.23	13.69	-140.60	40.06
177	537	525	243	201	205	193	-15.76	-46.59	-16.50	11810.43	-3067.02	10767.42	26.11	-142.07	46.90
177	537	526	243	201	206	193	-15.80	-46.63	-16.54	11795.91	-3071.27	10754.25	33.35	-153.47	56.26
177	536	526	243	201	206	192	-15.90	-46.66	-16.60	11791.52	-3082.91	10734.13	42.19	-151.79	61.05
177	537	526	243	201	205	193	-15.96	-46.73	-16.62	11779.34	-3083.96	10716.03	45.23	-152.46	55.64
177	536	526	243	201	205	193	-16.06	-46.66	-16.67	11764.78	-3089.76	10699.22	37.72	-128.93	68.16
177	536	525	243	201	205	193	-16.18	-46.66	-16.72	11762.34	-3100.28	10686.26	30.53	-120.44	78.10
178	536	526	243	201	206	192	-16.28	-46.74	-16.72	11767.62	-3101.06	10657.55	29.70	-98.71	81.75
177	536	526	243	201	205	193	-16.32	-46.77	-16.72	11756.04	-3099.61	10635.27	25.67	-82.78	90.21
177	536	526	243	202	206	193	-16.56	-46.55	-16.91	11734.24	-3132.63	10638.91	9.83	-50.44	97.90
177	536	526	243	201	206	192	-16.50	-46.58	-16.85	11738.72	-3120.20	10620.16	8.04	-28.77	94.16
176	536	525	243	201	206	193	-16.59	-46.49	-16.90	11723.79	-3128.19	10620.35	-6.21	-17.98	101.50
177	536	526	243	201	205	192	-16.75	-46.41	-16.97	11719.80	-3142.18	10613.14	-23.30	8.12	111.77
177	536	526	243	202	205	193	-16.80	-46.29	-17.06	11715.61	-3160.47	10622.68	-11.18	28.26	100.28
176	536	526	243	201	206	192	-16.79	-46.18	-17.05	11708.03	-3156.64	10627.55	-15.32	50.10	87.62
176	536	526	243	201	205	192	-16.74	-46.14	-17.02	11695.83	-3144.21	10631.57	-35.86	59.10	90.09
177	536	526	243	201	205	192	-16.67	-46.10	-17.01	11684.64	-3138.40	10633.79	-35.47	64.69	90.68
177	536	526	243	202	206	192	-16.56	-46.06	-16.96	11677.40	-3127.28	10629.70	-28.94	78.91	89.65
176	536	526	243	201	206	192	-16.67	-45.99	-17.02	11667.93	-3137.72	10627.82	-41.60	91.76	96.52
177	536	526	243	201	205	192	-16.71	-45.90	-17.10	11661.14	-3151.83	10645.22	-37.22	95.02	83.34
176	536	526	243	201	205	191	-16.63	-45.82	-17.11	11653.68	-3151.84	10659.16	-24.45	101.12	65.57
177	536	526	243	201	204	192	-16.53	-45.79	-17.11	11655.80	-3153.45	10671.20	-16.13	96.77	55.75
177	536	526	243	201	206	192	-16.49	-45.84	-17.10	11647.01	-3148.58	10671.44	-18.58	87.93	55.71
177	536	525	243	201	205	192	-16.52	-45.89	-17.13	11642.66	-3152.55	10676.67	-27.00	75.78	57.47
177	536	526	243	201	205	193	-16.52	-45.91	-17.14	11631.12	-3151.12	10663.04	-21.85	70.79	53.60
177	536	526	243	202	206	193	-16.52	-45.99	-17.15	11621.16	-3150.76	10648.49	-8.00	64.50	45.52
177	535	526	243	202	206	193	-16.56	-46.04	-17.16	11620.31	-3152.03	10635.06	-8.80	63.43	36.64
177	536	525	243	201	205	193	-16.57	-46.08	-17.13	11625.69	-3147.62	10624.51	-9.56	69.06	24.41
177	536	526	243	201	205	192	-16.54	-46.04	-17.08	11622.21	-3135.64	10607.48	-14.99	96.20	19.09
177	536	526	243	200	205	192	-16.60	-45.93	-17.06	11617.50	-3129.66	10600.11	-43.69	129.64	19.94
177	536	526	243	201	206	191	-16.66	-45.77	-17.11	11613.02	-3140.38	10602.90	-49.05	164.46	13.04
177	536	526	243	201	205	192	-16.48	-45.68	-17.07	11616.97	-3131.56	10615.96	-26.80	189.94	5.09
178	536	526	243	201	205	192	-16.35	-45.60	-17.00	11606.32	-3113.98	10632.36	-29.96	199.24	13.43
177	536	526	243	201	205	192	-16.41	-45.66	-17.03	11606.80	-3119.88	10634.34	-35.46	185.28	20.66
178	536	526	243	201	206	192	-16.50	-45.67	-17.08	11609.86	-3131.09	10635.02	-39.04	184.06	21.33
177	536	526	243	201	206	192	-16.57	-45.59	-17.15	11598.97	-3142.53	10641.67	-41.79	194.11	17.76
177	536	526	243	202	206	192	-16.49	-45.66	-17.06	11602.02	-3125.21	10632.99	-48.70	196.21	11.52
177	536	525	243	201	205	192	-16.52	-45.58	-17.09	11601.72	-3131.95	10642.34	-51.46	209.70	8.65
177	536	526	243	202	206	192	-16.49	-45.45	-17.16	11586.63	-3141.15	10660.82	-35.64	213.71	-4.08
177	536	526	243	201	205	192	-16.41	-45.53	-17.09	11592.30	-3129.29	10659.38	-34.86	207.38	-11.43
177	536	525	243	202	206	192	-16.49	-45.58	-17.07	11595.29	-3124.63	10652.01	-63.26	214.71	-4.96
177	536	526	243	202	206	192	-16.56	-45.49	-17.14	11588.92	-3137.39	10653.81	-67.15	232.42	-0.21
177	536	526	243	201	206	192	-16.46	-45.40	-17.11	11584.48	-3129.53	10668.52	-62.44	243.50	-16.45
177	536	525	243	201	206	190	-16.32	-45.41	-16.94	11588.45	-3096.65	10677.90	-76.47	253.58	-15.83
178	535	525	243	202	205	193	-16.32	-45.34	-16.88	11587.23	-3082.42	10677.00	-103.85	278.10	6.16
178	536	526	243	201	205	192	-16.37	-45.30	-16.91	11575.87	-3085.70	10677.35	-105.86	269.19	18.96
178	536	526	243	202	206	192	-16.49	-45.19	-17.02	11562.87	-3103.61	10695.08	-111.56	263.83	15.91
178	536	526	243	201	205	192	-16.55	-45.21	-17.07	11565.33	-3116.43	10700.93	-109.33	251.79	1.86
179	536	526	243	201	205	191	-16.71	-45.24	-17.20	11556.66	-3141.81	10698.08	-102.87	236.00	-16.63
179	536	526	243	201	206	192	-16.65	-45.29	-17.21	11556.83	-3142.12	10679.98	-91.67	236.15	-35.80
179	535	525	242	201	205	192	-16.60	-45.25	-17.10	11559.59	-3120.01	10655.38	-113.74	278.89	-40.86
179	535	526	242	201	206	192	-16.86	-44.89	-17.18	11548.61	-3134.01	10640.41	-150.45	373.75	-31.57
181	536	526	243	202	205	191	-16.99	-44.57	-17.37	11524.38	-3167.31	10653.19	-135.33	427.91	-52.94
181	536	526	244	202	205	191	-17.17	-44.46	-17.49	11520.96	-3191.34	10660.93	-145.76	447.12	-76.84
182	535	525	243	201	206	191	-17.38	-44.40	-17.61	11514.51	-3215.18	10669.48	-168.33	452.91	-95.35
182	535	526	243	202	205	190	-17.59	-44.38	-17.76	11513.39	-3247.22	10683.01	-175.16	444.66	-134.78
181	535	526	243	202	206	191	-17.69	-44.36	-17.86	11504.12	-3267.26	10694.26	-186.00	432.93	-187.04
182	536	526	243	201	206	190	-17.87	-44.42	-17.88	11508.11	-3272.29	10694.75	-228.95	420.48	-229.19
182	535	526	244	201	206	191	-17.97	-44.38	-17.93	11496.51	-3279.48	10709.21	-263.90	409.61	-271.68
182	535	526	243	202	206	191	-17.93	-44.38	-17.87	11481.88	-3260.31	10719.75	-301.16	397.63	-318.00
182	535	526	243	202	206	192	-17.93	-44.33	-17.84	11466.39	-3250.69	10736.36	-336.10	386.40	-354.45
182	535	526	243	201	206	191	-17.90	-44.35	-17.80	11450.67	-3235.36	10741.94	-364.05	370.13	-380.22
182	536	526	243	202	206	192	-17.93	-44.30	-17.80	11426.33	-3229.99	10750.84	-391.04	355.37	-399.46
182	535	526	243	202	206	191	-17.86	-44.20	-17.80	11404.22	-3221.29	10771.10	-409.19	353.75	-420.39
182	535	526	243	202	206	191	-17.80	-44.15	-17.79	11388.81	-3214.02	10791.75	-419.88	337.32	-439.62
182	535	526	244	201	205	191	-17.70	-44.14	-17.76	11373.97	-3202.12	10818.36	-426.34	314.25	-452.99
182	535	526	243	201	206	192	-17.51	-44.22	-17.64	11374.07	-3178.82	10826.64	-431.77	304.49	-460.19
183	535	526	243	202	205	191	-17.28	-44.21	-17.54	11359.76	-3151.48	10832.71	-419.53	298.41	-456.38
183	535	526	243	201	205	192	-17.08	-44.25	-17.43	11350.38	-3126.70	10842.47	-412.06	284.24	-446.61
182	535	526	243	201	206	191	-16.95	-44.27	-17.36	11353.26	-3112.17	10869.35	-410.05	270.18	-414.23
182	535	526	243	202	206	192	-16.87	-44.32	-17.35	11362.19	-3113.76	10891.48	-387.70	245.47	-391.07
182	535	526	244	201	205	192	-16.70	-44.39	-17.32	11357.08	-3104.47	10907.91	-361.12	209.05	-374.87
183	535	526	243	202	206	192	-16.53	-44.62	-17.23	11353.23	-3084.85	10895.11	-352.81	170.15	-350.97
183	535	525	243	201	206	192	-16.58	-44.69	-17.31	11338.17	-3097.20	10890.76	-338.27	143.29	-318.77
183	535	526	243	202	206	192	-16.48	-44.74	-17.29	11329.26	-3090.34	10883.82	-303.36	133.62	-295.14
183	535	526	243	202	206	192	-16.46	-44.68	-17.32	11313.80	-3090.63	10888.03	-290.14	139.19	-260.28
184	535	526	243	202	207	192	-16.52	-44.74	-17.37	11315.51	-3102.30	10877.03	-274.08	130.93	-226.76
183	535	526	243	201	206	192	-16.53	-44.72	-17.42	11302.93	-3109.98	10862.97	-247.93	129.99	-206.93
183	535	526	242	201	205	191	-16.50	-44.65	-17.46	11301.99	-3116.28	10858.03	-219.73	139.69	-192.08
183	535	526	243	202	206	192	-16.52	-44.54	-17.54	11292.09	-3131.27	10867.72	-204.44	151.00	-179.43
182	535	526	243	202	206	192	-16.49	-44.49	-17.59	11285.68	-3139.70	10872.14	-183.32	144.35	-166.20
183	535	526	243	202	206	192	-16.37	-44.56	-17.61	11284.40	-3143.92	10870.33	-152.36	121.18	-158.69
184	535	525	243	202	207	192	-16.43	-44.68	-17.61	11292.38	-3146.52	10861.61	-158.39	106.58	-139.56
184	535	525	243	202	205	193	-16.47	-44.71	-17.67	11301.76	-3160.80	10859.73	-146.32	100.45	-121.93
184	535	525	243	202	205	193	-16.39	-44.72	-17.70	11312.27	-3170.36	10862.95	-118.55	103.82	-108.69
183	535	526	243	202	206	193	-16.29	-44.77	-17.65	11321.86	-3162.04	10855.00	-98.53	106.08	-93.15
184	535	526	243	202	206	192	-16.26	-44.75	-17.61	11319.76	-3153.34	10838.85	-98.95	116.98	-72.29
184	535	525	243	201	205	192	-16.17	-44.73	-17.54	11329.58	-3142.87	10837.50	-90.25	135.08	-50.18
183	535	526	243	202	206	193	-16.15	-44.63	-17.52	11321.50	-3135.93	10837.63	-93.94	161.43	-23.67
184	535	526	243	202	207	192	-16.25	-44.53	-17.61	11313.42	-3153.13	10847.15	-81.09	165.25	-6.64
183	535	526	243	202	205	192	-16.24	-44.48	-17.64	11324.55	-3163.27	10859.99	-63.94	177.04	-3.80
183	535	525	243	202	206	193	-16.17	-44.44	-17.67	11326.92	-3168.51	10876.99	-55.89	179.99	2.24
184	535	526	243	202	205	192	-16.28	-44.40	-17.77	11318.78	-3186.28	10901.94	-60.30	165.74	8.92
184	535	526	243	202	206	192	-16.37	-44.37	-17.88	11304.44	-3206.77	10913.84	-46.83	150.70	1.08
183	535	526	243	202	206	192	-16.39	-44.38	-17.89	11298.02	-3206.43	10907.15	-39.44	140.77	-8.83
184	535	525	243	201	206	192	-16.36	-44.46	-17.90	11300.71	-3210.91	10901.59	-23.77	130.93	-15.48
184	535	525	243	202	206	193	-16.27	-44.49	-17.85	11298.08	-3197.16	10895.11	-21.13	130.28	-8.71
183	535	526	243	202	206	192	-16.26	-44.50	-17.85	11285.97	-3193.11	10887.36	-16.72	125.57	12.72
182	535	526	243	202	206	193	-16.33	-44.54	-17.91	11273.67	-3202.05	10875.79	-15.74	106.99	27.99
183	534	526	243	202	206	192	-16.32	-44.63	-17.89	11272.39	-3197.35	10873.20	-5.05	90.14	31.99
183	534	526	244	202	205	192	-16.37	-44.63	-17.91	11272.17	-3202.88	10866.14	-8.25	86.38	45.59
183	534	526	243	202	206	192	-16.55	-44.68	-18.03	11270.56	-3226.14	10869.63	-14.88	58.81	52.26
183	534	526	243	202	206	193	-16.71	-44.75	-18.09	11282.24	-3243.03	10859.15	-22.04	57.42	54.00
183	534	525	243	202	206	193	-16.79	-44.79	-18.12	11299.32	-3255.48	10850.59	-15.79	67.20	49.75
183	534	526	243	201	206	193	-16.77	-44.74	-18.11	11298.16	-3253.30	10853.46	-16.75	75.74	45.71
183	534	526	243	202	206	193	-16.71	-44.81	-18.06	11307.45	-3244.84	10851.99	-17.26	69.76	45.82
184	534	526	243	202	207	192	-16.76	-44.93	-18.03	11321.88	-3245.00	10848.59	-27.80	51.52	43.18
184	534	526	243	202	206	192	-16.79	-44.95	-18.02	11332.38	-3246.55	10846.16	-30.61	52.74	41.62
183	534	526	244	202	205	192	-16.77	-45.03	-18.01	11339.36	-3244.22	10847.45	-25.83	44.55	32.44
184	534	526	243	202	206	193	-16.78	-45.10	-17.95	11350.99	-3235.01	10833.28	-36.49	44.58	29.92
183	534	526	243	202	206	193	-16.90	-45.21	-17.90	11366.04	-3230.06	10818.02	-67.31	35.50	22.47
183	534	526	243	202	206	192	-17.09	-45.35	-17.90	11401.34	-3241.56	10802.52	-84.75	39.62	21.15
183	534	525	244	202	206	192	-17.15	-45.31	-17.94	11419.87	-3255.48	10800.59	-83.76	65.44	7.54
184	534	525	243	202	206	192	-17.06	-45.33	-17.90	11429.48	-3250.70	10799.76	-82.32	61.22	-18.73
183	533	526	243	202	206	193	-17.12	-45.39	-17.94	11433.20	-3261.37	10803.77	-88.11	46.56	-28.55
184	533	525	243	202	205	191	-17.12	-45.45	-17.94	11438.54	-3261.90	10802.98	-90.60	33.68	-49.67
184	534	526	243	202	206	192	-17.13	-45.52	-17.92	11440.02	-3259.60	10799.63	-95.27	17.10	-63.79
184	533	525	244	201	206	192	-17.18	-45.61	-17.94	11434.42	-3260.42	10789.85	-105.06	1.94	-80.50
183	534	526	244	203	206	193	-17.23	-45.67	-17.93	11430.10	-3256.60	10768.16	-116.40	-4.95	-94.12
184	533	526	243	202	206	193	-17.29	-45.59	-18.00	11415.79	-3267.97	10771.75	-116.58	-7.46	-116.87
183	534	526	243	202	206	193	-17.14	-45.57	-17.93	11408.20	-3251.17	10760.76	-107.95	-0.28	-142.42
183	534	526	243	202	206	193	-17.06	-45.51	-17.88	11394.19	-3236.82	10761.53	-112.86	5.18	-147.60
183	533	525	243	202	205	192	-17.05	-45.52	-17.90	11383.48	-3236.37	10760.65	-113.31	-8.68	-151.97
184	534	526	244	202	205	192	-17.11	-45.48	-17.92	11379.71	-3239.16	10759.42	-119.75	0.50	-142.92
184	534	526	244	202	206	192	-17.22	-45.43	-18.01	11376.12	-3258.20	10759.25	-120.76	10.28	-139.18
184	533	526	243	202	207	193	-17.31	-45.35	-18.04	11376.92	-3263.29	10754.88	-134.32	31.37	-133.27
183	533	526	242	202	205	192	-17.43	-45.35	-18.09	11385.67	-3276.52	10759.94	-148.66	38.20	-129.20
184	534	526	243	202	205	192	-17.45	-45.23	-18.13	11377.59	-3283.70	10767.34	-141.07	55.44	-140.64
184	533	526	242	202	206	193	-17.28	-45.12	-18.02	11370.11	-3258.51	10772.37	-144.02	75.32	-135.66
184	534	526	243	202	206	193	-17.16	-45.07	-17.98	11363.40	-3246.39	10782.76	-142.37	76.15	-128.78
183	534	526	243	202	205	192	-16.89	-44.94	-17.83	11356.83	-3213.47	10797.82	-133.50	100.09	-113.89
184	533	526	243	202	206	192	-16.37	-44.74	-17.64	11342.99	-3168.19	10839.33	-101.93	112.54	-81.05
184	533	526	243	202	206	192	-15.84	-44.68	-17.46	11327.24	-3124.98	10878.96	-57.88	92.51	-34.74
184	533	526	243	202	205	192	-15.30	-44.61	-17.22	11322.68	-3072.73	10916.21	-17.69	83.04	44.79
184	534	526	243	202	206	192	-14.91	-44.70	-17.11	11321.34	-3049.90	10939.20	39.15	45.03	126.80
184	534	525	243	202	206	192	-14.64	-44.82	-17.05	11334.28	-3040.60	10940.84	107.09	24.08	211.66
183	533	525	243	202	206	192	-14.42	-44.88	-17.06	11332.36	-3042.97	10945.40	181.59	-0.72	281.38
184	533	526	243	202	206	192	-14.33	-45.02	-17.10	11341.34	-3053.82	10928.33	245.41	-16.04	342.96
183	533	526	243	202	206	192	-14.45	-45.12	-17.21	11346.48	-3078.73	10896.91	291.39	-24.98	402.81
184	533	526	243	202	206	193	-14.66	-45.17	-17.38	11364.75	-3120.20	10873.47	339.57	-13.09	452.82
184	533	526	243	202	206	192	-14.72	-45.11	-17.56	11368.72	-3158.79	10878.59	405.19	-7.43	466.83
183	533	526	243	202	206	192	-14.60	-45.06	-17.63	11353.88	-3169.45	10878.66	466.33	-10.81	479.54
183	533	525	243	202	206	192	-14.62	-45.14	-17.67	11335.99	-3171.58	10853.53	497.41	-27.62	505.76
184	533	526	243	201	206	193	-14.76	-45.15	-17.76	11323.99	-3187.80	10829.45	513.39	-23.74	545.53
184	533	525	243	202	205	193	-14.76	-45.03	-17.87	11313.59	-3207.61	10840.58	553.77	-14.90	571.50
184	533	525	243	202	205	192	-14.70	-45.04	-17.93	11299.31	-3216.23	10853.15	584.43	-45.81	606.07
184	533	526	243	202	206	192	-14.91	-45.16	-18.08	11294.54	-3245.41	10849.89	593.96	-88.12	654.57
184	533	526	243	202	204	192	-15.19	-45.37	-18.23	11299.81	-3279.54	10820.60	606.06	-123.66	675.89
184	533	525	243	201	205	192	-15.41	-45.40	-18.35	11296.02	-3303.57	10789.97	622.51	-115.88	678.80
184	533	526	243	202	206	192	-15.39	-45.37	-18.35	11281.62	-3299.39	10765.47	642.29	-99.08	668.96
184	533	526	244	202	206	192	-15.28	-45.33	-18.30	11275.14	-3285.42	10751.40	651.97	-75.73	672.16
183	532	525	243	202	205	192	-15.11	-45.21	-18.22	11270.58	-3268.15	10762.63	656.77	-55.44	675.70
184	533	526	243	202	205	192	-14.87	-45.18	-18.05	11273.85	-3231.94	10759.49	654.58	-28.92	699.12
183	532	526	243	202	207	193	-14.73	-45.11	-17.95	11281.56	-3213.54	10777.52	647.41	-18.62	731.51
183	532	525	243	202	206	192	-14.66	-45.10	-17.88	11295.08	-3204.07	10788.24	650.08	-3.79	765.03
183	533	526	243	202	206	192	-14.61	-45.05	-17.87	11321.53	-3208.66	10816.43	661.78	6.70	796.48
183	533	526	243	202	205	192	-14.53	-45.02	-17.87	11334.25	-3214.03	10834.81	688.79	11.71	817.81
184	533	525	243	202	206	192	-14.31	-45.03	-17.80	11342.54	-3201.33	10864.67	715.20	-1.92	845.77
183	533	526	243	202	206	192	-14.11	-45.12	-17.71	11357.81	-3186.46	10885.24	741.44	-29.93	879.68
184	533	525	243	202	205	192	-13.99	-45.32	-17.61	11378.72	-3172.54	10895.77	748.87	-70.88	925.05
183	533	525	243	202	206	192	-14.03	-45.54	-17.59	11406.79	-3178.31	10889.98	762.13	-112.19	966.44
183	533	525	243	202	206	193	-14.05	-45.76	-17.64	11418.65	-3192.80	10891.69	795.67	-161.78	982.27
183	533	525	243	201	205	192	-13.98	-46.00	-17.63	11430.71	-3193.16	10872.90	829.59	-202.54	993.56
184	533	525	243	202	205	192	-14.01	-46.16	-17.64	11435.38	-3196.30	10854.26	852.16	-226.26	1009.58
183	532	525	243	202	206	192	-14.13	-46.29	-17.68	11434.21	-3206.68	10827.94	864.70	-248.35	1021.85
183	532	525	242	202	206	192	-14.27	-46.34	-17.79	11433.90	-3229.55	10807.55	874.01	-263.63	1029.21
183	532	524	243	202	205	192	-14.39	-46.35	-17.92	11425.40	-3253.47	10801.77	893.66	-287.40	1017.50
184	532	524	243	201	206	192	-14.39	-46.40	-17.96	11417.53	-3260.00	10786.88	913.73	-298.88	1009.07
183	532	524	243	201	206	192	-14.34	-46.34	-17.98	11401.46	-3258.80	10771.54	932.79	-287.74	1007.82
183	531	524	242	201	205	192	-14.38	-46.31	-17.99	11390.58	-3258.26	10769.16	931.75	-299.50	1009.23
183	532	524	243	202	205	191	-14.43	-46.29	-18.07	11382.25	-3271.94	10768.50	941.47	-313.17	1010.12
183	531	524	243	201	206	192	-14.39	-46.35	-18.06	11387.94	-3271.15	10749.88	956.54	-310.82	1013.86
183	531	524	242	201	205	192	-14.36	-46.44	-17.99	11380.14	-3253.99	10731.58	953.12	-320.62	1033.97
183	531	524	242	201	205	192	-14.50	-46.43	-18.06	11383.54	-3271.09	10733.40	949.06	-328.69	1050.07
183	531	524	243	201	206	192	-14.56	-46.49	-18.07	11389.16	-3274.54	10716.53	948.06	-328.21	1066.57
183	531	524	243	202	205	191	-14.80	-46.56	-18.17	11388.90	-3296.21	10704.31	928.80	-345.65	1087.29
183	531	524	242	201	205	192	-15.15	-46.69	-18.27	11396.46	-3320.00	10662.69	903.51	-344.67	1104.12
183	531	524	242	202	205	192	-15.42	-46.76	-18.35	11417.63	-3344.00	10635.35	887.39	-329.78	1097.47
183	531	524	243	201	206	192	-15.53	-46.74	-18.36	11442.75	-3355.00	10616.59	885.52	-291.24	1065.99
183	531	524	243	201	205	192	-15.49	-46.62	-18.32	11447.21	-3347.85	10620.96	872.59	-259.73	1039.49
182	531	524	243	201	205	192	-15.60	-46.58	-18.36	11461.45	-3360.66	10632.91	854.56	-253.49	1018.97
182	531	523	242	201	205	192	-15.57	-46.46	-18.39	11472.78	-3370.62	10656.06	860.99	-235.57	1001.17
182	531	523	242	201	205	192	-15.53	-46.40	-18.39	11462.74	-3367.29	10678.26	847.69	-249.99	995.36
183	531	523	242	200	205	192	-15.75	-46.46	-18.45	11470.00	-3383.93	10671.55	817.25	-266.79	1002.14
182	531	524	242	201	205	191	-16.04	-46.49	-18.62	11468.70	-3418.13	10649.57	798.64	-270.75	1006.94
183	531	524	242	201	205	191	-16.15	-46.50	-18.76	11458.47	-3444.42	10646.29	806.51	-278.61	985.94
182	531	524	242	201	205	191	-16.28	-46.52	-18.81	11454.95	-3454.80	10630.58	801.08	-278.23	961.04
183	531	524	243	202	205	192	-16.47	-46.48	-18.86	11440.20	-3462.46	10621.85	767.53	-276.07	953.44
183	531	524	243	200	205	191	-16.60	-46.55	-18.88	11438.99	-3465.94	10603.75	742.70	-281.67	934.82
182	531	524	242	201	205	192	-16.69	-46.52	-18.91	11435.24	-3469.24	10587.57	720.02	-263.89	911.48
182	531	523	242	201	204	191	-16.73	-46.45	-18.85	11436.28	-3458.38	10578.99	691.97	-236.09	884.50
182	531	524	242	201	205	192	-16.66	-46.37	-18.80	11443.06	-3449.06	10577.04	671.47	-217.64	856.23
182	531	524	242	202	206	192	-16.54	-46.28	-18.72	11453.11	-3435.01	10589.19	665.14	-191.10	840.17
182	531	524	242	202	204	191	-16.43	-46.13	-18.65	11454.25	-3421.26	10603.73	657.64	-163.05	836.06
182	531	524	243	201	205	192	-16.40	-46.07	-18.68	11454.94	-3426.39	10630.14	642.00	-164.85	838.06
183	531	524	243	202	205	192	-16.56	-46.08	-18.77	11472.60	-3452.87	10648.23	633.85	-171.30	840.75
182	531	525	242	202	205	191	-16.69	-46.14	-18.81	11485.37	-3465.63	10640.82	623.76	-171.64	837.82
182	532	524	243	202	205	191	-16.81	-46.25	-18.86	11490.70	-3477.55	10631.98	622.57	-186.56	829.62
183	531	524	243	202	205	191	-16.89	-46.26	-18.88	11493.56	-3484.67	10615.58	623.64	-181.28	813.49
183	532	525	243	202	206	191	-16.94	-46.33	-18.89	11502.08	-3488.64	10593.40	615.26	-182.77	794.77
183	532	525	243	201	205	191	-17.03	-46.36	-18.92	11507.18	-3496.21	10585.33	603.85	-180.73	779.23
183	532	525	243	202	206	191	-16.99	-46.28	-18.94	11504.82	-3500.60	10600.26	604.01	-182.04	763.72
183	532	525	243	202	205	192	-16.94	-46.28	-18.94	11508.98	-3502.97	10598.25	608.61	-179.24	752.48
183	532	524	243	202	205	191	-16.92	-46.29	-18.92	11499.33	-3493.62	10596.14	601.63	-182.43	743.96
183	532	525	243	202	205	191	-16.93	-46.40	-18.90	11505.76	-3491.34	10585.73	596.94	-195.21	739.31
183	532	524	242	201	205	191	-16.85	-46.40	-18.88	11508.88	-3488.57	10578.44	604.15	-183.65	742.65
182	532	524	243	202	206	191	-16.89	-46.30	-18.95	11500.63	-3501.74	10583.12	596.99	-182.56	750.96
182	532	525	243	201	206	191	-17.00	-46.35	-19.00	11513.20	-3516.65	10590.37	599.74	-193.58	749.51
182	532	524	242	202	206	191	-17.08	-46.34	-19.03	11518.94	-3525.62	10584.65	592.55	-181.91	756.39
182	532	525	243	202	205	191	-17.14	-46.35	-19.07	11516.59	-3533.74	10579.82	599.93	-182.16	754.62
182	532	524	243	201	205	190	-17.16	-46.34	-19.10	11517.16	-3539.45	10575.62	603.18	-179.95	743.39
182	532	525	243	203	206	191	-17.22	-46.36	-19.13	11511.10	-3545.08	10565.24	600.47	-175.10	737.87
182	532	525	243	202	206	190	-17.24	-46.37	-19.14	11510.95	-3545.83	10558.58	596.40	-172.05	736.88
182	532	525	243	202	206	190	-17.25	-46.42	-19.13	11522.60	-3547.74	10549.45	593.08	-165.90	736.33
182	532	525	243	202	205	191	-17.31	-46.46	-19.15	11533.27	-3556.75	10539.98	586.82	-159.65	735.67
182	532	525	243	202	205	190	-17.37	-46.48	-19.19	11545.61	-3568.71	10536.38	583.58	-156.52	724.48
182	532	525	243	202	206	191	-17.37	-46.35	-19.22	11538.73	-3572.88	10546.76	581.95	-138.84	718.26
182	532	525	243	202	205	191	-17.33	-46.33	-19.23	11540.39	-3575.03	10556.42	593.06	-136.10	707.25
182	532	525	243	201	206	191	-17.24	-46.41	-19.21	11541.77	-3571.08	10553.20	597.20	-149.40	695.78
182	532	525	243	202	206	190	-17.31	-46.44	-19.21	11540.48	-3572.53	10554.74	581.59	-150.68	706.09
182	532	525	243	202	205	191	-17.42	-46.52	-19.21	11554.26	-3576.30	10541.40	564.26	-146.94	716.39
182	532	525	243	201	206	190	-17.58	-46.52	-19.26	11563.34	-3590.68	10534.33	548.10	-141.55	716.77
182	532	525	243	202	204	190	-17.50	-46.54	-19.23	11570.98	-3586.35	10530.62	561.34	-144.07	694.83
182	532	525	243	201	205	190	-17.38	-46.56	-19.21	11568.63	-3581.23	10533.69	563.03	-151.96	680.19
182	532	524	243	201	206	190	-17.33	-46.65	-19.14	11577.00	-3568.17	10525.00	556.03	-157.42	673.28
182	532	525	243	201	205	190	-17.43	-46.58	-19.21	11563.75	-3580.76	10525.15	551.02	-154.50	665.42
182	532	525	243	201	206	189	-17.40	-46.60	-19.22	11569.76	-3584.32	10531.09	556.72	-156.27	652.00
181	532	525	242	201	204	190	-17.34	-46.62	-19.19	11566.87	-3577.11	10533.34	560.34	-167.36	646.25
182	532	525	243	202	205	190	-17.41	-46.66	-19.20	11571.33	-3579.85	10526.27	550.42	-169.89	654.03
181	532	524	243	202	206	190	-17.55	-46.69	-19.24	11564.96	-3586.86	10515.16	540.25	-172.70	656.13
182	531	524	243	202	206	190	-17.64	-46.73	-19.27	11567.51	-3594.52	10506.20	542.09	-178.06	647.92
182	532	525	243	202	205	190	-17.65	-46.76	-19.29	11564.74	-3598.79	10493.89	547.28	-185.76	635.43
182	532	525	243	201	205	190	-17.68	-46.78	-19.29	11570.10	-3599.65	10480.79	547.72	-177.17	628.91
182	532	524	243	202	206	190	-17.55	-46.76	-19.22	11568.19	-3584.47	10472.55	562.43	-165.46	625.96
182	532	525	243	202	206	189	-17.52	-46.77	-19.23	11565.98	-3584.45	10475.13	561.11	-169.44	634.76
182	532	525	243	202	205	189	-17.64	-46.81	-19.23	11572.28	-3586.62	10471.17	542.06	-176.07	650.98
181	531	525	243	201	206	189	-17.80	-46.81	-19.31	11577.67	-3606.29	10467.81	536.00	-176.96	659.48
182	532	524	243	202	205	190	-17.86	-46.83	-19.38	11583.39	-3623.78	10461.42	548.90	-171.71	648.05
182	531	525	243	202	206	190	-17.94	-46.85	-19.34	11590.42	-3618.99	10444.75	537.91	-160.13	645.70
182	531	524	242	202	205	190	-18.04	-46.86	-19.38	11592.70	-3626.24	10437.31	531.51	-158.47	645.07
182	532	525	243	202	205	190	-18.06	-46.88	-19.36	11600.46	-3625.33	10426.85	525.74	-147.15	644.11
182	532	525	243	202	205	189	-18.06	-46.84	-19.40	11601.44	-3634.46	10432.10	525.95	-143.69	632.76
182	531	524	243	202	205	190	-18.07	-46.86	-19.38	11603.57	-3631.34	10418.70	514.40	-141.81	626.62
182	532	525	243	202	206	190	-18.12	-46.91	-19.38	11610.59	-3632.17	10411.56	507.53	-140.02	625.74
182	532	524	243	202	206	190	-18.16	-46.85	-19.40	11604.46	-3635.56	10407.79	501.66	-129.12	628.00
182	531	525	243	202	205	189	-18.23	-46.81	-19.44	11611.64	-3647.38	10411.60	495.82	-123.41	622.45
181	531	525	243	202	206	190	-18.29	-46.75	-19.46	11613.65	-3651.21	10419.82	485.48	-118.84	619.08
182	531	525	243	201	206	189	-18.28	-46.76	-19.43	11621.37	-3649.65	10407.82	474.71	-111.55	615.82
182	532	525	243	202	206	189	-18.38	-46.75	-19.46	11619.70	-3655.97	10398.03	462.02	-105.12	612.93
182	531	525	243	202	205	189	-18.43	-46.72	-19.49	11619.92	-3661.17	10392.13	458.72	-90.96	607.94
182	531	525	243	202	206	189	-18.36	-46.68	-19.50	11615.72	-3662.71	10387.12	465.28	-81.72	602.69
183	532	525	243	202	206	190	-18.40	-46.65	-19.52	11614.94	-3666.38	10388.97	457.97	-75.23	608.65
182	531	525	243	202	206	189	-18.49	-46.64	-19.55	11621.39	-3676.66	10392.32	447.07	-75.77	612.02
182	531	525	243	202	206	190	-18.64	-46.70	-19.58	11627.72	-3684.63	10380.10	426.32	-73.18	623.47
182	531	525	243	202	206	189	-18.86	-46.62	-19.66	11630.33	-3703.59	10368.70	403.90	-52.97	631.05
182	531	525	243	202	206	189	-18.91	-46.58	-19.75	11629.62	-3723.61	10373.46	416.16	-55.62	607.15
182	531	525	243	202	206	190	-18.82	-46.52	-19.75	11620.74	-3719.63	10373.79	425.60	-51.84	587.39
182	531	525	243	202	204	189	-18.85	-46.55	-19.70	11620.50	-3707.85	10364.50	408.27	-46.65	596.62
181	531	525	243	201	206	189	-18.98	-46.56	-19.76	11619.07	-3721.06	10361.88	389.41	-52.92	604.49
182	531	525	243	202	205	189	-19.14	-46.55	-19.86	11624.72	-3746.01	10362.78	382.84	-48.62	596.61
182	531	525	243	202	206	189	-19.18	-46.58	-19.90	11640.48	-3759.51	10362.04	388.74	-49.34	580.63
182	531	525	243	202	206	189	-19.25	-46.56	-19.97	11634.26	-3772.33	10368.94	377.81	-53.97	574.15
182	531	525	243	202	206	189	-19.42	-46.59	-20.08	11632.34	-3797.11	10373.89	363.27	-76.37	559.19
182	531	525	243	202	205	190	-19.54	-46.60	-20.18	11636.53	-3820.06	10377.20	366.15	-76.11	531.73
182	532	524	243	202	206	189	-19.46	-46.59	-20.19	11633.50	-3821.06	10376.54	377.40	-74.40	495.10
182	532	525	243	202	206	189	-19.47	-46.51	-20.20	11618.83	-3819.40	10373.91	364.53	-61.78	469.54
182	532	525	242	202	206	190	-19.37	-46.53	-20.15	11621.48	-3808.83	10359.22	367.10	-56.34	449.17
182	532	524	243	202	205	189	-19.15	-46.34	-20.09	11603.81	-3789.99	10353.26	389.04	-15.22	446.71
182	532	525	243	202	205	188	-19.01	-46.23	-20.08	11587.22	-3780.29	10370.99	399.44	-12.06	439.12
181	532	525	243	202	206	188	-18.96	-46.24	-20.02	11585.46	-3767.48	10377.24	386.17	-9.61	439.67
182	532	524	243	202	205	188	-18.99	-46.23	-20.04	11585.58	-3771.70	10372.78	389.31	0.82	448.88
181	532	525	243	202	204	189	-18.98	-46.16	-20.05	11587.31	-3774.72	10384.14	390.65	11.63	459.59
182	532	525	243	202	206	189	-18.95	-46.22	-19.97	11602.54	-3761.18	10382.13	374.81	20.95	469.66
182	532	525	243	201	206	189	-19.06	-46.06	-19.98	11600.61	-3763.12	10393.83	342.97	56.15	492.18
181	532	525	243	202	205	189	-19.03	-46.05	-20.03	11604.38	-3776.57	10411.34	355.17	43.89	493.82
182	532	525	243	202	205	188	-18.87	-46.07	-19.99	11616.36	-3770.54	10425.77	377.57	35.90	480.98
181	532	525	243	202	206	189	-18.82	-46.15	-19.95	11615.95	-3761.21	10435.08	369.54	9.80	470.98
181	532	525	243	202	206	190	-18.91	-46.27	-19.97	11617.95	-3766.15	10442.73	350.96	-29.44	478.38
182	532	525	243	201	205	190	-19.02	-46.45	-20.03	11641.05	-3788.84	10432.99	375.61	-52.26	471.46
181	532	524	243	202	206	190	-18.94	-46.42	-20.04	11646.20	-3792.40	10423.54	409.98	-28.80	461.04
181	532	524	243	202	206	190	-19.00	-46.43	-20.05	11641.09	-3794.98	10421.56	411.78	-28.81	451.48
181	532	525	243	202	206	191	-19.14	-46.41	-20.13	11637.03	-3810.43	10414.09	404.14	-27.57	449.46
181	532	524	243	202	205	190	-19.15	-46.37	-20.23	11633.78	-3830.51	10405.38	427.19	-19.14	433.79
180	532	524	243	202	205	190	-19.17	-46.23	-20.30	11607.49	-3838.98	10402.51	438.43	-5.64	422.20
181	532	525	243	202	205	191	-19.27	-46.28	-20.32	11595.92	-3837.64	10387.99	414.71	-13.15	427.14
180	532	525	243	202	205	190	-19.42	-46.19	-20.43	11589.12	-3858.15	10395.99	403.72	-4.25	428.73
180	532	524	243	201	205	189	-19.47	-46.13	-20.47	11584.26	-3866.85	10400.79	403.23	2.72	418.79
180	532	525	243	202	206	190	-19.50	-46.05	-20.49	11582.65	-3870.70	10406.75	393.92	18.18	417.35
180	532	525	243	202	206	189	-19.50	-46.04	-20.45	11584.52	-3863.37	10404.41	380.98	28.37	416.89
180	532	525	243	202	205	190	-19.49	-46.05	-20.42	11585.69	-3856.80	10407.99	369.83	29.75	416.54
180	532	525	243	202	205	191	-19.40	-46.00	-20.37	11587.01	-3846.96	10415.99	363.89	38.42	410.97
180	532	525	243	200	205	190	-19.42	-45.95	-20.36	11585.26	-3842.01	10429.19	349.64	44.94	412.67
179	532	525	243	202	206	191	-19.37	-45.98	-20.31	11598.19	-3837.71	10434.73	349.56	49.60	415.78
180	532	524	243	202	206	190	-19.30	-45.94	-20.29	11595.28	-3831.03	10444.79	354.68	50.17	407.94
180	531	524	242	202	205	190	-19.30	-45.92	-20.28	11605.52	-3831.87	10445.55	350.25	59.61	408.05
180	532	525	243	202	206	190	-19.31	-45.90	-20.28	11608.24	-3834.28	10445.68	352.04	71.88	396.20
180	532	525	243	202	207	190	-19.28	-45.84	-20.33	11597.23	-3839.77	10461.99	357.48	63.13	374.64
180	532	524	243	202	205	190	-19.31	-45.81	-20.36	11596.77	-3846.38	10467.09	352.51	66.23	361.35
180	532	524	243	202	206	190	-19.33	-45.83	-20.34	11595.33	-3842.66	10454.14	351.23	76.92	342.64
180	532	524	243	202	206	190	-19.33	-45.84	-20.34	11591.97	-3840.93	10448.23	351.17	79.02	328.00
180	532	525	243	202	206	190	-19.40	-45.77	-20.41	11579.97	-3852.08	10453.22	347.06	81.17	315.45
180	532	525	242	201	205	190	-19.32	-45.80	-20.37	11582.37	-3844.48	10449.36	353.76	78.51	298.23
180	532	525	243	202	206	190	-19.33	-45.79	-20.35	11567.05	-3833.65	10457.29	329.47	73.04	303.77
180	532	525	243	202	206	190	-19.47	-45.88	-20.36	11570.70	-3836.37	10456.23	312.60	55.08	300.68
180	532	524	243	202	205	190	-19.44	-45.89	-20.35	11568.36	-3833.55	10444.62	316.67	56.53	288.10
180	532	525	242	201	205	190	-19.36	-45.80	-20.32	11540.95	-3817.87	10435.79	313.94	70.55	284.69
180	532	525	243	202	205	190	-19.32	-45.77	-20.33	11528.90	-3814.18	10443.80	307.54	63.08	268.31
180	532	524	243	202	205	190	-19.31	-45.73	-20.35	11512.05	-3813.07	10451.81	299.61	56.02	256.49
180	532	524	243	202	205	190	-19.39	-45.79	-20.33	11527.85	-3814.82	10432.82	292.18	64.17	249.17
180	532	524	243	202	205	189	-19.51	-45.67	-20.38	11524.86	-3823.28	10416.97	286.12	107.81	247.81
180	531	524	243	202	205	189	-19.58	-45.46	-20.47	11506.21	-3838.91	10440.53	279.12	128.22	225.87
180	532	525	243	202	206	189	-19.41	-45.41	-20.41	11515.50	-3827.17	10453.10	295.46	147.16	202.23
180	531	524	243	202	205	188	-19.18	-45.37	-20.26	11513.93	-3793.01	10466.84	295.79	161.40	205.16
180	531	524	243	202	206	188	-19.27	-45.30	-20.21	11506.03	-3780.76	10455.50	252.65	190.08	241.56
180	531	524	243	202	206	187	-19.50	-45.20	-20.33	11499.33	-3803.92	10448.13	236.47	214.63	249.78
180	531	525	243	201	205	186	-19.45	-45.07	-20.32	11508.76	-3804.32	10453.92	245.19	258.10	223.84
180	531	524	243	202	206	186	-19.37	-44.91	-20.27	11504.92	-3793.91	10461.82	239.53	297.94	204.20
180	531	525	243	202	205	186	-19.34	-44.82	-20.22	11503.48	-3780.81	10470.53	216.61	324.39	196.74
180	531	525	243	202	206	187	-19.45	-44.72	-20.29	11501.10	-3796.37	10497.41	200.13	325.73	187.80
180	531	524	243	202	205	187	-19.63	-44.65	-20.40	11511.25	-3823.75	10520.74	182.02	328.69	174.26
180	531	524	243	202	205	187	-19.78	-44.63	-20.47	11516.89	-3841.17	10532.70	169.32	331.65	151.95
179	531	525	243	202	206	187	-19.88	-44.66	-20.48	11522.24	-3845.91	10536.06	144.55	329.52	133.65
180	531	525	243	202	206	186	-20.01	-44.68	-20.51	11522.73	-3852.61	10547.46	121.72	321.55	107.07
180	531	524	243	202	206	187	-20.04	-44.69	-20.52	11519.59	-3853.18	10555.89	103.04	310.32	76.36
179	531	525	243	202	205	187	-20.18	-44.71	-20.53	11502.21	-3850.92	10554.49	55.84	295.30	61.40
179	531	524	242	201	206	187	-20.45	-44.76	-20.62	11505.50	-3871.18	10552.17	13.19	283.79	36.98
179	531	524	242	202	206	186	-20.57	-44.72	-20.69	11503.83	-3885.02	10549.96	-0.51	293.95	-5.32
179	531	524	242	202	205	187	-20.57	-44.54	-20.71	11478.63	-3880.97	10566.06	-24.19	309.80	-44.56
180	531	524	243	201	205	187	-20.52	-44.49	-20.66	11471.30	-3867.12	10582.36	-49.38	305.31	-82.63
180	531	524	243	202	206	187	-20.60	-44.42	-20.68	11452.94	-3863.36	10597.04	-92.51	299.94	-104.80
180	531	524	243	202	206	187	-20.71	-44.40	-20.68	11453.49	-3864.39	10604.79	-132.44	299.60	-124.11
180	531	524	243	202	206	188	-20.74	-44.30	-20.72	11450.41	-3871.17	10626.55	-142.51	309.12	-160.85
180	531	524	243	202	205	187	-20.59	-44.27	-20.59	11442.29	-3840.61	10636.42	-168.34	312.31	-191.61
180	530	524	243	202	206	187	-20.75	-44.24	-20.64	11433.18	-3848.78	10650.80	-211.67	299.80	-212.08
180	531	524	243	202	205	187	-20.64	-44.18	-20.66	11433.92	-3852.34	10663.86	-200.24	301.86	-257.93
180	530	524	243	202	205	187	-20.25	-44.09	-20.51	11405.22	-3807.13	10683.87	-195.38	305.11	-282.98
180	531	524	243	202	206	187	-20.15	-44.14	-20.39	11382.56	-3774.77	10692.87	-228.56	275.86	-279.73
180	530	524	243	202	206	187	-20.28	-44.18	-20.45	11373.03	-3782.43	10701.83	-254.88	252.42	-277.24
180	530	525	243	202	206	187	-20.27	-44.15	-20.50	11364.58	-3790.31	10696.54	-249.03	249.39	-292.48
180	530	524	243	202	205	187	-20.13	-44.13	-20.45	11360.95	-3779.60	10699.31	-232.33	257.77	-309.96
180	531	525	242	202	205	187	-20.04	-44.06	-20.41	11341.91	-3763.62	10700.94	-240.32	264.94	-310.36
180	530	525	243	202	204	187	-20.17	-44.10	-20.45	11346.81	-3773.63	10703.50	-258.55	258.79	-309.99
180	530	524	243	202	206	187	-20.25	-44.02	-20.50	11351.67	-3786.75	10700.52	-257.52	286.30	-316.99
180	530	524	242	202	206	187	-20.38	-43.97	-20.57	11344.49	-3800.81	10692.50	-262.10	298.73	-327.84
180	530	524	243	201	206	186	-20.39	-44.01	-20.57	11344.26	-3798.97	10688.87	-268.04	296.50	-342.45
180	530	524	243	202	207	187	-20.50	-44.01	-20.60	11343.25	-3805.23	10685.23	-287.09	301.52	-366.48
180	530	524	243	202	206	186	-20.48	-44.03	-20.54	11350.29	-3794.96	10680.37	-299.29	315.05	-402.05
180	530	524	243	201	205	187	-20.43	-43.99	-20.46	11346.77	-3775.02	10676.75	-322.77	335.54	-430.45
179	530	524	243	202	206	187	-20.46	-44.01	-20.40	11345.83	-3762.87	10682.71	-360.73	330.27	-444.73
180	530	524	242	202	206	188	-20.56	-44.06	-20.39	11352.74	-3763.32	10681.17	-386.55	328.10	-453.74
180	530	525	243	201	206	188	-20.57	-44.05	-20.39	11360.10	-3765.36	10692.71	-396.27	328.80	-464.90
180	530	524	243	202	205	187	-20.68	-43.98	-20.44	11347.90	-3772.09	10701.28	-420.56	328.31	-475.56
180	530	524	243	202	206	187	-20.69	-44.01	-20.38	11347.90	-3759.68	10708.41	-453.48	321.14	-472.98
179	530	524	243	202	206	187	-20.68	-44.04	-20.37	11348.51	-3757.70	10712.39	-459.30	313.24	-480.73
180	530	524	243	202	206	188	-20.62	-43.95	-20.38	11330.48	-3751.41	10725.97	-466.29	312.12	-496.65
180	530	524	243	202	206	188	-20.50	-43.96	-20.30	11323.76	-3732.04	10736.08	-475.82	302.77	-509.01
180	530	524	243	202	206	187	-20.31	-43.95	-20.19	11310.17	-3703.24	10739.07	-480.23	300.78	-512.16
180	530	524	243	202	205	187	-20.29	-43.91	-20.18	11301.86	-3697.48	10751.72	-494.72	297.14	-493.40
180	530	524	242	202	205	187	-20.42	-43.88	-20.26	11307.57	-3717.40	10765.73	-502.39	294.88	-490.43
180	529	525	243	202	206	187	-20.32	-43.81	-20.26	11308.59	-3718.73	10773.64	-479.92	308.69	-506.01
180	530	524	243	203	206	187	-20.12	-43.78	-20.17	11301.16	-3696.00	10774.96	-468.57	318.30	-508.11
180	529	524	243	202	205	187	-20.04	-43.77	-20.13	11287.90	-3681.80	10772.61	-470.94	317.34	-496.71
180	529	524	243	202	205	186	-20.12	-43.81	-20.18	11286.91	-3692.31	10771.38	-471.84	312.87	-491.52
180	529	524	243	202	205	187	-20.11	-43.78	-20.20	11289.56	-3698.69	10764.41	-455.25	322.58	-488.65
180	529	524	243	201	206	187	-20.11	-43.76	-20.21	11281.68	-3698.56	10763.99	-454.94	319.75	-478.21
180	529	524	243	202	206	187	-20.23	-43.86	-20.28	11288.20	-3714.83	10759.19	-459.49	307.41	-468.80
180	529	524	243	201	206	186	-20.34	-43.83	-20.40	11291.59	-3742.89	10766.43	-458.97	309.79	-466.56
180	529	524	243	201	205	187	-20.50	-43.86	-20.46	11298.01	-3756.14	10754.31	-469.07	316.95	-474.38
180	529	524	243	202	206	187	-20.59	-43.80	-20.48	11300.31	-3763.94	10748.00	-483.27	328.05	-490.41
180	529	524	243	202	206	187	-20.66	-43.75	-20.56	11299.89	-3779.54	10756.80	-486.00	339.35	-515.99
180	529	524	243	202	205	186	-20.55	-43.67	-20.50	11297.70	-3766.56	10766.76	-486.10	358.48	-529.49
180	529	524	243	202	206	186	-20.53	-43.59	-20.47	11284.81	-3754.04	10784.02	-512.60	354.46	-533.17
180	529	524	243	202	206	186	-20.54	-43.56	-20.50	11283.97	-3762.93	10812.02	-509.87	343.54	-542.01
180	529	524	243	202	207	186	-20.44	-43.60	-20.49	11279.37	-3756.39	10831.22	-503.97	327.66	-557.26
180	529	524	243	202	205	186	-20.37	-43.67	-20.41	11273.40	-3737.17	10824.86	-521.63	316.93	-552.05
180	528	524	243	202	206	187	-20.47	-43.68	-20.46	11269.33	-3746.51	10826.41	-536.39	312.08	-550.60
179	529	524	243	202	206	187	-20.41	-43.64	-20.45	11263.47	-3743.18	10828.09	-525.42	314.98	-570.57
180	529	524	243	202	206	186	-20.34	-43.63	-20.40	11256.29	-3728.62	10823.49	-535.00	310.68	-579.89
179	528	524	243	202	206	186	-20.38	-43.60	-20.42	11251.88	-3731.99	10819.91	-546.65	309.19	-588.94
180	528	524	243	202	206	186	-20.27	-43.46	-20.37	11237.69	-3716.39	10820.12	-543.82	325.38	-600.20
180	528	524	243	202	206	185	-20.09	-43.39	-20.34	11213.60	-3699.17	10829.31	-529.33	321.82	-599.24
179	528	524	243	201	205	184	-19.96	-43.31	-20.29	11195.32	-3683.22	10838.64	-526.56	316.82	-577.92
180	528	524	243	202	206	186	-19.89	-43.34	-20.29	11191.15	-3680.05	10846.31	-525.28	302.28	-553.23
179	527	524	243	202	206	186	-19.93	-43.37	-20.34	11188.00	-3690.65	10847.00	-510.22	288.77	-535.67
179	528	524	243	202	205	186	-19.98	-43.41	-20.34	11185.40	-3690.12	10830.05	-509.86	278.68	-520.73
179	528	524	242	202	205	186	-20.21	-43.37	-20.48	11175.93	-3716.61	10819.94	-522.52	281.20	-505.35
179	528	524	243	202	206	186	-20.33	-43.35	-20.56	11175.53	-3733.58	10812.35	-515.39	296.74	-508.58
180	527	524	243	202	206	185	-20.27	-43.32	-20.52	11170.55	-3722.10	10801.73	-514.22	309.45	-510.15
179	528	524	243	202	206	186	-20.33	-43.39	-20.48	11173.23	-3717.00	10793.24	-530.51	312.63	-499.69
180	528	524	243	201	206	185	-20.43	-43.42	-20.50	11177.97	-3721.15	10787.38	-546.23	318.60	-487.36
179	527	524	243	202	206	186	-20.61	-43.39	-20.60	11190.67	-3748.29	10800.61	-552.87	317.32	-492.49
180	527	524	243	202	206	186	-20.65	-43.40	-20.61	11203.53	-3754.88	10812.78	-552.43	319.55	-515.42
180	527	524	243	202	206	186	-20.62	-43.45	-20.64	11208.16	-3763.13	10812.54	-540.86	312.12	-547.99
180	527	524	243	202	205	186	-20.66	-43.46	-20.65	11213.95	-3767.58	10822.12	-548.96	319.62	-572.25
180	527	524	243	202	205	186	-20.64	-43.53	-20.58	11222.85	-3756.40	10822.21	-555.02	317.94	-602.43
180	527	524	243	203	206	184	-20.62	-43.46	-20.50	11217.31	-3736.78	10820.10	-587.92	336.74	-608.76
180	527	524	243	202	206	186	-20.63	-43.43	-20.48	11213.84	-3731.14	10819.29	-593.42	347.50	-623.52
179	527	524	243	201	205	186	-20.56	-43.28	-20.44	11201.95	-3717.98	10819.13	-606.35	381.63	-636.05
180	527	524	243	202	205	185	-20.77	-43.19	-20.49	11186.45	-3722.68	10809.77	-659.63	401.20	-629.74
180	527	524	243	202	206	186	-21.14	-43.04	-20.64	11177.53	-3751.35	10814.48	-701.50	417.64	-629.81
179	527	524	243	202	205	185	-21.28	-42.81	-20.82	11162.25	-3785.58	10846.96	-705.67	433.80	-654.07
179	527	524	243	202	205	186	-21.32	-42.68	-20.86	11158.74	-3791.30	10870.81	-714.69	443.76	-677.61
179	527	524	243	202	206	184	-21.39	-42.68	-20.85	11155.20	-3789.14	10886.07	-749.96	431.48	-689.38
179	527	524	243	202	206	187	-21.40	-42.77	-20.86	11151.44	-3788.28	10877.57	-762.16	418.20	-704.01
180	527	524	243	202	205	186	-21.26	-42.79	-20.78	11145.27	-3769.87	10864.29	-753.20	430.74	-720.91
180	527	524	243	202	205	186	-21.17	-42.75	-20.70	11123.81	-3743.97	10841.87	-766.49	446.95	-719.27
179	527	524	243	202	206	187	-21.28	-42.77	-20.69	11116.22	-3739.17	10837.58	-796.37	450.71	-713.05
180	527	524	243	202	205	186	-21.32	-42.72	-20.72	11127.20	-3750.01	10857.50	-793.45	457.37	-721.55
180	527	524	242	202	204	186	-21.21	-42.69	-20.63	11133.04	-3733.51	10857.42	-794.08	474.55	-721.32
179	527	524	243	202	205	185	-21.43	-42.68	-20.63	11132.79	-3733.84	10856.95	-847.77	486.23	-686.21
179	527	524	243	202	205	185	-21.83	-42.65	-20.85	11143.95	-3784.35	10862.11	-867.68	489.11	-684.00
179	526	524	243	202	206	187	-21.91	-42.53	-21.00	11155.75	-3821.33	10879.20	-840.70	499.61	-727.55
179	526	524	243	202	206	187	-21.72	-42.51	-20.95	11151.37	-3808.06	10901.84	-825.51	491.48	-757.17
179	526	524	243	202	205	187	-21.61	-42.55	-20.88	11137.20	-3788.86	10917.15	-840.09	467.50	-757.41
180	526	524	243	202	206	187	-21.60	-42.62	-20.89	11128.34	-3786.22	10927.29	-851.53	438.53	-750.94
179	526	524	242	202	206	186	-21.61	-42.68	-20.93	11117.92	-3791.11	10926.13	-851.76	416.25	-746.09
179	526	524	243	202	205	186	-21.61	-42.74	-20.94	11112.83	-3792.55	10923.22	-851.32	397.64	-741.59
180	526	524	243	202	205	187	-21.51	-42.77	-20.93	11106.38	-3786.12	10930.06	-850.15	385.46	-736.56
179	526	524	243	202	206	187	-21.48	-42.80	-20.89	11102.06	-3777.82	10933.16	-853.10	369.48	-731.93
179	526	524	243	202	206	187	-21.54	-42.88	-20.89	11110.96	-3779.73	10930.30	-858.99	357.91	-734.94
179	526	524	243	202	206	187	-21.51	-42.88	-20.91	11114.41	-3786.74	10937.98	-840.09	353.82	-757.09
179	526	524	243	203	205	187	-21.31	-42.83	-20.91	11099.89	-3781.20	10949.88	-807.89	345.77	-783.58
180	526	524	243	202	205	187	-20.94	-42.84	-20.80	11086.10	-3752.14	10955.99	-773.39	334.64	-793.20
179	526	524	243	202	206	187	-20.86	-42.88	-20.77	11072.59	-3740.33	10952.19	-771.12	316.70	-774.24
180	526	524	243	202	206	187	-20.88	-43.01	-20.78	11076.16	-3744.72	10946.58	-763.87	290.07	-744.03
179	526	524	242	202	206	187	-20.97	-43.07	-20.91	11071.55	-3769.28	10945.25	-745.62	260.57	-719.63
180	526	524	243	202	206	187	-21.07	-43.14	-21.01	11071.58	-3790.62	10934.79	-725.99	243.19	-708.35
179	526	524	243	202	205	186	-21.30	-43.27	-21.13	11073.40	-3817.89	10910.05	-725.74	222.38	-703.68
180	526	524	243	202	206	187	-21.51	-43.32	-21.24	11083.33	-3844.39	10888.35	-723.46	225.91	-709.25
180	526	524	243	202	206	187	-21.57	-43.38	-21.31	11084.56	-3860.37	10888.93	-714.88	205.21	-734.99
179	527	524	242	202	206	187	-21.60	-43.48	-21.32	11096.53	-3867.95	10888.08	-710.29	183.90	-758.44
179	528	524	243	202	205	187	-21.65	-43.60	-21.29	11112.71	-3866.16	10870.28	-719.82	183.71	-780.26
179	528	524	243	202	206	187	-21.77	-43.65	-21.27	11130.07	-3870.45	10851.96	-735.33	198.87	-791.15
178	528	524	242	201	205	187	-21.80	-43.53	-21.31	11126.57	-3876.73	10860.17	-741.12	214.98	-819.24
179	528	524	243	202	205	187	-21.68	-43.53	-21.24	11132.04	-3864.49	10870.36	-741.31	211.48	-843.08
179	528	524	243	202	206	187	-21.56	-43.63	-21.16	11146.44	-3852.67	10866.04	-730.69	205.41	-856.73
179	528	524	243	202	205	186	-21.42	-43.61	-21.12	11146.31	-3842.83	10868.94	-713.26	208.74	-874.94
179	529	524	243	202	206	187	-21.29	-43.71	-21.05	11149.60	-3829.89	10876.29	-706.45	180.10	-896.19
179	528	524	243	202	205	187	-21.32	-43.93	-20.98	11173.72	-3823.20	10858.48	-716.07	158.34	-903.93
179	529	524	243	203	206	187	-21.15	-44.00	-20.90	11181.83	-3809.24	10856.95	-696.37	148.08	-934.69
179	528	525	243	202	206	187	-20.89	-44.05	-20.72	11192.74	-3774.17	10841.11	-678.80	166.02	-952.45
179	529	525	243	202	206	187	-20.81	-44.01	-20.61	11192.50	-3751.87	10834.05	-693.41	186.87	-953.03
180	529	524	243	202	206	188	-21.01	-43.93	-20.69	11189.28	-3766.07	10835.55	-721.34	194.48	-974.38
180	528	524	243	202	205	187	-21.14	-43.95	-20.74	11203.62	-3784.77	10830.97	-719.52	197.55	-1026.01
181	528	524	243	201	205	188	-20.89	-43.91	-20.53	11224.23	-3746.93	10801.22	-698.90	261.03	-1067.61
180	528	524	243	202	206	188	-20.79	-43.67	-20.53	11208.62	-3739.38	10808.16	-696.85	309.42	-1088.63
181	529	524	243	201	206	188	-20.40	-43.63	-20.40	11208.79	-3711.61	10838.75	-654.91	299.40	-1127.25
180	528	524	243	202	205	188	-20.12	-43.63	-20.18	11203.15	-3662.03	10853.41	-669.77	296.23	-1118.14
180	528	524	243	201	206	188	-20.20	-43.70	-20.14	11210.59	-3656.13	10861.14	-700.48	275.67	-1092.23
181	528	524	243	201	206	188	-20.15	-43.76	-20.09	11218.46	-3647.92	10855.89	-688.70	270.74	-1094.62
181	529	524	243	201	205	188	-20.09	-43.97	-19.99	11231.94	-3630.33	10837.69	-690.22	248.40	-1091.69
181	529	524	243	201	206	188	-20.17	-44.07	-19.93	11241.94	-3622.21	10824.61	-712.86	242.33	-1079.45
180	528	524	243	201	205	189	-20.40	-44.10	-19.98	11248.25	-3635.90	10814.18	-731.96	243.46	-1071.13
181	528	524	243	201	205	188	-20.47	-44.04	-20.01	11253.43	-3643.31	10799.07	-719.47	276.79	-1094.42
181	528	524	242	201	205	188	-20.40	-43.96	-19.95	11241.16	-3627.14	10796.31	-727.04	290.95	-1114.70
181	528	524	243	201	206	188	-20.37	-43.93	-19.91	11234.30	-3615.18	10801.70	-750.04	288.50	-1121.57
181	528	524	243	201	206	188	-20.26	-43.85	-19.79	11227.39	-3586.02	10796.61	-765.04	318.48	-1113.94
181	528	525	243	202	206	188	-20.05	-43.78	-19.66	11222.62	-3556.12	10801.38	-763.94	334.81	-1104.49
182	528	524	243	201	206	188	-19.80	-43.68	-19.50	11212.09	-3519.72	10826.51	-766.59	334.21	-1082.32
181	528	524	243	201	205	188	-19.48	-43.69	-19.32	11229.48	-3486.93	10856.79	-744.31	338.80	-1053.55
181	528	524	243	201	205	188	-19.00	-43.64	-19.09	11227.01	-3437.78	10882.95	-714.19	339.71	-1010.07
182	528	524	243	201	206	188	-19.04	-43.68	-19.12	11223.66	-3442.10	10902.60	-720.48	307.13	-951.07
182	529	524	243	202	206	188	-19.10	-43.89	-19.14	11253.28	-3456.39	10886.67	-694.46	289.07	-920.82
182	528	524	243	202	205	188	-19.16	-43.94	-19.18	11260.61	-3466.17	10857.93	-668.49	304.92	-898.53
182	528	524	243	201	205	188	-19.13	-43.94	-19.16	11263.78	-3463.86	10839.24	-646.01	322.37	-889.50
182	528	524	243	201	206	188	-19.00	-44.00	-19.02	11274.79	-3439.07	10812.88	-638.16	347.75	-862.82
182	528	525	243	201	206	188	-19.08	-43.86	-19.08	11265.85	-3447.72	10824.43	-645.70	362.27	-822.63
181	528	524	243	201	205	187	-18.97	-43.84	-19.03	11282.76	-3442.53	10830.21	-622.67	379.05	-820.25
181	528	525	243	201	206	187	-18.74	-43.69	-18.93	11270.22	-3418.40	10850.70	-607.84	394.85	-817.94
181	528	525	243	202	205	187	-18.59	-43.67	-18.86	11271.71	-3403.08	10867.76	-599.44	388.61	-801.04
182	528	525	243	201	205	187	-18.65	-43.74	-18.89	11270.12	-3409.93	10890.18	-607.67	347.58	-776.29
182	528	524	243	201	206	187	-18.71	-43.94	-18.88	11288.22	-3414.83	10878.27	-601.04	320.65	-755.67
181	528	524	243	202	207	187	-18.82	-44.01	-18.96	11287.01	-3429.49	10877.35	-599.19	294.82	-751.44
182	528	524	243	202	206	188	-19.00	-44.15	-19.03	11293.66	-3447.42	10873.49	-600.43	262.38	-757.12
181	528	524	243	202	206	188	-18.96	-44.29	-19.02	11302.97	-3447.44	10872.81	-583.46	232.46	-773.11
181	528	525	243	201	206	188	-18.92	-44.41	-18.94	11309.83	-3432.47	10850.77	-588.38	221.08	-773.81
182	528	524	243	202	206	188	-18.97	-44.53	-18.93	11310.33	-3431.05	10842.23	-600.96	192.83	-776.97
181	528	525	243	202	206	188	-18.96	-44.72	-18.90	11315.82	-3426.90	10830.72	-599.52	157.89	-801.77
182	528	524	243	201	206	188	-19.04	-44.77	-18.87	11314.63	-3420.75	10815.58	-608.09	154.89	-805.78
182	528	525	243	201	206	188	-19.11	-44.79	-18.88	11316.29	-3422.31	10798.20	-608.69	166.00	-814.19
181	528	524	243	201	206	188	-19.20	-44.69	-18.88	11308.48	-3419.60	10787.69	-627.95	191.15	-807.18
182	528	524	243	202	206	188	-19.39	-44.72	-18.92	11315.46	-3431.22	10783.51	-660.60	190.24	-816.22
182	528	524	243	202	207	188	-19.50	-44.60	-19.00	11311.88	-3447.06	10787.73	-665.47	208.13	-841.81
182	528	525	243	201	205	188	-19.39	-44.59	-18.91	11313.49	-3428.50	10779.35	-671.20	220.92	-869.87
181	528	525	243	200	206	188	-19.37	-44.56	-18.80	11318.41	-3407.68	10779.78	-700.74	229.98	-878.08
182	528	524	243	200	206	187	-19.43	-44.58	-18.76	11324.49	-3400.49	10775.19	-728.90	233.78	-888.87
182	528	524	243	200	205	188	-19.23	-44.61	-18.67	11328.47	-3381.47	10785.83	-716.31	224.69	-915.98
182	527	524	243	199	205	188	-19.01	-44.56	-18.46	11337.84	-3340.20	10774.54	-724.79	251.85	-912.03
181	528	524	243	200	206	188	-18.97	-44.52	-18.41	11339.35	-3330.59	10784.41	-737.40	272.41	-894.23
182	528	524	243	200	205	188	-18.85	-44.49	-18.38	11340.98	-3324.66	10801.99	-734.48	265.99	-896.62
182	528	525	243	200	205	188	-18.55	-44.43	-18.21	11352.13	-3291.62	10818.29	-718.91	277.74	-885.69
182	528	525	243	200	206	188	-18.25	-44.38	-18.06	11334.73	-3254.44	10840.98	-706.06	268.70	-850.90
182	528	524	243	200	207	188	-18.03	-44.49	-17.90	11337.39	-3221.72	10848.33	-702.66	241.17	-802.11
182	528	524	243	200	205	189	-17.80	-44.60	-17.79	11350.92	-3201.03	10845.91	-681.83	223.36	-753.10
182	528	524	243	200	206	188	-17.69	-44.65	-17.77	11352.18	-3197.98	10851.21	-648.04	212.14	-704.40
181	528	524	243	200	206	188	-17.62	-44.59	-17.82	11354.97	-3209.08	10856.65	-603.33	216.44	-667.03
182	528	525	242	200	206	187	-17.60	-44.70	-17.79	11366.22	-3206.63	10850.42	-573.97	203.56	-640.33
182	527	524	243	200	205	187	-17.58	-44.79	-17.80	11367.91	-3209.10	10832.90	-558.92	193.54	-602.71
181	527	524	243	200	206	187	-17.48	-44.81	-17.81	11361.31	-3208.04	10805.85	-521.97	204.56	-572.32
182	527	524	243	200	206	187	-17.21	-44.79	-17.72	11351.25	-3187.44	10785.56	-469.72	217.03	-543.61
181	526	525	243	199	206	188	-17.20	-44.87	-17.72	11360.28	-3189.07	10775.08	-449.84	212.33	-513.23
182	527	524	243	200	206	188	-17.37	-44.83	-17.82	11374.67	-3215.62	10784.93	-438.00	218.81	-478.47
182	528	524	243	201	206	188	-17.53	-44.89	-17.87	11408.34	-3238.63	10782.68	-425.00	225.17	-450.49
182	527	525	243	201	206	187	-17.60	-44.98	-17.94	11429.12	-3260.70	10782.15	-399.55	213.21	-437.47
181	528	525	243	200	206	187	-17.62	-45.06	-18.00	11436.86	-3274.07	10787.64	-381.27	191.95	-429.34
182	527	525	243	201	206	188	-17.54	-45.13	-17.95	11435.42	-3263.76	10786.06	-373.71	174.96	-419.53
182	527	524	243	201	205	187	-17.50	-45.28	-17.92	11437.05	-3258.98	10777.75	-363.02	141.66	-413.20
181	527	525	243	200	206	187	-17.43	-45.34	-17.84	11430.00	-3237.43	10753.67	-368.82	134.72	-387.74
182	527	525	243	201	206	187	-17.41	-45.38	-17.82	11436.10	-3235.76	10745.58	-357.48	128.49	-361.20
182	527	524	243	200	206	187	-17.39	-45.26	-17.87	11416.49	-3240.77	10754.50	-349.35	131.76	-354.49
182	527	525	243	200	206	187	-17.46	-45.29	-17.89	11408.47	-3242.53	10757.78	-362.94	115.83	-336.72
182	527	524	243	200	206	187	-17.59	-45.24	-17.98	11405.84	-3260.80	10757.29	-360.34	127.08	-326.58
182	528	525	243	201	207	188	-17.63	-45.14	-18.02	11394.55	-3264.36	10751.43	-359.72	140.93	-321.60
181	527	525	243	200	205	188	-17.63	-45.13	-18.02	11388.02	-3264.74	10752.85	-352.19	143.48	-326.07
182	527	524	243	201	207	187	-17.72	-45.07	-18.09	11376.02	-3273.11	10743.41	-354.88	153.31	-315.62
181	527	524	243	200	206	187	-17.91	-45.10	-18.16	11383.42	-3291.25	10725.44	-366.08	166.44	-308.74
181	527	524	243	200	206	187	-18.03	-45.01	-18.26	11386.45	-3313.29	10723.37	-361.38	187.32	-314.70
182	527	524	243	201	206	188	-18.04	-44.84	-18.36	11386.53	-3334.42	10728.40	-325.96	220.56	-346.17
182	527	524	243	201	206	188	-17.88	-44.70	-18.27	11382.80	-3313.90	10735.18	-316.06	247.98	-369.66
182	527	524	243	201	206	188	-17.91	-44.67	-18.22	11371.06	-3300.01	10745.22	-352.26	243.43	-360.73
182	527	524	243	201	206	188	-17.92	-44.71	-18.18	11391.31	-3298.81	10737.16	-357.80	254.06	-358.84
182	527	525	243	201	206	187	-17.92	-44.61	-18.15	11390.34	-3292.87	10740.50	-363.71	273.80	-350.55
182	527	524	243	200	205	187	-17.92	-44.70	-18.09	11411.42	-3286.82	10745.28	-371.37	262.61	-346.62
182	527	524	243	200	206	187	-18.00	-44.63	-18.14	11411.45	-3295.28	10755.21	-386.55	266.18	-332.74
182	527	525	243	201	206	188	-17.95	-44.69	-18.11	11428.88	-3294.92	10757.65	-374.17	259.27	-338.00
182	527	525	243	201	206	188	-17.89	-44.67	-18.06	11410.44	-3278.37	10769.77	-387.17	254.46	-328.30
182	527	524	243	201	206	188	-18.00	-44.79	-18.11	11422.11	-3292.25	10778.28	-393.71	222.64	-333.69
182	527	524	243	201	206	188	-17.83	-44.83	-18.03	11418.21	-3275.44	10772.97	-378.72	222.06	-345.40
182	527	525	243	200	207	187	-17.63	-44.81	-17.96	11404.90	-3255.67	10772.12	-363.54	222.30	-347.78
182	527	524	243	201	205	188	-17.45	-44.67	-17.94	11386.65	-3244.69	10798.91	-339.91	213.99	-349.39
182	527	524	243	200	205	187	-17.32	-44.67	-17.89	11375.32	-3232.45	10803.97	-325.71	197.34	-333.12
182	527	524	243	200	207	187	-17.30	-44.77	-17.87	11357.95	-3221.03	10798.57	-324.53	167.92	-299.37
182	527	524	243	201	206	188	-17.48	-44.83	-17.99	11356.46	-3247.98	10792.84	-313.70	147.03	-264.65
182	527	524	243	201	204	187	-17.47	-44.84	-18.03	11364.43	-3257.78	10785.60	-287.12	156.02	-268.32
181	527	524	243	201	206	188	-17.51	-44.82	-18.03	11361.81	-3256.29	10776.92	-295.11	167.17	-249.10
181	527	524	243	200	206	187	-17.61	-44.80	-18.16	11368.92	-3285.87	10788.47	-274.86	159.61	-247.65
181	527	524	243	201	206	188	-17.52	-44.80	-18.13	11377.27	-3283.78	10801.45	-258.21	157.23	-260.86
182	527	524	243	200	206	188	-17.56	-44.96	-18.13	11392.01	-3288.79	10809.18	-263.50	120.22	-267.62
182	528	524	243	201	206	188	-17.57	-45.13	-18.13	11414.61	-3294.95	10797.12	-247.53	103.96	-280.59
182	528	524	243	201	205	187	-17.52	-45.12	-18.13	11416.08	-3296.60	10790.26	-226.25	112.11	-295.81
181	528	524	243	201	205	188	-17.39	-45.18	-18.11	11414.87	-3291.77	10787.35	-195.84	95.91	-320.97
181	528	524	243	201	205	188	-17.19	-45.28	-17.96	11405.53	-3256.59	10769.58	-204.05	82.61	-305.07
182	528	524	243	201	206	188	-17.26	-45.41	-17.98	11415.05	-3262.16	10768.50	-205.94	67.48	-288.22
182	528	524	243	201	206	188	-17.06	-45.43	-17.88	11412.90	-3240.25	10756.28	-178.20	70.66	-288.51
182	528	524	243	201	206	188	-17.16	-45.39	-17.91	11400.46	-3243.64	10764.46	-200.59	57.32	-261.63
182	528	524	243	201	206	188	-17.35	-45.37	-18.02	11410.43	-3271.45	10761.24	-191.26	66.26	-252.35
182	528	524	243	201	206	188	-17.26	-45.39	-18.01	11410.31	-3267.88	10759.38	-170.59	64.25	-267.33
181	528	524	243	201	206	188	-17.29	-45.37	-18.03	11411.00	-3272.49	10753.01	-168.61	69.03	-275.87
182	528	524	243	201	206	187	-17.19	-45.35	-17.97	11404.25	-3258.66	10742.36	-160.83	78.38	-285.17
181	528	524	243	201	206	187	-17.09	-45.29	-17.90	11398.03	-3241.33	10752.04	-171.94	84.76	-272.86
181	528	524	243	200	206	187	-16.96	-45.25	-17.89	11413.33	-3243.46	10764.64	-146.90	97.62	-274.37
182	528	524	243	202	207	187	-16.85	-45.21	-17.79	11412.47	-3222.29	10757.60	-140.25	114.39	-269.45
181	528	524	243	201	206	187	-16.98	-45.28	-17.78	11423.24	-3223.78	10752.12	-161.94	106.77	-242.93
182	528	524	243	201	205	188	-17.07	-45.29	-17.86	11435.08	-3245.19	10757.12	-148.19	113.18	-242.88
182	528	524	243	201	206	187	-16.95	-45.32	-17.84	11433.33	-3238.33	10748.46	-129.58	113.18	-252.79
182	528	524	243	201	206	189	-16.92	-45.39	-17.74	11447.86	-3222.61	10738.84	-136.50	112.22	-247.75
181	528	524	243	201	206	188	-16.96	-45.43	-17.71	11468.07	-3223.88	10731.50	-134.63	117.71	-255.66
182	528	524	243	200	206	188	-16.92	-45.45	-17.70	11481.46	-3224.09	10729.52	-122.35	126.42	-261.78
181	528	524	243	201	206	187	-16.79	-45.45	-17.60	11478.79	-3203.08	10730.04	-122.33	123.75	-260.29
182	528	524	243	201	207	188	-16.74	-45.50	-17.62	11490.45	-3210.93	10736.94	-104.46	113.71	-255.43
181	528	524	242	200	206	188	-16.65	-45.55	-17.63	11485.33	-3210.38	10735.89	-81.59	103.03	-261.20
181	527	524	243	201	206	188	-16.67	-45.62	-17.60	11490.06	-3207.26	10733.70	-87.36	89.93	-252.99
181	527	525	243	201	206	188	-16.68	-45.72	-17.62	11495.76	-3212.50	10735.81	-76.19	70.53	-266.29
181	528	524	243	201	206	188	-16.48	-45.69	-17.53	11487.57	-3189.67	10731.42	-58.68	78.55	-280.53
181	528	524	243	201	206	188	-16.47	-45.71	-17.52	11486.19	-3188.39	10732.85	-55.35	69.87	-286.55
181	528	524	243	201	206	188	-16.38	-45.69	-17.46	11493.28	-3177.77	10726.21	-43.48	87.88	-299.98
182	528	525	243	201	206	188	-16.32	-45.60	-17.37	11483.42	-3154.88	10724.90	-69.66	98.24	-297.18
181	527	524	243	201	205	188	-16.28	-45.62	-17.30	11499.25	-3144.74	10721.25	-72.72	112.03	-307.07
182	528	525	243	201	207	188	-16.22	-45.48	-17.27	11477.88	-3131.90	10730.99	-88.94	131.97	-302.76
181	528	524	243	201	206	188	-16.37	-45.60	-17.28	11496.39	-3139.91	10720.64	-112.04	122.58	-294.18
181	527	524	243	200	206	188	-16.44	-45.49	-17.28	11492.97	-3138.11	10718.61	-131.44	150.85	-288.82
181	527	525	243	201	206	188	-16.51	-45.50	-17.28	11496.72	-3140.81	10719.88	-144.72	148.60	-295.03
181	527	524	243	201	206	188	-16.52	-45.50	-17.24	11495.09	-3131.56	10720.88	-157.88	153.12	-300.08
182	527	524	243	201	206	188	-16.49	-45.49	-17.18	11504.13	-3120.99	10719.84	-172.09	163.67	-292.67
180	527	524	243	201	206	188	-16.42	-45.49	-17.15	11504.13	-3115.54	10716.85	-175.23	165.43	-299.59
181	527	524	243	201	206	188	-16.42	-45.50	-17.10	11503.72	-3103.56	10722.20	-193.92	160.91	-300.71
180	527	524	243	201	205	188	-16.37	-45.51	-17.06	11516.53	-3098.58	10726.89	-200.42	160.97	-309.82
181	527	524	243	201	205	188	-16.32	-45.51	-17.02	11521.91	-3090.45	10728.55	-198.80	171.22	-320.23
180	527	524	243	201	206	188	-16.19	-45.40	-16.93	11516.01	-3070.13	10730.72	-204.71	192.56	-323.57
181	527	525	243	201	207	188	-16.12	-45.37	-16.90	11509.61	-3063.02	10745.19	-207.03	185.28	-326.69
181	527	525	243	201	206	188	-15.97	-45.40	-16.85	11518.13	-3053.07	10751.73	-199.83	181.37	-327.26
181	527	524	242	201	205	188	-15.88	-45.39	-16.78	11511.22	-3038.42	10761.94	-191.33	173.70	-313.59
181	527	524	242	201	206	188	-15.80	-45.38	-16.73	11503.46	-3025.90	10758.64	-186.32	171.96	-308.96
181	527	524	243	201	206	188	-15.76	-45.39	-16.68	11487.89	-3010.00	10753.31	-201.75	169.16	-283.27
181	527	524	242	201	206	187	-15.89	-45.38	-16.72	11498.29	-3021.30	10746.24	-201.06	177.91	-258.35
181	526	525	242	201	206	188	-15.91	-45.31	-16.77	11486.58	-3028.04	10751.53	-192.06	174.36	-262.89
181	526	525	243	201	206	187	-16.00	-45.33	-16.81	11487.25	-3037.44	10742.55	-192.31	171.04	-262.29
182	526	523	243	201	206	187	-16.14	-45.36	-16.83	11480.69	-3038.36	10728.43	-208.19	169.39	-247.63
181	526	524	243	201	206	188	-16.17	-45.39	-16.85	11485.45	-3045.05	10719.60	-203.83	174.52	-238.25
181	526	525	242	201	206	188	-16.18	-45.33	-16.85	11479.38	-3042.19	10716.22	-203.59	189.25	-234.58
181	526	524	243	200	206	188	-16.28	-45.36	-16.87	11489.41	-3049.68	10715.61	-217.91	188.63	-231.20
181	526	524	242	201	205	188	-16.26	-45.37	-16.84	11501.74	-3047.80	10721.83	-215.12	189.40	-239.74
181	526	524	243	201	206	188	-16.31	-45.31	-16.87	11507.65	-3055.41	10724.14	-217.41	199.23	-248.71
181	526	525	243	201	207	188	-16.38	-45.24	-16.95	11507.47	-3071.64	10734.13	-209.59	202.57	-268.82
181	526	524	243	201	206	188	-16.36	-45.22	-16.92	11507.50	-3066.46	10726.43	-211.11	207.39	-291.63
181	526	524	243	200	206	188	-16.50	-45.12	-17.05	11500.32	-3091.13	10738.10	-205.31	217.12	-320.55
181	526	524	243	200	206	188	-16.35	-45.04	-17.01	11482.31	-3078.58	10731.20	-190.59	237.57	-360.77
181	526	524	243	201	205	188	-16.31	-45.00	-16.96	11471.59	-3064.45	10716.24	-194.91	256.54	-386.78
181	526	525	243	201	207	188	-16.31	-44.95	-16.95	11466.61	-3059.43	10717.23	-202.26	269.36	-410.04
181	525	524	243	201	206	188	-16.21	-44.93	-16.83	11462.88	-3033.85	10719.96	-221.05	279.04	-420.54
181	525	524	243	200	206	188	-16.03	-44.93	-16.69	11467.33	-3004.76	10729.57	-230.95	284.59	-425.21
180	525	524	243	201	206	187	-16.11	-44.81	-16.68	11452.77	-2998.32	10756.09	-272.85	281.46	-398.55
181	525	524	243	200	206	188	-16.15	-44.89	-16.65	11465.93	-2997.01	10768.08	-287.26	266.24	-386.93
181	525	524	243	201	206	188	-16.12	-44.84	-16.66	11457.63	-2995.76	10788.28	-290.50	255.88	-374.18
181	525	524	243	201	206	187	-16.09	-44.85	-16.62	11461.75	-2988.37	10795.86	-295.57	254.53	-365.72
181	525	524	243	201	206	187	-16.16	-44.84	-16.64	11451.06	-2988.15	10801.27	-314.59	242.66	-357.28
180	525	524	242	201	206	186	-16.18	-44.89	-16.62	11453.71	-2985.14	10794.41	-319.56	243.97	-352.17
181	525	524	243	201	206	187	-16.29	-44.89	-16.65	11446.62	-2990.29	10791.49	-337.68	240.57	-343.76
180	525	524	243	201	206	187	-16.46	-44.94	-16.74	11451.69	-3010.17	10788.51	-343.20	229.15	-351.82
181	524	524	243	200	206	188	-16.47	-44.91	-16.73	11445.31	-3006.66	10786.29	-348.79	235.64	-360.23
182	524	524	243	201	205	187	-16.53	-44.92	-16.74	11435.84	-3005.33	10787.17	-367.50	226.96	-368.17
181	525	524	243	201	206	187	-16.44	-44.89	-16.67	11429.25	-2989.46	10778.21	-370.28	241.06	-372.66
181	524	524	243	201	206	187	-16.41	-44.83	-16.63	11417.39	-2977.59	10784.70	-387.26	244.76	-353.88
181	525	524	242	201	206	185	-16.43	-44.88	-16.60	11438.12	-2978.11	10791.87	-393.90	246.17	-340.44
181	524	524	243	202	205	187	-16.33	-44.82	-16.53	11449.21	-2965.80	10819.67	-402.40	251.96	-305.81
180	524	524	243	201	206	188	-16.29	-44.90	-16.49	11464.55	-2962.11	10851.49	-411.63	219.71	-261.82
180	524	524	243	201	207	188	-16.39	-44.96	-16.52	11465.32	-2969.01	10874.92	-435.85	180.73	-209.08
181	524	524	243	201	206	187	-16.55	-45.26	-16.59	11497.66	-2993.36	10859.57	-425.76	137.74	-203.33
181	524	524	242	200	207	186	-16.29	-45.26	-16.55	11483.17	-2981.29	10847.59	-371.52	136.95	-227.16
181	524	524	243	201	206	187	-15.91	-45.38	-16.33	11459.41	-2927.23	10826.01	-363.75	114.25	-219.70
181	524	524	243	201	206	187	-15.75	-45.44	-16.25	11459.44	-2909.66	10835.11	-354.41	93.04	-190.12
181	524	524	243	201	206	187	-15.54	-45.40	-16.22	11448.07	-2899.58	10855.76	-321.79	75.19	-161.56
181	524	524	243	201	206	186	-15.51	-45.49	-16.22	11450.67	-2901.60	10853.97	-301.80	51.33	-117.73
181	524	524	243	201	207	188	-15.65	-45.47	-16.39	11438.53	-2933.52	10849.87	-278.51	29.91	-82.75
181	524	524	243	201	206	187	-15.75	-45.58	-16.50	11444.21	-2958.85	10835.98	-245.98	9.82	-70.51
180	524	524	243	202	205	187	-15.82	-45.63	-16.59	11435.00	-2973.10	10820.18	-225.18	-2.87	-59.08
181	524	524	243	201	206	188	-15.93	-45.63	-16.67	11428.05	-2988.05	10804.57	-220.67	0.32	-34.03
181	524	524	243	201	205	187	-16.03	-45.60	-16.75	11419.24	-3002.05	10786.14	-211.24	3.30	-23.18
180	524	524	243	201	205	188	-16.10	-45.56	-16.78	11407.88	-3007.74	10770.23	-209.13	16.99	-17.37
181	524	524	243	201	206	187	-16.04	-45.47	-16.79	11408.49	-3008.16	10768.12	-198.12	39.64	-9.20
180	524	524	243	201	206	188	-15.83	-45.37	-16.65	11401.06	-2977.55	10775.12	-196.97	63.01	24.16
181	524	524	242	201	206	186	-15.69	-45.28	-16.58	11388.21	-2959.27	10798.36	-201.77	57.31	65.35
181	524	524	243	201	206	188	-15.52	-45.32	-16.46	11396.60	-2934.71	10802.84	-198.78	48.54	119.08
181	524	524	243	201	206	187	-15.41	-45.36	-16.43	11403.17	-2931.97	10814.10	-174.34	37.87	176.68
181	524	524	243	201	207	188	-15.34	-45.37	-16.43	11413.41	-2934.97	10820.40	-145.82	23.37	231.40
180	524	524	243	201	206	187	-15.33	-45.39	-16.52	11431.14	-2957.42	10831.38	-96.98	16.60	274.63
181	524	524	243	201	206	187	-15.14	-45.34	-16.58	11429.18	-2971.35	10843.81	-18.73	14.12	298.79
180	524	524	243	201	206	187	-14.88	-45.45	-16.55	11424.32	-2963.99	10849.42	48.35	-18.93	327.75
181	524	524	243	201	207	186	-14.82	-45.55	-16.56	11431.11	-2966.59	10846.75	78.14	-41.34	371.87
180	524	524	243	201	206	187	-14.91	-45.63	-16.73	11435.95	-3003.66	10837.81	118.53	-59.72	406.62
181	524	524	243	201	206	186	-14.86	-45.66	-16.84	11442.95	-3029.07	10842.92	180.35	-71.63	420.09
181	524	524	243	201	206	187	-14.86	-45.81	-16.90	11448.81	-3043.02	10832.37	219.28	-92.05	440.54
180	524	524	243	202	206	187	-14.97	-46.00	-16.97	11462.17	-3064.07	10795.55	257.32	-103.35	468.46
181	524	524	243	200	206	187	-15.15	-46.04	-17.15	11466.46	-3102.07	10770.97	298.75	-101.43	485.79
181	524	524	243	200	206	185	-15.16	-45.97	-17.27	11461.33	-3127.76	10765.83	341.47	-104.96	488.55
180	524	524	243	202	207	187	-15.11	-45.92	-17.34	11444.47	-3137.37	10775.13	364.44	-123.61	495.97
180	524	524	243	201	205	186	-15.20	-46.03	-17.42	11431.45	-3149.71	10763.98	373.62	-160.28	510.62
181	524	524	243	201	206	186	-15.30	-46.23	-17.48	11428.67	-3160.62	10738.38	383.14	-198.12	534.34
181	524	524	243	201	206	186	-15.44	-46.31	-17.59	11431.64	-3185.99	10700.46	412.03	-198.56	554.17
181	524	524	242	201	206	186	-15.49	-46.35	-17.63	11430.26	-3192.89	10663.84	435.33	-182.63	566.97
181	524	524	243	201	206	187	-15.52	-46.26	-17.67	11430.95	-3202.44	10654.64	449.86	-152.15	589.57
181	524	524	243	201	206	186	-15.54	-46.19	-17.75	11440.60	-3221.32	10655.31	480.22	-132.34	597.24
181	524	524	243	201	205	186	-15.54	-46.20	-17.71	11457.97	-3218.86	10647.35	480.86	-112.53	610.08
181	524	524	243	201	206	185	-15.53	-46.14	-17.68	11480.07	-3219.11	10628.78	482.07	-59.65	612.97
181	524	524	243	200	206	186	-15.37	-45.88	-17.66	11464.66	-3210.76	10647.14	501.81	-19.97	603.52
181	524	524	243	200	206	186	-15.26	-45.83	-17.62	11470.43	-3203.62	10660.58	512.02	-9.87	605.65
181	524	524	243	201	206	186	-15.32	-45.85	-17.60	11480.31	-3202.64	10656.75	499.62	-1.83	629.52
181	524	524	242	201	206	186	-15.51	-45.84	-17.70	11489.29	-3227.11	10640.51	497.14	10.47	651.69
180	524	524	243	201	206	185	-15.68	-45.85	-17.82	11492.83	-3254.35	10635.09	506.78	8.39	651.01
181	524	525	243	201	207	186	-15.85	-45.86	-17.94	11500.79	-3282.43	10631.53	515.49	11.47	652.86
181	524	524	243	201	206	186	-15.86	-45.83	-18.01	11498.95	-3296.51	10638.56	529.22	9.05	642.11
181	524	524	243	201	206	187	-15.85	-45.86	-18.00	11497.00	-3295.69	10634.03	527.16	7.25	640.61
181	524	525	243	200	206	185	-16.02	-45.96	-18.05	11495.35	-3304.30	10619.33	509.00	-7.67	645.58
181	524	524	243	201	207	186	-16.08	-45.95	-18.11	11495.18	-3318.09	10617.56	509.55	-6.13	638.45
181	524	524	243	201	206	186	-15.99	-45.86	-18.09	11486.62	-3309.98	10616.88	510.42	10.57	631.53
182	524	524	243	201	206	186	-15.95	-45.84	-18.05	11478.49	-3298.88	10616.84	500.10	11.75	635.45
181	524	524	242	201	206	186	-15.90	-45.83	-18.03	11467.37	-3290.14	10634.40	491.30	-5.54	646.48
180	524	524	242	201	206	187	-15.92	-45.86	-18.02	11469.20	-3289.83	10641.88	488.23	-16.62	663.80
181	524	524	243	201	206	186	-15.99	-45.82	-18.07	11463.94	-3298.34	10643.98	483.67	-13.53	682.66
181	524	524	243	201	206	186	-16.21	-45.77	-18.17	11460.34	-3319.42	10653.98	467.44	-20.81	700.13
181	524	524	243	201	206	185	-16.21	-45.69	-18.27	11463.53	-3340.05	10663.49	482.02	-9.47	696.87
181	524	524	243	201	206	187	-15.93	-45.59	-18.17	11446.15	-3315.65	10673.71	508.41	0.51	689.53
181	524	524	243	201	206	186	-15.76	-45.56	-18.08	11427.04	-3289.87	10677.43	503.79	-4.62	714.15
181	524	524	243	201	206	186	-15.80	-45.61	-18.08	11421.89	-3286.97	10677.95	498.45	-14.09	733.40
181	524	523	243	201	206	186	-15.72	-45.60	-18.05	11427.19	-3282.03	10677.46	510.23	-5.18	752.43
181	524	524	242	201	205	186	-15.75	-45.52	-18.11	11425.43	-3294.32	10682.58	523.97	6.83	772.05
181	524	524	242	201	206	187	-15.74	-45.43	-18.12	11422.76	-3296.81	10690.06	527.12	24.23	796.00
181	524	524	243	201	205	187	-15.78	-45.40	-18.16	11430.42	-3307.77	10710.15	531.47	26.17	818.70
181	523	524	243	201	206	187	-15.72	-45.39	-18.18	11438.90	-3314.18	10723.84	556.59	24.06	827.17
181	524	524	243	201	206	186	-15.69	-45.46	-18.20	11446.96	-3321.27	10736.45	574.76	7.41	824.81
181	524	524	243	201	206	186	-15.69	-45.47	-18.25	11448.01	-3332.41	10741.03	589.97	3.84	830.87
181	523	524	243	201	207	186	-15.71	-45.53	-18.32	11445.21	-3345.99	10741.58	605.48	-7.75	835.72
181	523	524	243	200	206	186	-15.89	-45.59	-18.41	11445.55	-3366.29	10726.30	615.40	-20.31	833.39
181	523	524	242	201	206	186	-16.10	-45.59	-18.54	11443.47	-3393.17	10728.38	616.38	-29.45	825.32
181	523	524	243	201	206	186	-16.36	-45.62	-18.68	11459.50	-3428.31	10715.96	614.76	-32.13	809.10
181	523	524	243	201	206	186	-16.55	-45.58	-18.83	11445.72	-3456.50	10702.37	620.07	-29.02	776.05
180	523	524	243	201	205	186	-16.84	-45.61	-18.96	11439.84	-3483.47	10672.05	598.07	-28.07	745.55
180	524	524	243	201	206	186	-17.13	-45.56	-19.15	11432.44	-3520.30	10665.85	571.37	-24.72	701.42
180	523	524	243	200	204	187	-17.03	-45.40	-19.13	11427.02	-3514.48	10672.55	579.65	9.27	647.60
180	523	524	243	201	206	186	-16.79	-45.28	-18.98	11399.87	-3473.36	10673.13	568.67	28.66	617.27
181	523	524	243	201	207	186	-16.85	-45.27	-18.94	11373.48	-3455.49	10668.27	516.68	18.62	623.70
181	523	524	243	201	206	186	-17.06	-45.23	-19.01	11378.40	-3472.72	10665.26	489.30	22.69	625.82
180	523	524	243	201	205	186	-17.03	-45.08	-19.06	11367.08	-3479.28	10675.99	495.03	46.86	610.83
180	523	524	242	201	206	186	-17.04	-44.96	-19.06	11352.13	-3473.12	10695.39	460.38	43.17	624.94
181	523	524	243	201	206	185	-17.53	-45.00	-19.16	11346.32	-3492.66	10723.62	338.66	-0.99	673.64
180	523	524	243	201	206	185	-18.07	-45.05	-19.37	11363.20	-3544.23	10739.24	261.78	-25.79	684.41
180	523	524	243	202	206	185	-17.91	-44.91	-19.39	11352.84	-3545.62	10750.28	295.99	1.25	629.24
181	523	524	243	201	206	184	-17.38	-44.78	-19.16	11315.00	-3483.94	10741.97	318.89	22.73	594.53
180	524	524	242	201	205	185	-17.20	-44.81	-18.99	11288.25	-3437.34	10721.07	284.25	25.80	618.95
180	523	524	242	201	206	185	-17.20	-44.76	-18.99	11282.84	-3434.27	10720.21	275.73	39.16	650.35
181	523	524	243	201	206	185	-17.11	-44.65	-19.00	11298.10	-3442.96	10729.20	316.05	79.45	664.38
181	523	524	242	201	206	185	-17.01	-44.55	-19.05	11302.79	-3455.61	10752.54	350.60	100.38	677.01
180	523	524	243	201	206	185	-17.11	-44.58	-19.12	11324.25	-3478.83	10771.92	350.32	90.26	703.61
180	523	525	243	201	206	185	-17.37	-44.67	-19.29	11348.64	-3521.49	10771.92	355.45	85.65	714.88
180	523	524	243	201	206	186	-17.54	-44.71	-19.42	11360.81	-3554.01	10772.92	374.43	80.56	698.59
180	523	524	242	201	206	184	-17.51	-44.70	-19.46	11367.57	-3566.11	10772.08	399.51	80.13	676.01
180	523	524	243	201	205	185	-17.47	-44.80	-19.46	11371.19	-3566.81	10770.67	408.88	59.73	668.51
181	523	524	243	201	206	185	-17.54	-44.84	-19.54	11366.03	-3581.07	10762.94	421.54	48.54	673.03
180	523	524	243	201	205	185	-17.51	-44.85	-19.57	11357.33	-3585.41	10754.59	446.66	50.36	663.28
180	523	524	243	201	207	185	-17.42	-44.86	-19.56	11337.06	-3577.54	10758.86	461.13	37.30	650.87
181	523	524	242	201	206	185	-17.42	-44.86	-19.58	11325.61	-3577.07	10765.52	451.22	18.48	660.37
180	523	524	243	201	206	186	-17.46	-44.82	-19.64	11319.93	-3587.61	10772.64	451.46	15.71	667.66
180	523	524	243	201	205	186	-17.40	-44.76	-19.67	11305.73	-3588.83	10770.41	456.69	12.82	667.72
180	523	524	242	201	206	184	-17.44	-44.77	-19.71	11301.64	-3596.99	10766.09	458.95	15.38	667.04
180	523	524	243	201	206	185	-17.55	-44.71	-19.84	11292.56	-3620.74	10771.59	463.35	13.16	663.73
180	523	524	243	201	207	185	-17.65	-44.67	-19.92	11295.33	-3639.50	10774.61	463.99	20.95	662.05
180	523	524	243	201	206	185	-17.62	-44.58	-19.97	11284.97	-3646.13	10783.88	473.74	29.96	653.05
180	523	524	243	201	205	185	-17.55	-44.54	-19.98	11274.72	-3644.62	10793.48	477.70	21.16	648.04
180	523	524	242	201	204	184	-17.57	-44.60	-20.01	11273.78	-3651.99	10793.81	485.22	3.30	642.19
180	522	524	243	201	206	185	-17.59	-44.62	-20.05	11272.29	-3659.59	10797.72	486.95	-0.71	645.58
180	523	524	243	201	206	186	-17.62	-44.70	-20.05	11276.68	-3660.81	10785.23	487.26	-7.03	646.30
180	523	524	243	201	206	185	-17.69	-44.68	-20.06	11270.64	-3660.97	10778.97	478.59	-10.93	646.94
180	523	524	243	201	206	186	-17.76	-44.67	-20.08	11269.51	-3665.32	10776.02	468.01	-5.13	656.54
180	522	524	243	201	206	185	-17.70	-44.66	-20.07	11261.64	-3658.86	10778.82	466.96	-8.97	678.11
180	522	523	243	201	207	185	-17.70	-44.76	-20.07	11268.35	-3662.51	10773.48	474.32	-27.03	706.16
180	522	524	243	202	206	185	-17.82	-44.82	-20.14	11279.34	-3680.79	10773.80	479.60	-36.52	734.95
180	522	524	243	201	206	185	-17.93	-44.84	-20.24	11292.57	-3708.95	10782.31	492.62	-44.40	741.25
180	522	524	242	201	206	185	-17.89	-44.84	-20.30	11282.54	-3716.30	10794.80	504.14	-53.23	736.74
181	522	524	243	201	207	185	-17.89	-44.81	-20.35	11261.41	-3719.09	10811.46	495.43	-84.37	737.95
180	522	524	243	200	206	185	-17.78	-44.83	-20.31	11248.74	-3706.13	10818.48	500.31	-100.90	738.46
180	522	524	243	201	206	185	-17.70	-44.78	-20.32	11222.91	-3700.82	10822.96	503.19	-113.85	747.03
180	522	524	243	200	207	184	-17.77	-44.81	-20.35	11208.76	-3701.58	10801.81	496.83	-117.11	761.48
179	522	524	243	201	206	185	-17.88	-44.75	-20.45	11203.72	-3719.70	10798.52	498.29	-110.61	767.26
180	522	524	243	201	206	185	-17.97	-44.66	-20.53	11202.94	-3736.52	10815.39	483.58	-104.78	778.89
179	522	524	243	201	207	185	-18.15	-44.74	-20.57	11214.99	-3751.49	10825.03	452.80	-126.39	806.45
180	522	524	243	201	206	185	-18.47	-44.88	-20.71	11232.44	-3787.92	10821.57	429.76	-158.32	838.93
180	521	524	243	201	206	184	-18.58	-45.04	-20.83	11247.82	-3818.92	10814.29	447.37	-187.80	845.83
180	521	524	243	201	206	184	-18.58	-45.28	-20.79	11255.83	-3813.58	10782.18	451.20	-224.41	846.84
178	521	524	243	201	207	184	-18.79	-45.55	-20.81	11266.44	-3822.90	10761.87	417.99	-274.64	869.00
180	521	524	243	201	206	182	-19.08	-45.72	-20.95	11278.11	-3856.75	10745.58	405.74	-311.21	872.60
180	521	524	243	201	206	185	-19.22	-45.80	-21.04	11288.21	-3881.31	10731.90	412.11	-325.60	856.92
180	521	524	243	201	207	184	-19.37	-45.82	-21.13	11292.80	-3902.65	10731.30	414.85	-329.27	828.57
180	521	524	242	201	206	184	-19.43	-45.76	-21.15	11293.36	-3908.32	10723.34	404.31	-317.75	797.39
180	521	524	243	201	206	184	-19.59	-45.67	-21.26	11288.89	-3930.10	10716.37	397.19	-305.07	761.12
179	521	524	243	200	207	184	-19.50	-45.59	-21.27	11286.45	-3932.00	10714.55	415.73	-287.51	709.07
180	520	523	242	201	207	184	-19.35	-45.47	-21.25	11275.52	-3921.60	10705.42	434.25	-262.44	672.91
179	520	524	243	201	206	184	-19.27	-45.39	-21.18	11263.15	-3902.92	10690.75	426.93	-245.02	661.17
180	520	524	243	201	205	184	-19.32	-45.37	-21.23	11265.39	-3913.97	10692.81	423.39	-242.12	661.11
179	521	524	243	201	206	184	-19.25	-45.34	-21.25	11275.52	-3922.27	10689.17	454.27	-224.86	647.70
179	520	523	242	201	206	184	-19.12	-45.35	-21.19	11274.35	-3908.56	10678.91	468.85	-212.92	649.02
179	520	524	243	201	206	184	-19.17	-45.39	-21.19	11278.83	-3910.33	10676.17	461.26	-214.47	671.37
179	520	524	243	201	206	184	-19.36	-45.44	-21.26	11297.09	-3933.81	10674.56	447.60	-218.60	688.45
179	520	524	243	201	205	185	-19.52	-45.45	-21.38	11312.03	-3964.32	10675.03	450.82	-221.02	685.08
179	520	524	243	201	206	184	-19.51	-45.51	-21.45	11329.63	-3987.11	10671.88	475.43	-220.17	660.52
180	520	524	242	201	206	183	-19.36	-45.53	-21.36	11335.75	-3969.75	10662.08	487.71	-213.26	642.75
180	520	524	243	201	207	184	-19.29	-45.58	-21.30	11341.96	-3958.26	10653.98	491.52	-217.75	636.66
179	520	524	243	201	206	184	-19.15	-45.55	-21.26	11339.06	-3948.75	10653.88	508.45	-209.31	622.08
179	520	524	243	201	206	184	-19.04	-45.54	-21.22	11332.71	-3937.11	10640.79	521.87	-202.89	610.77
179	520	524	242	201	206	184	-19.02	-45.54	-21.24	11339.87	-3945.86	10637.35	538.78	-194.55	600.43
180	520	524	243	200	206	184	-18.96	-45.46	-21.28	11342.08	-3955.16	10643.68	573.84	-179.42	581.21
180	520	524	243	201	206	184	-18.91	-45.41	-21.31	11340.58	-3960.21	10644.70	595.30	-170.30	569.55
180	520	523	243	201	205	184	-19.07	-45.48	-21.35	11351.15	-3974.40	10626.86	594.88	-164.93	568.92
179	520	524	243	201	207	184	-19.33	-45.51	-21.45	11361.79	-3998.68	10605.72	586.49	-150.89	545.48
179	520	524	243	201	206	184	-19.26	-45.48	-21.44	11366.30	-3999.74	10589.23	606.46	-124.59	501.65
179	520	523	243	201	205	184	-19.09	-45.43	-21.36	11355.98	-3978.15	10582.97	614.44	-109.91	474.22
179	520	524	242	201	207	184	-19.02	-45.47	-21.28	11346.78	-3956.85	10586.02	597.27	-117.72	474.76
179	520	524	243	201	205	185	-19.17	-45.54	-21.29	11346.64	-3959.60	10588.32	564.76	-133.43	482.62
179	520	524	242	201	206	183	-19.29	-45.59	-21.33	11356.31	-3970.42	10582.90	553.42	-140.46	467.94
179	520	524	242	201	205	184	-19.23	-45.60	-21.28	11353.10	-3959.30	10573.56	551.25	-135.34	449.19
179	520	524	243	200	206	184	-19.15	-45.62	-21.21	11349.84	-3942.34	10565.28	535.68	-134.07	446.18
180	520	523	243	201	206	184	-19.15	-45.65	-21.18	11341.95	-3932.62	10557.02	509.65	-132.97	450.93
179	520	524	242	200	205	184	-19.23	-45.65	-21.18	11346.65	-3933.59	10553.97	489.22	-140.07	454.28
179	520	524	242	201	206	183	-19.22	-45.63	-21.18	11354.32	-3937.71	10554.47	497.56	-128.77	441.76
179	520	524	243	201	207	184	-19.23	-45.64	-21.14	11362.40	-3932.83	10550.34	488.38	-119.33	428.03
179	520	524	243	201	206	184	-19.26	-45.59	-21.16	11368.08	-3938.38	10556.03	478.01	-105.41	412.88
179	520	524	243	201	206	185	-19.24	-45.56	-21.19	11370.48	-3945.26	10566.82	485.81	-95.89	381.93
179	520	523	243	201	207	185	-19.15	-45.55	-21.12	11364.55	-3927.80	10580.28	477.02	-112.30	346.88
179	520	524	242	201	207	185	-19.16	-45.70	-21.06	11371.12	-3917.01	10583.07	459.67	-143.93	310.04
179	520	524	243	201	206	185	-19.01	-45.81	-20.94	11387.97	-3897.56	10557.91	467.03	-128.88	288.09
179	520	524	243	201	206	185	-18.83	-45.78	-20.79	11379.97	-3860.48	10533.82	461.48	-95.79	290.03
179	520	523	242	201	207	186	-18.68	-45.68	-20.74	11372.77	-3847.86	10536.73	466.56	-74.85	290.88
179	520	524	243	201	207	185	-18.58	-45.65	-20.64	11379.33	-3828.87	10541.69	460.68	-61.01	299.99
180	520	523	242	200	206	184	-18.66	-45.62	-20.63	11394.57	-3832.42	10546.60	440.50	-50.06	326.29
179	520	524	242	201	207	185	-18.67	-45.53	-20.62	11401.44	-3832.60	10538.47	445.77	-13.90	338.82
180	520	524	243	201	207	185	-18.71	-45.33	-20.66	11382.37	-3834.97	10547.55	435.18	8.99	341.63
180	520	523	243	201	206	185	-18.64	-45.41	-20.63	11404.25	-3835.02	10549.57	442.52	0.04	325.95
179	520	524	242	200	206	185	-18.55	-45.37	-20.55	11403.03	-3817.47	10550.50	428.20	8.99	333.55
179	520	524	243	201	207	185	-18.69	-45.46	-20.59	11410.88	-3827.60	10558.37	402.69	-10.06	343.48
179	520	524	243	201	207	185	-18.76	-45.51	-20.62	11426.74	-3841.42	10565.25	398.50	-23.11	336.60
179	520	524	243	201	206	185	-18.79	-45.56	-20.61	11440.80	-3843.15	10573.19	393.03	-31.50	327.22
179	520	524	242	201	206	185	-18.89	-45.65	-20.64	11448.36	-3854.99	10578.93	379.48	-46.63	323.56
179	520	524	243	200	207	185	-18.91	-45.71	-20.65	11449.74	-3857.24	10572.78	383.20	-56.25	301.88
180	520	523	243	201	206	184	-18.87	-45.74	-20.59	11436.66	-3837.78	10562.34	369.94	-59.23	295.59
179	520	524	243	201	206	184	-18.96	-45.80	-20.58	11439.22	-3838.29	10553.83	353.75	-68.37	289.46
179	520	524	243	201	206	184	-18.99	-45.84	-20.53	11437.66	-3825.17	10542.34	338.31	-60.40	280.74
179	520	523	242	201	206	184	-19.00	-45.84	-20.51	11425.98	-3815.12	10541.82	328.19	-58.13	271.15
179	520	523	242	201	206	184	-18.92	-45.85	-20.42	11426.08	-3797.56	10532.13	322.53	-49.28	268.24
180	520	524	243	201	207	185	-19.02	-45.78	-20.43	11419.18	-3797.48	10536.52	299.06	-37.21	278.53
179	520	523	242	199	206	184	-19.12	-45.72	-20.46	11420.42	-3802.01	10536.10	274.80	-28.50	284.55
179	520	524	243	201	207	184	-19.13	-45.68	-20.44	11418.20	-3798.71	10543.29	268.76	-16.08	287.33