90	513	271	128	91	206	175	-12.44	6.87	-121.18	-1868.31	-3304.21	14855.36	197.95	-96.78	361.29
90	513	272	129	91	206	174	-12.22	6.93	-121.47	-1869.69	-3264.80	14846.00	203.55	-76.04	355.63
90	513	272	129	91	206	175	-12.22	7.00	-121.71	-1874.41	-3239.56	14821.29	163.22	-73.29	348.10
90	513	272	128	91	207	175	-12.30	7.05	-121.61	-1869.09	-3244.38	14787.83	161.71	-60.92	344.79
90	513	272	128	90	207	175	-12.24	7.21	-121.87	-1889.63	-3242.76	14778.04	176.48	-39.28	337.55
90	513	272	129	91	207	175	-12.31	7.35	-121.97	-1903.15	-3250.03	14776.74	163.00	-16.36	313.98
91	513	272	129	91	207	175	-12.25	7.46	-122.00	-1907.99	-3252.52	14778.30	175.45	13.06	296.08
90	513	272	129	91	206	174	-12.21	7.56	-122.07	-1913.59	-3252.50	14795.58	176.88	43.15	276.12
91	513	272	128	91	207	173	-12.11	7.65	-122.19	-1920.51	-3246.67	14822.40	179.34	61.80	253.72
91	513	274	129	92	206	175	-12.09	7.68	-122.25	-1924.29	-3244.54	14834.68	171.52	70.91	237.38
91	513	273	129	91	206	174	-12.09	7.82	-122.31	-1941.07	-3263.91	14856.95	192.34	93.61	223.56
91	513	272	129	91	207	174	-12.12	7.87	-122.33	-1951.62	-3276.32	14885.10	189.83	102.73	194.03
91	513	273	129	91	204	175	-12.05	7.87	-122.51	-1967.24	-3276.90	14915.85	189.63	102.54	158.38
92	513	273	129	91	207	175	-12.02	7.78	-122.66	-1973.68	-3265.86	14939.45	173.55	81.07	129.41
91	514	273	129	90	207	175	-12.02	7.74	-122.58	-1967.39	-3266.56	14939.08	163.27	80.56	106.04
91	513	272	129	91	206	175	-11.89	7.81	-122.70	-1968.42	-3251.84	14941.73	177.81	97.18	85.99
91	513	273	129	91	207	175	-11.62	7.89	-123.21	-1989.40	-3214.64	14964.04	194.27	99.93	68.94
91	514	272	130	92	207	175	-11.71	7.90	-123.68	-2013.13	-3187.31	14981.04	133.81	79.78	48.79
92	514	274	129	92	208	175	-11.95	7.81	-123.51	-2011.28	-3207.15	14977.79	98.47	63.59	32.60
91	513	273	130	92	207	175	-11.90	7.87	-123.58	-2022.31	-3214.39	14975.50	119.19	71.06	24.82
92	514	273	130	91	207	175	-11.81	7.96	-123.89	-2037.00	-3195.67	14978.32	115.38	77.46	15.73
92	514	274	130	91	207	175	-11.86	7.95	-124.06	-2042.15	-3180.09	14975.20	76.81	70.13	7.40
92	514	274	130	91	207	175	-11.89	7.96	-124.06	-2044.44	-3183.48	14976.84	64.97	65.48	-0.57
92	514	274	130	91	207	175	-11.82	7.96	-124.26	-2052.42	-3169.51	14971.60	71.13	66.20	0.75
92	513	274	130	92	207	175	-11.85	7.94	-124.27	-2054.20	-3170.63	14976.82	69.62	72.09	0.97
92	514	273	130	92	207	175	-11.81	8.05	-124.48	-2070.89	-3166.90	14991.38	67.89	83.44	6.37
92	514	275	130	92	207	175	-11.90	8.07	-124.50	-2084.14	-3184.55	15016.01	65.04	86.47	9.90
92	513	272	130	92	207	175	-11.85	8.04	-124.49	-2086.73	-3187.53	15046.01	75.24	81.04	8.81
92	514	274	130	91	207	175	-11.84	8.02	-124.55	-2096.40	-3195.35	15093.11	73.73	74.09	5.62
92	514	274	130	92	207	174	-11.74	7.97	-124.61	-2106.58	-3202.58	15131.25	99.24	58.19	5.13
92	514	273	129	91	207	175	-11.60	7.87	-124.63	-2105.85	-3196.85	15159.49	128.73	40.73	-2.07
91	513	274	130	92	207	175	-11.28	7.81	-124.80	-2109.76	-3181.41	15199.32	188.64	29.09	-1.32
92	514	274	130	92	208	175	-10.94	7.77	-125.35	-2125.67	-3132.94	15238.75	215.76	1.14	10.65
92	514	275	130	92	207	175	-11.02	7.62	-125.52	-2132.59	-3121.69	15255.01	176.72	-47.27	23.01
92	513	275	130	92	207	175	-11.23	7.44	-125.16	-2120.96	-3150.41	15238.26	168.39	-84.76	29.51
93	514	273	131	92	207	175	-11.14	7.37	-125.30	-2121.11	-3133.09	15206.55	171.07	-114.22	25.04
92	514	274	130	91	206	175	-11.25	7.19	-125.29	-2103.05	-3109.43	15144.82	125.86	-149.96	28.04
92	514	274	131	92	208	175	-11.44	7.08	-124.79	-2073.10	-3129.56	15093.38	121.57	-148.06	33.43
93	514	274	130	92	208	176	-11.34	7.13	-124.87	-2071.44	-3117.68	15071.51	142.69	-132.31	44.96
93	514	274	130	92	207	175	-11.45	7.09	-124.65	-2048.47	-3111.80	15055.94	115.26	-125.79	45.26
93	514	274	130	92	207	175	-11.40	7.04	-124.57	-2035.85	-3103.21	15050.54	113.95	-128.25	49.20
93	514	274	130	92	207	175	-11.32	7.01	-124.63	-2022.66	-3077.45	15050.01	99.60	-122.14	51.54
93	514	274	131	91	207	175	-11.21	7.02	-124.62	-2007.72	-3057.78	15049.51	91.02	-106.58	65.26
93	514	275	131	92	206	175	-11.25	7.17	-124.68	-2017.74	-3064.09	15049.63	88.37	-94.85	88.15
94	514	275	130	92	206	174	-11.57	7.15	-124.36	-2006.05	-3088.88	15032.95	38.20	-86.06	84.84
93	514	274	131	92	206	175	-11.83	7.10	-124.04	-2001.35	-3123.04	15037.91	10.54	-94.66	59.30
94	514	275	130	92	206	175	-11.78	7.02	-123.87	-1988.68	-3125.29	15030.21	20.16	-96.67	51.54
93	514	275	131	92	207	175	-11.88	7.00	-123.52	-1969.05	-3143.02	15019.90	16.40	-81.09	45.06
93	514	273	130	92	208	175	-11.86	6.97	-123.48	-1965.19	-3141.07	15035.90	9.08	-82.59	23.76
93	514	275	131	93	207	176	-11.86	6.81	-123.52	-1957.73	-3124.62	15051.91	-22.27	-111.06	-0.68
93	515	275	130	93	206	175	-11.90	6.65	-123.24	-1932.05	-3123.99	15039.31	-35.81	-126.40	-5.05
93	514	274	131	92	207	175	-11.84	6.57	-122.96	-1908.05	-3124.59	15035.35	-18.77	-117.43	-5.79
93	514	275	131	92	207	175	-11.66	6.58	-123.05	-1904.24	-3105.96	15039.98	1.57	-109.01	-7.06
92	514	276	131	91	207	176	-11.75	6.58	-123.03	-1893.23	-3091.06	15030.38	-44.61	-97.71	-17.15
91	514	276	132	91	207	175	-11.89	6.59	-122.87	-1888.77	-3103.11	15031.26	-81.58	-68.28	-20.49
90	514	274	130	89	206	175	-11.84	6.67	-122.87	-1878.73	-3089.75	15032.10	-85.25	-37.41	-5.17
89	513	274	131	90	207	175	-11.90	6.71	-122.79	-1868.79	-3084.86	15041.49	-107.24	-16.69	2.59
89	512	274	131	90	207	175	-12.04	6.74	-122.73	-1864.95	-3085.02	15051.42	-146.57	-7.61	9.81
89	512	275	131	89	206	175	-12.18	6.73	-122.62	-1864.71	-3100.57	15034.45	-169.79	-11.68	14.92
89	511	274	131	89	208	175	-12.26	6.69	-122.29	-1857.47	-3134.54	15037.12	-155.91	-11.94	14.92
89	512	275	131	90	206	175	-12.23	6.66	-122.10	-1847.20	-3142.61	15032.87	-135.71	-10.70	18.03
89	512	274	131	90	208	176	-12.19	6.62	-122.01	-1839.84	-3142.48	15046.22	-122.47	-12.96	15.88
89	512	276	131	90	206	176	-12.13	6.61	-122.04	-1836.85	-3133.96	15052.71	-117.50	-24.16	18.28
89	513	274	132	90	206	175	-12.24	6.53	-121.87	-1827.80	-3141.26	15052.48	-137.73	-33.95	20.77
90	512	276	131	90	207	176	-12.31	6.50	-121.63	-1815.21	-3154.20	15041.25	-139.99	-20.71	25.48
90	513	276	131	91	207	176	-12.27	6.54	-121.54	-1806.65	-3153.89	15041.59	-126.34	-3.02	35.71
89	513	274	131	90	207	176	-12.31	6.58	-121.52	-1807.52	-3157.59	15049.31	-137.12	5.38	41.52
89	512	275	131	90	207	175	-12.42	6.55	-121.34	-1805.54	-3178.91	15063.65	-145.07	-0.49	39.94
89	512	275	131	90	207	176	-12.53	6.51	-121.24	-1794.87	-3173.37	15054.46	-183.46	1.88	37.15
87	512	276	131	89	207	175	-12.74	6.53	-121.03	-1789.12	-3195.90	15049.54	-212.09	12.94	35.64
87	513	277	131	89	207	175	-12.84	6.59	-120.85	-1784.67	-3211.90	15052.46	-220.34	33.14	37.26
87	512	276	132	89	207	176	-12.84	6.60	-120.74	-1787.23	-3232.31	15072.04	-208.77	29.64	29.34
87	512	275	132	89	207	176	-12.90	6.55	-120.60	-1775.87	-3231.69	15066.04	-227.68	27.40	22.23
86	511	276	132	89	208	176	-13.00	6.60	-120.67	-1788.48	-3244.11	15070.93	-243.50	33.93	15.02
86	511	275	132	89	207	176	-13.00	6.60	-120.56	-1781.65	-3247.90	15062.39	-241.32	41.99	20.47
85	510	277	133	89	206	175	-13.11	6.74	-120.26	-1770.77	-3271.31	15062.47	-244.96	86.89	26.49
85	510	274	133	89	207	176	-13.08	6.82	-120.11	-1771.83	-3295.74	15067.54	-208.96	110.29	23.97
84	510	274	133	89	206	176	-12.90	6.82	-120.20	-1775.64	-3289.56	15075.77	-167.76	103.38	24.27
84	510	274	133	89	207	176	-12.93	6.77	-120.28	-1780.46	-3285.88	15075.38	-183.92	86.71	20.16
84	510	275	133	89	206	175	-13.08	6.72	-120.14	-1775.24	-3298.38	15063.21	-205.83	77.67	14.20
84	510	274	134	90	207	177	-13.00	6.71	-119.91	-1767.67	-3318.87	15061.05	-157.88	80.14	24.39
85	510	275	134	89	207	176	-12.86	6.71	-120.01	-1781.49	-3328.12	15073.80	-112.14	66.68	21.77
84	511	273	133	90	207	176	-12.79	6.63	-119.98	-1778.42	-3326.12	15085.11	-100.23	48.40	16.18
85	510	274	133	89	207	176	-12.82	6.62	-119.88	-1772.50	-3332.21	15085.25	-106.77	53.28	22.52
85	511	274	133	89	207	176	-12.94	6.68	-119.70	-1775.67	-3363.60	15092.99	-100.43	67.87	33.04
85	511	274	134	90	206	176	-12.88	6.65	-119.77	-1783.29	-3367.02	15103.34	-88.21	56.07	32.74
85	511	271	134	89	207	176	-12.97	6.61	-119.62	-1775.12	-3375.47	15091.37	-87.55	50.52	34.76
85	511	276	135	90	207	176	-13.03	6.59	-119.30	-1758.57	-3393.09	15081.00	-77.97	68.84	33.02
85	511	275	134	89	206	176	-13.09	6.62	-119.28	-1762.44	-3404.24	15090.35	-87.07	72.55	21.07
85	511	275	134	90	207	176	-13.14	6.54	-119.10	-1753.12	-3415.43	15094.83	-95.22	62.67	9.76
85	511	274	134	90	206	176	-13.18	6.53	-118.93	-1746.66	-3429.86	15084.29	-86.31	61.89	-1.07
85	510	273	134	90	207	176	-13.14	6.57	-118.82	-1738.53	-3431.36	15083.68	-76.49	83.45	-2.52
85	511	276	134	90	206	176	-13.10	6.61	-118.77	-1738.00	-3438.19	15080.49	-61.97	91.27	-4.34
85	511	277	134	90	207	175	-13.04	6.60	-118.82	-1742.10	-3438.89	15095.27	-52.97	85.66	-13.23
86	511	276	134	90	207	176	-12.99	6.55	-118.77	-1741.40	-3444.54	15095.71	-34.82	70.78	-24.22
85	511	277	135	89	207	176	-12.89	6.51	-118.84	-1738.93	-3428.71	15096.72	-26.98	62.49	-32.01
85	511	274	133	89	207	176	-12.97	6.47	-118.81	-1738.78	-3432.48	15094.29	-45.73	52.26	-39.96
86	511	276	134	90	206	176	-12.95	6.46	-118.76	-1735.64	-3435.65	15095.57	-30.60	45.00	-48.16
86	512	277	134	90	207	176	-12.84	6.46	-119.01	-1747.46	-3418.27	15100.59	-28.67	27.25	-57.40
86	511	276	134	90	207	176	-12.80	6.36	-118.97	-1740.89	-3412.76	15097.36	-31.23	6.89	-60.83
86	512	277	134	90	208	176	-12.82	6.29	-118.82	-1732.04	-3420.32	15102.89	-36.97	2.94	-64.44
87	512	277	134	91	208	177	-12.81	6.30	-118.79	-1727.44	-3417.50	15104.15	-33.92	-2.20	-68.17
87	511	276	134	90	206	176	-12.75	6.26	-118.81	-1723.87	-3405.63	15094.94	-35.13	-11.89	-71.11
86	511	274	134	90	208	176	-12.75	6.25	-118.75	-1716.07	-3402.95	15087.40	-36.52	-7.80	-70.95
86	511	277	135	91	208	176	-12.69	6.24	-118.85	-1719.87	-3393.00	15094.03	-26.24	-12.56	-69.30
86	511	277	135	91	208	176	-12.80	6.22	-118.77	-1715.48	-3397.15	15080.92	-50.03	-14.03	-64.79
86	511	277	135	90	208	176	-12.92	6.21	-118.56	-1709.10	-3419.09	15078.28	-50.98	-7.88	-66.60
86	512	277	135	90	208	176	-12.90	6.26	-118.62	-1713.45	-3416.54	15084.76	-50.13	-5.24	-67.07
87	511	278	135	90	207	176	-12.96	6.18	-118.55	-1710.38	-3422.91	15092.13	-60.42	-20.67	-71.37
87	511	279	135	90	207	176	-13.01	6.06	-118.37	-1700.46	-3431.96	15093.32	-65.00	-38.79	-77.55
87	511	277	135	90	208	176	-13.12	6.01	-118.04	-1682.43	-3450.17	15085.45	-68.10	-26.50	-74.87
86	511	278	135	90	208	176	-13.02	6.07	-118.02	-1676.11	-3443.26	15085.38	-49.55	-2.08	-69.78
86	511	275	135	91	208	176	-13.01	6.07	-118.03	-1674.31	-3437.10	15094.31	-58.97	4.73	-65.69
87	511	279	135	90	208	176	-13.03	6.12	-117.86	-1667.19	-3451.84	15079.20	-43.27	23.69	-54.80
86	511	278	135	91	208	177	-12.97	6.16	-117.77	-1661.23	-3454.25	15083.83	-24.91	42.61	-46.06
87	511	278	135	91	208	176	-12.90	6.21	-117.81	-1663.57	-3451.74	15097.24	-12.51	46.93	-42.26
87	511	276	135	90	208	177	-12.89	6.18	-117.80	-1660.39	-3448.55	15087.58	-13.14	41.63	-39.75
87	511	278	135	90	208	176	-12.92	6.12	-117.60	-1650.37	-3461.32	15080.00	-3.18	44.15	-36.71
87	510	277	135	91	208	176	-12.86	6.12	-117.48	-1643.85	-3466.66	15082.20	17.28	58.09	-36.32
87	511	277	135	90	207	176	-12.72	6.16	-117.62	-1647.06	-3452.72	15099.09	20.71	69.39	-38.61
87	510	276	135	90	207	176	-12.63	6.21	-117.75	-1653.71	-3443.29	15101.14	32.43	73.42	-26.43
87	511	278	135	90	207	176	-12.64	6.28	-117.81	-1665.62	-3454.32	15104.48	46.71	74.95	-21.06
87	511	277	135	90	207	176	-12.63	6.29	-117.82	-1669.74	-3461.81	15123.45	57.82	73.75	-24.40
86	510	277	136	91	207	176	-12.51	6.33	-117.93	-1670.25	-3446.72	15138.28	71.63	79.51	-19.43
87	511	280	135	91	208	176	-12.58	6.34	-118.00	-1675.14	-3443.98	15137.17	62.80	75.99	-16.26
87	511	278	135	91	208	177	-12.64	6.30	-117.94	-1671.18	-3445.58	15130.11	53.81	69.59	-19.10
87	510	277	135	91	207	176	-12.58	6.27	-117.87	-1661.63	-3438.10	15121.00	64.37	74.36	-11.79
87	511	278	135	90	208	176	-12.50	6.30	-117.93	-1667.94	-3441.00	15126.75	85.15	75.09	-10.90
87	511	280	135	90	207	176	-12.52	6.17	-117.96	-1664.35	-3429.95	15128.01	72.74	51.49	-18.16
87	511	277	135	91	207	176	-12.58	6.08	-117.82	-1657.13	-3438.25	15124.81	66.26	40.06	-28.10
87	511	278	135	92	208	176	-12.57	6.04	-117.58	-1643.87	-3449.14	15112.97	92.29	43.21	-24.15
87	511	277	135	91	207	177	-12.64	6.02	-117.41	-1638.48	-3468.68	15104.52	104.73	42.10	-29.34
87	511	278	134	91	207	176	-12.79	5.95	-117.21	-1632.96	-3489.05	15091.30	95.64	29.79	-49.72
87	511	277	135	90	208	176	-12.76	5.87	-117.05	-1617.11	-3486.59	15065.53	105.11	21.45	-63.59
87	511	277	135	90	207	176	-12.85	5.81	-116.90	-1603.05	-3484.06	15046.66	82.60	21.08	-74.51
88	511	278	134	90	207	176	-12.88	5.81	-116.74	-1592.70	-3487.86	15031.72	88.62	29.23	-84.98
87	511	278	135	91	207	176	-12.73	5.81	-116.67	-1579.06	-3473.47	15031.14	113.04	50.12	-95.93
87	510	276	135	91	207	176	-12.51	5.83	-116.92	-1579.91	-3432.39	15038.38	115.34	50.81	-114.59
87	511	275	135	91	208	176	-12.52	5.86	-116.97	-1579.12	-3424.17	15040.46	92.82	53.12	-133.46
87	511	277	135	91	207	177	-12.26	5.90	-117.14	-1577.56	-3393.77	15044.24	121.08	63.26	-143.28
88	511	277	135	91	207	176	-11.93	5.98	-117.56	-1585.88	-3342.28	15038.23	146.08	79.40	-132.62
88	511	276	135	90	208	176	-11.94	6.06	-117.63	-1579.99	-3319.76	15041.91	127.42	105.33	-120.04
88	511	278	135	91	208	176	-12.00	6.13	-117.57	-1579.99	-3329.18	15068.82	116.00	128.31	-115.04
87	511	277	135	92	208	176	-11.93	6.14	-117.54	-1578.99	-3332.32	15110.98	135.05	138.15	-112.68
88	511	276	135	90	207	177	-11.91	6.08	-117.66	-1582.64	-3320.70	15127.23	120.55	119.59	-112.60
88	511	279	135	91	207	175	-12.19	6.00	-117.45	-1578.91	-3345.07	15110.07	81.42	105.56	-111.77
88	511	278	135	90	207	176	-12.45	5.98	-117.20	-1573.36	-3375.61	15095.36	60.00	105.33	-123.43
88	511	279	135	91	208	177	-12.45	6.00	-117.14	-1573.89	-3384.83	15104.00	69.10	114.97	-139.26
88	511	278	136	91	208	176	-12.41	6.01	-117.37	-1582.00	-3365.39	15106.39	58.55	110.82	-152.00
87	511	279	135	91	208	176	-12.56	6.02	-117.25	-1581.70	-3384.52	15081.67	39.82	114.93	-159.50
88	511	278	136	91	207	176	-12.59	6.05	-117.06	-1572.81	-3396.89	15090.39	46.48	135.28	-169.57
87	511	278	135	91	208	176	-12.52	6.09	-117.19	-1575.37	-3381.25	15109.07	39.05	140.52	-190.29
88	511	277	135	90	208	178	-12.44	6.05	-117.37	-1578.41	-3358.79	15130.82	20.80	128.19	-206.73
88	511	279	135	91	207	176	-12.37	6.00	-117.46	-1574.28	-3338.05	15135.68	10.76	118.78	-210.69
88	511	278	136	90	207	177	-12.30	5.99	-117.44	-1567.97	-3326.75	15139.29	9.97	116.74	-215.06
88	511	277	135	91	208	177	-12.15	6.03	-117.84	-1584.37	-3297.01	15153.93	13.87	110.50	-221.21
88	511	280	135	91	208	176	-12.12	6.06	-118.06	-1592.35	-3278.96	15145.83	-1.67	105.38	-209.09
88	511	280	135	91	208	176	-12.26	6.09	-117.99	-1597.74	-3299.21	15144.34	-9.64	106.26	-199.94
88	510	279	135	90	208	176	-12.19	6.10	-117.99	-1597.05	-3299.25	15162.32	7.00	105.55	-199.74
88	510	277	135	91	208	177	-12.26	6.01	-117.91	-1592.00	-3300.29	15165.61	-10.55	85.77	-199.06
88	511	279	135	90	207	177	-12.41	5.92	-117.73	-1588.20	-3322.27	15166.73	-23.53	74.28	-204.25
89	510	280	136	91	208	176	-12.45	5.85	-117.63	-1582.59	-3325.56	15171.19	-27.85	57.27	-210.69
88	511	279	135	90	208	176	-12.48	5.75	-117.45	-1569.26	-3328.28	15165.43	-28.61	45.80	-211.61
88	510	280	136	91	208	176	-12.57	5.65	-117.26	-1560.39	-3340.07	15153.96	-44.48	35.01	-218.58
89	510	277	135	91	206	176	-12.71	5.60	-117.05	-1547.77	-3349.66	15139.26	-57.25	32.46	-225.40
88	510	278	136	92	208	177	-12.84	5.55	-116.67	-1528.99	-3372.98	15126.10	-57.49	41.19	-227.48
88	510	280	136	91	208	176	-12.87	5.56	-116.56	-1522.34	-3378.73	15119.59	-61.37	50.73	-235.80
89	511	277	135	91	208	177	-12.75	5.53	-116.59	-1522.22	-3372.19	15122.41	-47.70	47.19	-241.41
89	511	279	136	92	208	177	-12.78	5.46	-116.45	-1511.91	-3374.78	15125.29	-53.46	41.53	-245.69
89	510	281	135	90	208	177	-12.78	5.43	-116.43	-1506.11	-3367.84	15136.62	-69.19	37.11	-257.66
88	510	278	135	92	209	176	-12.79	5.36	-116.46	-1500.01	-3350.45	15124.19	-90.13	21.25	-268.87
89	510	277	135	92	207	176	-12.76	5.33	-116.13	-1478.81	-3359.13	15110.58	-67.82	30.79	-263.23
89	511	279	135	92	209	177	-12.59	5.41	-116.23	-1476.87	-3339.97	15113.45	-48.63	52.50	-254.77
89	510	278	136	92	208	177	-12.73	5.45	-116.10	-1474.62	-3355.17	15116.18	-65.20	59.38	-249.03
89	510	279	136	91	209	177	-12.79	5.48	-115.95	-1473.09	-3378.22	15125.17	-55.89	65.66	-250.23
89	510	279	136	91	208	177	-12.88	5.47	-115.83	-1472.64	-3397.30	15125.11	-52.70	73.27	-249.72
89	510	277	135	91	208	177	-12.91	5.53	-115.75	-1475.21	-3415.04	15122.06	-35.56	83.41	-249.63
89	510	279	135	91	208	177	-12.88	5.53	-115.71	-1476.85	-3424.89	15138.75	-28.18	81.84	-261.10
89	510	279	135	92	207	177	-12.99	5.50	-115.69	-1478.20	-3433.64	15139.82	-43.82	68.15	-271.60
89	510	278	136	90	208	177	-13.09	5.47	-115.49	-1473.29	-3456.76	15122.43	-35.53	61.99	-280.07
89	510	280	136	91	208	176	-13.01	5.46	-115.29	-1459.43	-3461.12	15128.30	-9.51	74.64	-291.86
89	510	279	136	91	208	177	-12.82	5.53	-115.60	-1468.66	-3426.87	15128.89	-5.13	73.26	-299.52
90	510	282	136	91	208	177	-12.84	5.50	-115.44	-1461.62	-3438.72	15116.65	-0.22	73.85	-298.74
89	511	281	135	91	208	176	-12.69	5.51	-115.48	-1460.74	-3429.99	15108.01	25.79	85.80	-298.96
89	510	280	135	92	208	177	-12.75	5.54	-115.66	-1473.11	-3427.29	15113.41	5.95	83.61	-307.31
89	511	279	136	91	207	176	-12.69	5.50	-115.63	-1471.65	-3427.52	15112.74	20.50	78.63	-313.94
90	510	280	136	91	208	176	-12.59	5.49	-115.71	-1468.27	-3407.35	15104.90	25.38	80.80	-312.35
89	510	279	136	92	208	177	-12.62	5.53	-115.65	-1466.85	-3413.98	15102.06	28.11	84.76	-310.58
89	511	279	136	91	208	177	-12.53	5.55	-115.69	-1463.51	-3400.48	15110.56	32.95	86.62	-317.30
89	510	278	136	92	208	176	-12.49	5.55	-115.81	-1467.74	-3388.66	15111.83	29.85	82.19	-312.78
89	511	279	135	92	208	177	-12.52	5.51	-115.71	-1459.75	-3390.42	15102.64	30.31	80.53	-310.00
89	511	280	136	91	208	177	-12.46	5.50	-115.62	-1452.76	-3389.10	15109.70	36.95	85.11	-314.30
89	511	280	136	91	208	176	-12.41	5.50	-115.72	-1453.92	-3375.85	15113.42	33.55	82.35	-313.98
89	511	278	136	91	208	176	-12.46	5.47	-115.67	-1450.63	-3377.25	15112.95	24.32	82.48	-312.28
89	510	279	136	92	209	177	-12.41	5.47	-115.71	-1448.10	-3367.79	15114.10	25.85	89.41	-311.42
89	511	278	136	92	208	177	-12.47	5.50	-115.80	-1452.89	-3359.40	15106.60	12.26	87.64	-307.45
90	511	280	136	91	209	177	-12.62	5.50	-115.74	-1454.25	-3374.83	15100.47	-5.95	84.21	-310.37
90	511	279	136	91	206	176	-12.77	5.44	-115.51	-1439.33	-3380.29	15085.04	-33.40	84.90	-319.46
90	511	277	136	92	209	177	-12.77	5.42	-115.36	-1430.97	-3387.88	15082.59	-24.78	91.85	-325.88
89	511	280	136	92	209	177	-12.65	5.44	-115.29	-1422.82	-3381.08	15082.46	-0.39	91.81	-323.34
90	511	280	136	91	208	177	-12.64	5.43	-115.27	-1418.08	-3377.43	15075.54	0.28	94.47	-327.52
89	511	281	135	92	209	177	-12.36	5.46	-115.18	-1411.57	-3377.96	15060.56	81.11	107.34	-319.35
89	511	278	136	92	209	177	-12.07	5.53	-115.44	-1408.20	-3328.66	15060.33	93.31	130.68	-309.88
89	511	278	136	91	208	177	-12.21	5.55	-115.42	-1412.79	-3339.03	15074.71	64.54	128.54	-309.43
90	511	281	136	92	209	177	-12.25	5.48	-115.18	-1397.75	-3347.87	15064.78	69.86	131.27	-308.16
89	511	279	135	91	208	176	-12.01	5.52	-115.16	-1382.86	-3317.88	15065.14	94.72	164.70	-301.45
89	511	279	136	92	209	177	-11.88	5.61	-115.47	-1390.32	-3284.19	15069.88	86.63	178.72	-286.78
89	511	280	136	91	208	176	-11.98	5.66	-115.53	-1395.20	-3285.58	15071.59	67.55	186.93	-278.49
89	511	280	136	91	208	177	-11.91	5.62	-115.39	-1385.44	-3287.30	15090.41	86.98	201.64	-273.42
90	512	281	136	91	209	177	-11.60	5.70	-115.74	-1396.37	-3253.73	15110.69	124.58	210.30	-254.70
89	511	279	136	91	209	176	-11.77	5.74	-115.84	-1404.15	-3254.05	15127.95	77.20	213.04	-241.56
89	511	278	135	91	208	177	-11.87	5.72	-115.64	-1401.94	-3280.14	15153.56	78.79	214.89	-230.08
90	511	281	136	91	209	177	-11.72	5.72	-115.74	-1404.45	-3269.94	15169.68	109.15	216.19	-214.83
89	511	278	136	91	209	176	-11.67	5.71	-115.90	-1409.22	-3255.44	15180.39	101.19	211.78	-201.64
90	511	281	137	91	209	177	-11.83	5.69	-115.80	-1408.96	-3270.27	15179.37	82.78	203.54	-186.61
89	511	277	136	91	210	176	-11.96	5.69	-115.68	-1411.71	-3294.55	15168.41	86.44	196.52	-169.73
90	511	281	136	91	209	177	-12.19	5.66	-115.42	-1405.53	-3324.23	15158.58	70.12	198.54	-169.44
89	511	280	136	92	209	177	-12.16	5.73	-115.49	-1415.25	-3333.62	15164.25	91.86	200.46	-171.97
89	511	281	136	92	210	176	-12.21	5.71	-115.33	-1407.09	-3343.53	15165.04	89.22	206.59	-164.72
89	511	279	136	92	208	177	-12.36	5.77	-115.42	-1422.53	-3360.56	15163.79	65.21	206.66	-177.03
90	511	281	136	91	210	177	-12.36	5.81	-115.58	-1434.41	-3359.93	15159.40	65.10	202.98	-188.33
90	511	280	136	92	209	177	-12.41	5.88	-115.63	-1443.69	-3369.53	15147.83	71.39	201.38	-191.67
89	511	281	137	91	208	176	-12.47	5.82	-115.47	-1436.70	-3380.66	15151.84	66.87	197.66	-206.98
89	511	279	136	92	209	176	-12.48	5.85	-115.67	-1450.87	-3378.22	15153.45	62.38	190.28	-220.93
90	511	279	136	92	209	177	-12.55	5.84	-115.64	-1450.92	-3383.11	15156.98	52.81	187.91	-231.19
89	511	280	136	92	209	177	-12.44	5.85	-115.77	-1454.98	-3369.16	15174.73	57.07	188.07	-246.33
89	511	278	136	92	210	177	-12.44	5.79	-115.71	-1446.63	-3362.90	15178.19	44.32	181.31	-254.96
90	511	280	136	92	209	177	-12.27	5.83	-115.78	-1446.10	-3351.75	15184.28	66.30	190.45	-264.11
89	511	279	136	92	208	176	-12.11	5.87	-116.14	-1460.59	-3320.77	15202.87	64.14	186.63	-264.16
90	511	280	136	92	210	177	-12.20	5.82	-116.03	-1457.96	-3332.13	15198.72	56.73	176.49	-262.65
89	511	283	136	92	209	177	-12.13	5.82	-116.18	-1463.86	-3321.92	15200.79	56.84	169.67	-274.72
90	511	280	136	92	209	177	-12.06	5.80	-116.45	-1474.07	-3299.83	15200.55	53.80	155.04	-271.53
90	511	280	135	92	208	177	-12.24	5.70	-116.35	-1466.77	-3300.23	15175.52	12.61	134.98	-269.40
90	511	282	136	92	210	177	-12.45	5.59	-115.91	-1445.43	-3326.42	15138.34	0.38	129.24	-274.88
89	511	281	136	91	209	176	-12.28	5.71	-116.12	-1453.76	-3310.30	15107.23	40.76	142.12	-261.84
90	511	279	136	91	209	176	-12.35	5.75	-116.11	-1455.87	-3314.19	15118.86	23.32	151.22	-264.55
90	511	280	136	92	209	177	-12.34	5.79	-116.41	-1473.08	-3304.28	15146.32	3.36	142.01	-263.52
90	511	279	136	92	209	177	-12.46	5.72	-116.09	-1462.82	-3333.06	15129.00	15.79	135.26	-251.59
89	511	281	136	92	209	177	-12.36	5.79	-116.16	-1470.28	-3337.81	15133.75	52.80	149.84	-245.91
89	511	280	136	92	209	177	-12.41	5.80	-116.32	-1480.57	-3332.12	15147.07	25.86	146.65	-248.72
89	511	282	136	92	209	177	-12.68	5.77	-116.09	-1480.74	-3369.71	15143.31	-5.83	136.87	-253.63
90	511	283	136	92	209	176	-12.76	5.79	-116.01	-1485.10	-3394.43	15116.55	15.66	133.98	-249.80
90	512	280	136	92	210	176	-12.94	5.78	-115.59	-1476.45	-3444.11	15096.32	38.08	147.33	-258.31
90	511	280	136	92	210	177	-12.76	5.86	-115.66	-1484.22	-3449.10	15100.10	87.67	152.76	-278.00
89	511	282	136	90	210	177	-12.67	5.87	-115.82	-1487.81	-3428.65	15093.70	82.74	147.62	-283.70
90	511	280	136	91	209	177	-12.87	5.78	-115.76	-1500.22	-3465.81	15135.01	59.20	121.89	-288.36
89	511	282	137	91	211	177	-12.71	5.65	-115.89	-1495.41	-3433.92	15174.86	41.04	89.30	-303.64
90	511	282	137	91	210	177	-12.53	5.50	-116.06	-1489.64	-3393.43	15183.32	32.19	55.48	-306.71
89	511	280	136	92	211	176	-12.29	5.41	-116.28	-1482.76	-3342.75	15174.95	40.03	36.76	-300.48
90	511	281	136	92	211	177	-12.20	5.40	-116.46	-1483.62	-3316.22	15173.20	27.83	29.12	-303.70
89	511	283	137	91	210	177	-12.09	5.41	-116.62	-1485.64	-3294.21	15170.54	31.04	28.41	-302.82
89	511	282	137	91	211	177	-12.23	5.44	-116.62	-1483.56	-3290.70	15159.42	-1.81	35.49	-303.98
90	511	282	137	92	211	177	-12.42	5.44	-116.50	-1479.38	-3301.76	15150.45	-32.87	43.92	-315.13
90	511	283	137	92	211	177	-12.40	5.43	-116.30	-1466.21	-3307.47	15144.52	-18.23	58.12	-310.12
89	512	282	136	92	210	177	-12.41	5.44	-116.24	-1461.10	-3306.30	15156.50	-16.07	67.87	-310.76
90	511	282	137	91	211	177	-12.53	5.39	-116.18	-1453.85	-3300.98	15148.47	-51.82	58.87	-311.63
90	511	286	136	91	212	176	-12.83	5.34	-115.69	-1439.55	-3350.73	15143.05	-66.82	64.83	-315.69
89	512	280	136	92	211	176	-12.72	5.35	-115.70	-1438.18	-3347.20	15142.70	-42.43	71.04	-325.26
90	512	283	137	92	211	177	-12.85	5.31	-115.63	-1434.67	-3350.44	15134.56	-65.76	70.84	-331.95
90	511	281	136	91	212	176	-12.82	5.32	-115.36	-1426.73	-3378.32	15129.63	-28.32	79.19	-340.35
90	512	284	136	91	211	177	-12.60	5.33	-115.41	-1419.60	-3355.20	15117.95	1.04	88.13	-345.08
90	511	282	136	92	211	177	-12.68	5.33	-115.38	-1417.62	-3355.64	15113.85	-21.31	89.33	-346.68
90	511	283	135	92	211	177	-12.86	5.34	-115.16	-1408.14	-3375.46	15089.56	-36.89	87.71	-348.54
90	512	281	137	91	212	178	-12.78	5.38	-114.96	-1400.73	-3390.09	15071.28	12.15	109.88	-347.92
90	511	281	136	91	211	177	-12.44	5.46	-115.18	-1400.09	-3354.38	15090.12	47.24	134.53	-347.17
90	511	280	137	92	211	177	-12.38	5.46	-115.29	-1402.29	-3340.26	15130.81	32.23	134.76	-341.36
90	511	281	136	92	210	177	-12.47	5.43	-115.01	-1391.97	-3361.05	15148.27	33.82	134.67	-339.39
90	511	284	137	92	211	177	-12.35	5.45	-115.10	-1389.57	-3344.80	15178.46	39.33	142.33	-350.67
89	512	281	137	92	211	177	-12.27	5.40	-115.28	-1388.10	-3311.16	15195.73	7.31	130.72	-356.39
90	511	283	137	92	211	177	-12.24	5.35	-115.41	-1391.09	-3295.80	15189.55	-1.15	113.63	-340.07
90	511	282	137	92	210	177	-12.48	5.32	-115.28	-1392.94	-3321.81	15169.47	-20.15	104.45	-340.97
90	511	280	137	91	211	177	-12.41	5.36	-115.37	-1404.49	-3329.52	15161.40	5.76	100.38	-346.42
90	511	281	137	92	211	176	-12.38	5.30	-115.31	-1393.47	-3317.04	15150.93	3.37	93.81	-344.90
90	512	282	136	92	211	177	-12.41	5.24	-115.09	-1381.79	-3328.59	15145.38	10.65	91.57	-342.00
90	511	284	137	92	210	176	-12.20	5.27	-115.30	-1385.90	-3301.36	15136.71	34.02	90.14	-332.00
90	511	282	137	92	211	177	-12.31	5.29	-115.33	-1388.81	-3302.29	15114.27	14.12	91.68	-321.55
91	511	281	137	92	212	177	-12.43	5.30	-115.11	-1379.37	-3321.78	15111.76	1.51	97.80	-328.53
90	511	284	137	91	211	176	-12.22	5.33	-115.27	-1379.00	-3291.89	15109.17	16.79	103.36	-317.30
90	511	282	137	92	212	178	-12.41	5.29	-115.04	-1368.05	-3308.29	15094.91	-8.30	105.59	-303.93
91	511	283	137	91	212	177	-12.36	5.33	-114.94	-1362.45	-3311.28	15092.97	3.56	114.91	-302.49
90	511	280	137	92	211	177	-12.21	5.45	-115.13	-1367.52	-3292.72	15092.32	17.69	131.77	-286.76
90	511	282	136	92	211	177	-12.30	5.48	-115.06	-1371.35	-3311.08	15120.70	9.35	141.68	-273.93
90	511	284	137	92	212	176	-12.37	5.47	-115.03	-1369.38	-3312.13	15143.67	-14.32	141.79	-278.38
90	511	284	137	92	211	177	-12.21	5.43	-115.05	-1363.91	-3295.12	15163.48	-3.85	138.70	-265.66
90	511	281	137	92	211	177	-12.27	5.38	-114.91	-1356.72	-3304.36	15172.11	-8.41	137.77	-251.08
90	512	282	136	92	211	177	-12.40	5.29	-114.74	-1349.88	-3318.35	15185.70	-39.14	129.08	-262.02
90	511	284	137	92	212	177	-12.42	5.23	-114.69	-1345.99	-3317.23	15191.62	-48.28	115.18	-256.87
91	511	283	137	92	212	177	-12.75	5.19	-114.34	-1339.89	-3363.37	15169.44	-71.12	115.97	-233.68
90	511	283	137	92	211	177	-13.22	5.18	-114.10	-1351.29	-3432.40	15170.37	-103.81	107.32	-242.44
90	511	281	137	93	212	177	-13.63	5.13	-113.79	-1349.53	-3483.98	15137.85	-139.07	92.85	-265.12
90	511	283	137	92	212	177	-13.78	5.12	-113.26	-1330.05	-3536.18	15112.16	-103.42	113.96	-284.02
90	512	282	137	91	212	177	-13.49	5.20	-113.31	-1329.95	-3525.37	15131.15	-58.95	139.91	-301.42
90	511	283	137	92	211	177	-13.58	5.21	-113.36	-1334.65	-3526.90	15142.19	-84.90	137.92	-321.24
90	512	283	136	92	211	176	-13.57	5.08	-113.07	-1306.12	-3516.76	15121.08	-95.05	139.32	-355.48
90	511	282	137	92	211	177	-13.00	5.09	-113.26	-1291.81	-3445.32	15117.83	-40.70	159.90	-369.71
91	512	281	136	92	212	177	-12.44	5.18	-113.84	-1297.42	-3357.05	15141.13	-15.32	177.26	-347.82
90	511	283	137	92	211	176	-12.39	5.26	-114.01	-1317.55	-3371.40	15189.88	6.05	175.90	-322.03
90	511	280	137	93	212	177	-12.36	5.21	-114.01	-1326.07	-3392.43	15197.38	43.75	156.55	-303.68
90	511	282	137	92	212	177	-12.47	5.20	-114.01	-1332.97	-3405.21	15200.91	34.81	146.22	-304.30
90	512	287	136	92	213	177	-12.51	5.22	-114.09	-1340.52	-3409.95	15196.67	31.17	139.36	-297.28
90	511	283	138	92	211	177	-12.63	5.25	-114.05	-1341.49	-3419.65	15175.83	19.41	135.14	-279.92
90	511	285	137	92	210	176	-12.82	5.22	-113.77	-1335.02	-3455.27	15168.44	23.09	142.04	-277.32
91	511	283	137	92	211	177	-12.59	5.22	-113.90	-1336.47	-3433.90	15171.82	57.74	138.14	-289.11
90	512	281	136	91	210	176	-12.44	5.18	-114.04	-1331.05	-3396.81	15165.03	47.60	126.08	-282.30
91	511	283	137	92	211	177	-12.54	5.10	-113.89	-1323.29	-3406.77	15138.98	41.27	116.02	-276.83
90	511	283	136	92	211	176	-12.28	5.04	-113.77	-1308.73	-3393.23	15112.23	100.16	114.52	-273.99
91	512	284	137	92	211	177	-11.71	5.12	-114.09	-1307.89	-3335.37	15080.82	174.40	134.80	-254.04
90	511	285	137	93	212	178	-11.75	5.22	-114.54	-1323.50	-3295.00	15077.78	119.63	141.46	-233.39
90	511	283	137	92	211	177	-12.05	5.23	-114.27	-1319.72	-3331.85	15064.69	95.70	147.53	-211.92
91	512	284	136	92	211	177	-12.18	5.31	-114.01	-1314.74	-3365.66	15054.45	114.16	174.11	-200.98
91	512	284	137	92	211	177	-12.24	5.43	-114.38	-1332.60	-3341.57	15073.93	58.80	183.60	-203.28
91	512	283	136	92	212	177	-12.75	5.38	-114.22	-1324.17	-3351.70	15062.63	-64.29	176.52	-205.96
90	512	282	137	92	211	176	-12.71	5.43	-113.90	-1315.36	-3385.31	15058.30	-22.07	201.40	-198.16
91	512	283	137	92	212	177	-12.45	5.55	-114.26	-1326.79	-3349.04	15084.59	3.18	212.18	-185.01
90	512	283	136	92	211	177	-12.63	5.53	-114.25	-1331.45	-3360.79	15092.56	-32.23	203.02	-180.31
90	511	283	137	92	212	177	-12.62	5.53	-114.04	-1324.88	-3381.55	15095.33	-2.37	215.17	-167.69
90	512	284	137	92	212	177	-12.53	5.58	-114.06	-1328.24	-3386.48	15127.76	20.05	232.26	-167.21
90	511	284	137	92	212	177	-12.48	5.55	-114.40	-1342.42	-3359.55	15163.58	-11.30	214.65	-161.75
90	511	283	137	92	212	177	-12.72	5.44	-114.11	-1334.10	-3392.17	15175.40	-32.54	196.16	-159.06
91	512	285	137	92	212	177	-12.56	5.50	-114.28	-1344.00	-3383.17	15193.23	-7.41	198.41	-162.81
91	512	282	136	93	213	177	-12.49	5.49	-114.62	-1356.60	-3352.41	15192.16	-32.44	177.63	-150.82
91	512	283	136	92	212	177	-12.72	5.44	-114.34	-1351.57	-3391.19	15169.96	-31.22	169.75	-142.37
91	511	285	137	92	213	177	-12.56	5.44	-114.62	-1356.99	-3353.63	15159.46	-39.81	161.52	-143.01
91	511	284	137	92	212	177	-12.65	5.42	-114.68	-1359.54	-3349.55	15131.89	-65.12	141.14	-126.51
91	512	282	137	91	212	177	-12.73	5.39	-114.52	-1355.96	-3368.07	15094.89	-48.06	145.13	-106.78
91	512	282	137	92	212	177	-12.73	5.41	-114.45	-1351.17	-3371.07	15082.35	-44.46	149.43	-105.34
90	511	282	137	92	212	177	-12.67	5.40	-114.48	-1347.41	-3357.11	15067.83	-41.78	153.30	-93.17
90	512	281	137	92	212	177	-12.77	5.45	-114.31	-1339.24	-3369.26	15062.84	-42.49	177.69	-79.97
91	512	283	137	93	213	177	-12.63	5.57	-114.57	-1354.27	-3358.79	15076.50	-27.92	192.81	-67.32
92	512	284	137	92	213	177	-12.67	5.59	-114.67	-1358.96	-3348.45	15082.07	-54.62	193.61	-55.95
90	511	282	137	93	212	178	-12.79	5.64	-114.32	-1344.61	-3378.83	15070.77	-46.39	223.98	-36.45
91	512	284	137	93	212	177	-12.58	5.84	-114.57	-1361.78	-3373.69	15100.03	-9.37	263.28	-19.48
91	511	286	136	92	213	177	-12.45	5.90	-115.09	-1386.29	-3339.60	15140.83	-23.50	256.42	-4.11
91	512	283	137	92	213	177	-12.60	5.83	-114.96	-1387.38	-3362.02	15139.19	-37.93	233.40	15.40
91	511	284	137	92	210	177	-12.62	5.84	-114.70	-1382.81	-3395.32	15125.43	5.87	245.48	33.18
90	511	283	137	92	212	177	-12.43	5.95	-114.87	-1394.07	-3392.16	15127.95	50.02	264.96	44.87
90	511	282	138	92	212	176	-12.30	6.02	-115.25	-1418.57	-3380.15	15160.36	67.52	263.61	59.68
91	512	282	137	93	212	177	-12.41	6.03	-115.39	-1432.84	-3385.54	15168.14	41.35	250.43	61.39
91	512	285	137	93	213	177	-12.44	6.03	-115.59	-1447.00	-3383.26	15171.13	32.18	230.46	63.82
91	512	284	138	92	212	177	-12.53	5.99	-115.60	-1447.45	-3383.30	15156.38	19.92	215.73	70.23
91	511	282	137	92	212	177	-12.53	5.99	-115.62	-1451.87	-3388.54	15144.56	24.67	210.80	75.07
91	512	284	137	92	212	177	-12.53	6.03	-115.72	-1456.08	-3382.71	15134.13	24.64	213.36	81.97
91	511	283	137	92	212	176	-12.63	6.01	-115.75	-1461.88	-3386.37	15124.62	4.46	199.19	78.12
90	512	283	137	92	212	177	-12.73	5.98	-115.78	-1462.58	-3384.45	15094.59	-18.06	188.38	89.56
92	512	284	137	93	211	177	-13.08	6.09	-115.55	-1465.65	-3428.43	15056.66	-32.26	213.81	101.38
90	512	285	137	93	213	177	-13.16	6.18	-115.48	-1476.77	-3464.41	15074.63	-12.95	229.57	90.76
91	511	286	137	93	213	177	-13.13	6.19	-115.62	-1484.33	-3455.79	15093.30	-19.80	227.64	81.48
91	512	283	137	93	213	177	-13.12	6.17	-115.63	-1483.12	-3452.60	15116.23	-32.31	230.66	74.15
91	512	284	137	94	212	177	-13.08	6.20	-115.92	-1494.56	-3427.77	15118.02	-54.40	219.98	67.95
91	512	285	137	92	212	177	-13.19	6.17	-115.90	-1494.83	-3430.98	15099.72	-70.13	212.78	68.50
91	512	284	137	92	213	177	-13.21	6.24	-116.02	-1509.89	-3440.23	15099.53	-68.37	222.04	62.02
91	512	285	137	92	213	177	-13.01	6.33	-116.32	-1523.40	-3420.02	15115.55	-51.85	231.59	59.42
91	511	283	137	92	212	177	-13.01	6.30	-116.51	-1529.83	-3400.62	15123.98	-83.91	218.81	64.65
90	511	284	138	93	211	177	-13.04	6.28	-116.43	-1532.33	-3420.59	15133.38	-71.41	214.92	72.82
91	511	285	138	93	212	177	-12.85	6.37	-116.74	-1548.32	-3401.36	15152.51	-52.29	222.07	84.03
91	512	283	137	92	213	177	-12.89	6.36	-117.06	-1574.70	-3401.69	15166.08	-72.63	201.77	89.58
91	511	282	137	93	213	177	-12.89	6.32	-117.01	-1578.57	-3415.41	15163.58	-53.45	185.08	97.00
91	512	283	137	92	212	177	-12.91	6.36	-117.14	-1587.64	-3412.64	15164.20	-56.72	177.78	106.90
91	512	284	137	93	211	176	-13.12	6.40	-117.13	-1599.66	-3439.60	15150.99	-78.99	168.09	111.30
90	512	285	137	92	211	177	-13.13	6.38	-117.02	-1603.07	-3463.82	15141.64	-47.79	160.98	111.74
91	511	283	138	93	213	177	-13.00	6.38	-117.23	-1612.32	-3447.43	15147.96	-36.65	149.33	105.25
91	512	282	137	92	212	177	-12.88	6.31	-117.20	-1603.90	-3435.26	15143.76	-24.92	138.57	113.09
91	511	284	137	92	212	177	-12.82	6.30	-117.20	-1602.51	-3431.90	15148.57	-14.87	139.44	127.23
91	511	284	137	93	213	177	-12.93	6.29	-117.16	-1604.98	-3443.30	15158.94	-31.33	135.27	129.07
91	512	282	138	92	213	177	-13.03	6.20	-117.19	-1604.73	-3438.14	15139.99	-54.36	107.80	127.87
92	512	282	136	91	212	177	-13.14	6.21	-117.06	-1602.70	-3454.23	15099.79	-52.69	109.41	130.72
91	511	285	138	93	213	177	-13.11	6.32	-117.18	-1608.56	-3446.32	15071.60	-31.81	129.14	141.44
91	512	283	137	93	213	177	-13.19	6.41	-117.20	-1620.73	-3467.40	15064.42	-25.47	138.18	142.32
91	511	285	137	92	212	177	-13.26	6.42	-117.16	-1626.70	-3486.63	15067.80	-24.89	132.13	130.50
91	512	285	137	92	212	177	-13.32	6.37	-117.06	-1619.56	-3489.30	15047.61	-35.80	129.37	122.73
91	511	284	137	93	213	177	-13.36	6.38	-116.83	-1607.18	-3503.64	15039.03	-26.56	150.20	116.54
91	511	285	137	92	212	176	-13.21	6.46	-117.06	-1609.43	-3469.65	15035.48	-35.33	164.14	117.26
91	511	286	137	92	212	177	-13.40	6.45	-116.87	-1604.95	-3490.17	15030.50	-59.76	168.78	112.65
91	511	281	137	93	213	177	-13.25	6.53	-116.86	-1606.31	-3497.66	15044.98	-21.93	194.24	103.82
91	512	282	137	93	212	178	-13.09	6.62	-117.12	-1613.39	-3466.78	15064.93	-25.18	204.68	104.98
91	512	283	138	93	213	177	-13.14	6.66	-117.12	-1622.12	-3484.04	15076.68	-26.87	213.40	104.53
91	512	284	137	92	213	177	-13.02	6.71	-117.30	-1634.02	-3479.24	15099.65	-8.43	218.13	101.15
91	511	285	138	92	213	177	-12.94	6.71	-117.55	-1645.51	-3458.88	15121.67	-23.96	212.97	98.04
91	512	284	137	93	212	177	-12.93	6.69	-117.60	-1650.84	-3460.13	15126.78	-22.16	204.72	104.44
91	512	286	137	92	212	177	-12.94	6.74	-117.69	-1662.70	-3469.13	15126.44	-20.85	203.74	107.17
91	511	284	137	93	213	178	-13.05	6.78	-117.82	-1678.96	-3478.47	15127.52	-37.51	200.85	101.46
91	512	285	138	93	213	177	-13.09	6.82	-117.87	-1683.21	-3480.75	15122.55	-42.23	206.36	100.69
91	512	283	137	93	214	177	-13.03	6.80	-117.95	-1686.05	-3473.71	15125.22	-43.37	205.54	98.65
91	511	285	137	92	213	177	-13.11	6.77	-117.92	-1687.55	-3479.22	15117.16	-51.05	194.36	99.77
90	511	284	137	93	213	177	-13.10	6.71	-117.86	-1684.97	-3483.26	15115.90	-44.85	189.84	93.98
91	512	284	137	92	213	176	-13.16	6.76	-118.08	-1702.32	-3482.10	15099.70	-61.06	175.65	93.83
92	512	285	138	92	214	177	-13.33	6.81	-117.94	-1703.41	-3506.39	15073.12	-62.60	177.47	93.99
91	512	284	137	94	213	177	-13.35	6.86	-117.98	-1710.44	-3513.47	15067.26	-55.22	181.80	85.49
91	512	285	137	93	212	177	-13.26	6.90	-118.11	-1716.72	-3503.40	15062.30	-48.46	179.46	75.67
91	511	285	138	93	213	177	-13.20	6.90	-118.18	-1712.48	-3484.03	15042.18	-54.39	184.33	73.88
91	512	286	138	93	213	177	-13.26	6.93	-118.23	-1715.46	-3482.83	15033.87	-66.62	189.57	73.89
91	512	283	137	93	213	177	-13.29	7.00	-118.30	-1729.28	-3496.69	15037.58	-58.49	203.59	80.55
91	511	284	137	93	212	176	-13.31	7.12	-118.53	-1750.82	-3498.25	15041.90	-61.16	204.36	78.32
91	511	283	137	92	212	177	-13.38	7.18	-118.74	-1774.08	-3509.14	15034.21	-63.31	184.54	74.95
91	512	285	137	93	213	177	-13.49	7.15	-118.61	-1772.97	-3527.48	14995.30	-57.14	176.86	76.80
92	511	283	137	92	214	177	-13.56	7.26	-118.49	-1766.93	-3534.71	14993.13	-63.13	208.77	69.61
92	511	285	137	93	214	177	-13.48	7.27	-118.58	-1767.18	-3521.97	15019.47	-70.88	219.88	60.38
91	511	283	138	93	213	177	-13.57	7.19	-118.32	-1751.82	-3533.07	15017.10	-77.33	227.49	52.76
91	512	285	138	93	212	177	-13.40	7.24	-118.44	-1754.63	-3520.42	15016.04	-51.12	239.21	44.68
91	512	286	137	92	213	177	-13.41	7.29	-118.55	-1757.30	-3509.80	15019.04	-70.26	248.85	46.94
92	512	284	138	92	214	177	-13.55	7.34	-118.47	-1764.83	-3533.91	15024.89	-74.30	258.81	50.75
91	512	284	137	93	213	178	-13.60	7.39	-118.58	-1776.99	-3539.21	15030.44	-81.68	259.87	46.56
91	512	286	137	94	213	177	-13.71	7.44	-118.55	-1785.14	-3559.85	15031.72	-87.00	260.73	40.68
91	512	287	137	93	213	177	-13.58	7.51	-118.72	-1801.68	-3562.46	15024.74	-61.60	265.59	36.40
92	512	284	138	92	213	177	-13.62	7.55	-118.79	-1812.80	-3569.14	15039.90	-73.17	268.91	26.83
92	512	286	138	92	213	177	-13.49	7.62	-118.96	-1827.76	-3570.68	15058.70	-43.71	274.22	21.18
92	512	284	138	92	213	178	-13.29	7.62	-119.24	-1832.37	-3535.95	15058.17	-32.93	268.15	17.88
91	511	287	137	92	213	177	-13.20	7.66	-119.50	-1846.35	-3518.95	15070.06	-35.43	266.15	20.08
92	512	284	137	93	213	177	-13.11	7.68	-119.70	-1855.44	-3504.60	15063.36	-22.96	261.19	33.38
92	511	288	138	93	212	177	-13.13	7.73	-119.76	-1864.86	-3510.57	15075.99	-25.06	266.13	36.71
91	511	285	137	93	213	177	-13.07	7.76	-119.94	-1878.82	-3505.44	15082.59	-22.61	263.77	46.67
92	511	285	138	93	213	178	-13.19	7.82	-120.05	-1898.28	-3523.57	15085.86	-31.28	258.08	54.69
91	512	287	138	93	214	177	-13.32	7.79	-120.02	-1902.57	-3535.39	15074.37	-46.51	249.98	50.51
91	512	285	138	93	213	178	-13.20	7.84	-120.16	-1916.04	-3537.22	15085.45	-13.29	244.43	51.98
92	512	284	138	93	213	177	-13.13	7.90	-120.53	-1931.64	-3507.36	15072.97	-32.92	237.06	59.88
91	512	284	137	93	213	177	-13.33	7.87	-120.54	-1937.25	-3516.19	15057.13	-68.98	222.46	56.94
92	511	287	138	93	213	177	-13.25	7.96	-120.77	-1949.39	-3500.98	15039.07	-63.68	227.98	66.79
91	511	285	138	93	213	177	-13.39	8.00	-120.81	-1956.12	-3505.33	15021.12	-83.94	233.03	78.20
91	512	289	138	93	213	178	-13.44	8.05	-120.83	-1967.12	-3521.67	15017.46	-71.90	235.03	85.74
92	512	285	138	93	213	177	-13.41	8.07	-120.99	-1981.76	-3519.78	15014.99	-69.75	229.58	99.45
92	512	282	138	93	214	177	-13.55	8.07	-120.94	-1987.27	-3536.39	15019.64	-78.61	226.70	100.08
92	511	285	137	93	213	177	-13.55	8.10	-121.04	-1998.31	-3540.37	15026.45	-80.53	220.32	97.83
92	512	287	138	93	213	178	-13.52	8.10	-121.17	-2007.59	-3536.76	15028.33	-82.26	211.75	102.49
92	512	284	137	93	214	177	-13.56	8.11	-121.26	-2014.21	-3534.32	15034.32	-91.74	209.26	96.46
91	512	286	138	93	214	177	-13.42	8.08	-121.57	-2025.10	-3504.60	15046.20	-99.86	195.80	104.64
92	512	283	137	92	213	177	-13.69	8.01	-121.29	-2017.25	-3533.57	15034.29	-132.21	186.86	118.11
92	512	285	138	93	213	178	-13.87	8.02	-121.14	-2025.78	-3570.09	15017.97	-129.35	184.67	118.20
92	512	285	138	93	213	177	-13.81	8.04	-121.25	-2034.10	-3568.19	15011.68	-121.19	179.73	118.44
91	512	284	138	93	213	178	-13.87	8.03	-121.15	-2032.59	-3579.38	15009.89	-125.08	178.35	122.77
92	512	284	138	93	213	177	-13.90	8.02	-121.08	-2035.36	-3595.01	15032.00	-119.42	176.53	123.58
92	512	286	138	93	214	177	-13.92	7.95	-120.98	-2029.39	-3602.66	15046.00	-115.45	161.30	125.70
92	512	287	138	93	212	177	-14.01	7.88	-120.89	-2026.52	-3611.93	15052.30	-128.28	152.24	114.72
92	512	288	138	93	213	177	-13.88	7.84	-120.99	-2025.60	-3592.33	15063.68	-128.36	144.98	110.88
91	511	287	138	93	213	177	-13.67	7.82	-121.19	-2020.12	-3555.71	15063.10	-123.80	144.13	111.14
92	511	286	138	93	213	178	-13.39	7.85	-121.66	-2034.91	-3505.93	15071.94	-120.71	129.57	120.98
92	512	285	137	93	214	178	-13.39	7.84	-121.85	-2042.37	-3491.23	15063.74	-135.77	104.54	149.93
92	512	285	138	93	213	178	-13.60	7.83	-121.55	-2043.85	-3537.47	15036.76	-124.73	103.67	181.73
92	512	284	137	92	214	178	-13.63	7.89	-121.41	-2050.45	-3570.80	15033.12	-92.40	116.68	193.70
92	512	285	138	93	213	178	-13.62	7.87	-121.51	-2062.93	-3574.46	15049.06	-93.33	100.00	205.21
92	511	286	138	93	213	177	-13.76	7.76	-121.25	-2052.39	-3597.93	15031.81	-91.66	81.45	220.60
92	512	284	138	93	213	178	-13.83	7.71	-120.97	-2043.17	-3626.04	15022.62	-70.28	72.78	226.57
92	512	288	137	93	212	177	-13.84	7.73	-120.98	-2045.81	-3629.54	15006.09	-63.56	70.99	232.69
92	512	287	138	93	214	178	-13.83	7.80	-120.83	-2045.52	-3652.26	14981.18	-29.13	80.29	233.01
92	512	287	138	92	214	177	-13.56	7.93	-121.05	-2050.24	-3625.25	14964.92	16.57	105.77	241.51
92	512	287	138	93	213	178	-13.40	7.98	-121.10	-2052.13	-3621.78	14979.88	46.54	123.13	253.48
92	512	285	138	93	214	177	-13.37	7.99	-121.18	-2057.92	-3616.69	15001.88	46.77	119.93	257.11
92	511	287	138	92	213	177	-13.34	7.99	-121.23	-2059.63	-3612.86	15008.59	49.38	120.58	258.55
92	512	286	138	94	213	178	-13.17	8.01	-121.32	-2059.65	-3598.62	15014.96	73.26	117.60	266.33
92	511	285	138	94	214	177	-13.06	8.01	-121.52	-2062.66	-3573.09	15024.21	66.65	117.12	272.76
92	512	285	138	93	213	177	-12.89	7.98	-121.68	-2067.33	-3556.43	15049.20	76.26	105.32	281.02
92	512	285	139	92	213	178	-12.75	7.95	-122.04	-2076.56	-3516.01	15073.14	54.10	88.20	297.92
92	512	284	138	93	213	177	-13.06	7.88	-121.81	-2075.93	-3549.81	15067.08	20.75	72.54	309.87
92	512	285	138	93	214	178	-13.00	7.88	-121.66	-2075.94	-3571.52	15069.13	55.41	70.41	312.13
92	512	288	138	94	213	178	-12.83	7.87	-121.97	-2088.94	-3546.14	15078.87	76.39	55.79	326.07
92	512	286	138	93	213	177	-13.06	7.79	-121.76	-2087.49	-3576.04	15076.93	60.42	33.80	336.22
92	511	285	138	93	214	176	-13.21	7.67	-121.39	-2070.52	-3606.83	15066.28	68.20	24.91	326.76
92	511	287	138	93	215	178	-12.97	7.59	-121.30	-2051.39	-3587.49	15061.17	112.74	27.07	325.02
92	512	289	138	93	213	178	-12.96	7.53	-121.21	-2042.62	-3587.72	15080.51	117.05	28.51	325.17
92	512	286	139	94	214	177	-12.90	7.49	-121.41	-2054.49	-3576.33	15097.68	115.70	0.04	319.01
92	512	286	138	92	214	178	-13.04	7.35	-121.24	-2040.77	-3579.51	15070.20	90.31	-34.86	313.66
92	512	286	138	93	214	178	-13.04	7.34	-121.10	-2028.93	-3581.34	15039.89	97.75	-29.82	305.43
92	512	287	138	93	214	177	-12.90	7.41	-121.43	-2033.88	-3539.07	15026.49	80.91	-21.13	297.76
92	511	284	137	93	214	177	-12.77	7.41	-121.67	-2031.99	-3499.92	15015.17	63.46	-30.87	304.77
92	511	287	138	92	214	178	-12.86	7.38	-121.64	-2026.59	-3496.32	14986.41	45.89	-35.23	316.93
92	512	287	138	93	214	178	-12.97	7.43	-121.44	-2019.06	-3514.51	14971.09	41.95	-20.42	322.03
92	511	287	138	93	214	178	-12.84	7.51	-121.63	-2022.51	-3490.38	14966.54	48.30	-2.95	331.98
92	511	285	138	93	213	178	-12.94	7.53	-121.56	-2021.78	-3499.86	14960.01	38.98	1.30	343.48
92	511	284	138	94	214	178	-12.95	7.56	-121.52	-2021.69	-3506.47	14968.41	43.69	13.79	350.16
92	511	286	138	94	214	178	-13.01	7.57	-121.51	-2022.01	-3508.95	14974.19	19.95	22.80	351.25
92	512	284	139	93	213	177	-13.14	7.63	-121.29	-2022.51	-3542.10	14986.88	22.70	46.41	350.69
92	511	285	138	93	213	178	-13.10	7.64	-121.30	-2021.78	-3539.99	15005.13	22.67	56.34	342.90
92	512	286	138	93	214	177	-13.15	7.57	-121.28	-2022.69	-3543.59	15027.08	4.43	42.52	332.21
93	512	286	138	93	214	178	-13.43	7.51	-121.00	-2013.76	-3571.01	15019.12	-26.94	35.99	324.65
92	511	285	138	93	214	178	-13.57	7.50	-120.73	-2008.47	-3605.66	15027.77	-18.94	44.59	304.72
92	511	287	138	94	214	178	-13.39	7.52	-121.04	-2018.25	-3573.58	15054.18	-18.24	33.26	274.88
93	511	287	138	93	214	177	-13.41	7.44	-121.28	-2019.93	-3538.10	15042.27	-72.13	4.25	254.64
92	511	285	138	93	214	178	-13.53	7.44	-121.33	-2017.54	-3527.20	15020.36	-105.22	-1.21	246.55
92	511	286	138	93	214	178	-13.47	7.51	-121.35	-2018.86	-3526.84	15009.94	-86.86	12.50	251.38
92	511	285	138	93	213	178	-13.47	7.59	-121.42	-2026.72	-3529.29	15013.24	-77.42	25.67	254.31
92	511	288	139	93	214	178	-13.44	7.64	-121.50	-2039.18	-3539.43	15019.58	-62.70	23.94	252.89
92	511	287	138	93	213	178	-13.42	7.61	-121.38	-2032.82	-3545.46	15030.60	-48.51	27.44	245.60
93	512	284	138	93	215	178	-13.31	7.60	-121.48	-2033.18	-3531.59	15045.87	-44.34	22.97	245.17
92	512	285	138	93	214	177	-13.37	7.59	-121.38	-2031.12	-3543.61	15034.17	-48.82	16.72	246.91
93	512	284	138	92	215	178	-13.45	7.54	-121.26	-2026.37	-3553.03	15033.87	-44.78	16.74	236.21
92	512	286	138	93	214	178	-13.36	7.53	-121.40	-2027.65	-3534.97	15025.37	-42.94	9.80	223.00
91	511	285	138	94	214	178	-13.34	7.56	-121.37	-2017.27	-3522.43	15014.70	-49.54	15.56	223.65
92	511	286	139	93	215	177	-13.28	7.60	-121.32	-2015.60	-3526.10	15024.17	-35.42	30.78	222.72
92	512	284	138	93	214	177	-13.13	7.62	-121.59	-2030.42	-3510.60	15046.36	-25.05	24.49	216.13
92	511	288	138	94	214	178	-13.09	7.59	-121.77	-2036.10	-3492.67	15036.04	-26.64	10.27	216.43
92	512	288	138	93	214	177	-13.09	7.61	-121.78	-2032.50	-3484.44	15012.04	-28.66	18.15	219.01
92	512	284	138	94	215	178	-13.04	7.63	-121.81	-2030.07	-3477.21	15004.64	-18.93	30.10	222.86
92	512	286	138	94	214	177	-13.03	7.64	-121.91	-2034.57	-3469.55	15010.40	-28.83	29.09	225.06
92	511	287	138	94	214	178	-13.13	7.60	-121.82	-2033.64	-3481.67	14998.68	-36.24	22.24	232.11
92	512	285	138	94	215	178	-13.29	7.58	-121.46	-2020.16	-3513.19	14995.15	-33.68	36.38	235.10
92	512	286	139	93	215	178	-13.27	7.59	-121.37	-2015.75	-3518.13	15007.99	-37.74	41.66	225.25
93	511	286	139	93	215	178	-13.33	7.52	-121.38	-2015.56	-3517.62	15011.79	-55.61	31.17	220.99
92	511	286	139	93	214	178	-13.35	7.49	-121.26	-2007.58	-3522.34	15011.40	-57.03	37.62	217.14
92	511	288	138	93	214	178	-13.21	7.51	-121.44	-2012.00	-3503.23	15013.43	-42.73	39.53	212.88
93	511	286	139	93	214	178	-13.20	7.51	-121.54	-2014.60	-3491.87	15012.56	-49.49	39.96	216.09
92	511	289	139	93	213	178	-13.29	7.53	-121.45	-2016.27	-3507.67	15022.93	-55.31	42.86	214.13
92	511	286	138	93	214	178	-13.21	7.49	-121.41	-2012.66	-3507.69	15037.38	-38.65	39.67	211.63
93	512	287	138	94	215	177	-13.19	7.47	-121.46	-2008.23	-3493.50	15036.12	-43.37	40.38	212.94
92	512	286	138	93	214	177	-13.22	7.48	-121.42	-2007.42	-3498.63	15038.11	-45.25	44.56	213.20
92	511	290	139	94	214	177	-13.24	7.39	-121.38	-1996.24	-3486.70	15036.00	-63.84	29.09	209.89
93	512	285	138	94	214	177	-13.29	7.37	-121.19	-1988.23	-3502.56	15024.40	-52.09	30.98	211.44
92	511	286	138	94	214	177	-13.21	7.39	-121.29	-1989.82	-3487.23	15018.38	-47.79	33.98	210.42
93	511	285	138	94	215	178	-13.30	7.37	-121.10	-1978.33	-3499.07	15018.86	-51.65	33.28	214.20
93	511	286	139	93	215	177	-13.35	7.35	-120.98	-1977.41	-3514.92	15034.12	-47.72	38.22	210.04
92	511	291	138	93	213	177	-13.27	7.33	-121.04	-1977.14	-3505.57	15059.82	-47.03	34.76	195.19
93	511	284	138	94	214	177	-13.15	7.22	-121.15	-1968.29	-3473.49	15064.02	-60.68	15.72	192.63
92	512	289	139	94	215	177	-13.15	7.21	-121.17	-1966.07	-3468.22	15059.22	-66.85	12.18	199.55
92	511	285	139	93	214	177	-13.13	7.23	-121.26	-1974.17	-3466.61	15067.06	-66.05	7.83	198.92
93	512	288	138	94	214	177	-13.03	7.20	-121.48	-1980.06	-3445.08	15068.51	-60.45	-9.97	200.92
93	512	288	139	93	213	177	-13.10	7.11	-121.46	-1977.86	-3442.62	15051.48	-73.58	-24.42	209.58
92	511	286	138	94	215	177	-13.32	7.12	-121.15	-1970.56	-3477.89	15043.11	-88.35	-26.05	207.90
92	512	288	139	92	214	177	-13.29	7.22	-121.25	-1984.04	-3486.00	15038.75	-67.73	-19.34	208.75
92	511	287	139	93	214	177	-13.47	7.15	-121.12	-1983.83	-3503.30	15023.82	-97.50	-37.23	196.92
92	511	289	138	93	214	177	-13.44	7.08	-120.88	-1971.04	-3519.13	15009.62	-76.97	-37.12	190.67
92	511	285	138	93	214	177	-13.33	7.10	-121.02	-1967.89	-3492.98	15000.54	-73.82	-27.16	197.09
92	511	288	139	93	214	178	-13.52	7.07	-120.77	-1960.50	-3518.13	14991.52	-91.23	-26.80	200.33
92	511	287	138	93	214	178	-13.51	7.05	-120.70	-1954.87	-3520.62	14985.74	-81.22	-27.91	196.12
92	512	287	138	94	215	178	-13.50	7.05	-120.81	-1952.13	-3498.99	14975.65	-105.66	-21.57	200.46
92	511	288	139	93	214	178	-13.87	7.02	-120.53	-1940.12	-3522.64	14957.87	-171.43	-15.19	210.74
92	511	289	139	92	214	178	-14.26	7.02	-120.08	-1938.11	-3588.91	14970.98	-203.15	-8.28	201.65
91	511	286	139	93	215	178	-14.30	6.99	-119.62	-1919.21	-3628.06	14971.43	-164.35	8.59	188.12
92	511	288	138	93	214	177	-14.06	6.99	-119.54	-1908.85	-3622.06	15005.66	-122.83	30.21	174.31
93	511	285	139	94	214	177	-13.85	6.98	-119.85	-1917.81	-3588.16	15026.97	-117.94	12.55	166.00
92	511	287	139	93	214	178	-13.90	6.93	-119.83	-1915.92	-3587.15	15013.42	-131.79	-4.98	165.60
93	511	286	138	93	214	177	-13.78	6.99	-119.74	-1908.92	-3590.19	14997.15	-101.00	17.37	160.52
92	511	287	138	93	215	178	-13.54	7.08	-120.08	-1916.47	-3550.68	14999.90	-94.30	32.10	149.94
92	511	288	139	94	214	176	-13.45	7.06	-120.20	-1914.05	-3527.75	15010.70	-115.04	34.59	146.99
92	511	287	138	94	215	178	-13.42	7.09	-120.16	-1908.95	-3525.96	15008.16	-110.68	44.96	155.59
92	511	287	139	94	215	177	-13.37	7.13	-120.22	-1913.30	-3523.46	15015.96	-97.55	53.12	164.06
93	511	287	139	94	215	177	-13.36	7.14	-120.29	-1919.24	-3523.89	15001.76	-92.17	56.11	177.96
93	511	289	138	93	214	178	-13.46	7.20	-120.19	-1922.87	-3543.09	15003.87	-92.36	64.95	186.51
93	511	288	139	94	215	178	-13.53	7.23	-120.04	-1925.13	-3571.34	15013.08	-68.20	71.31	194.89
93	511	286	138	92	215	178	-13.70	7.20	-119.88	-1927.47	-3601.77	15035.22	-81.04	63.94	189.04
92	511	286	139	93	215	178	-13.98	7.08	-119.51	-1915.10	-3639.28	15048.66	-113.83	58.44	169.99
92	511	286	139	93	215	177	-14.01	7.02	-119.40	-1907.34	-3642.92	15054.43	-120.79	50.37	152.39
92	511	289	138	94	214	178	-14.02	7.00	-119.45	-1905.78	-3631.77	15036.51	-131.60	46.90	142.27
92	511	286	139	93	214	179	-13.97	7.01	-119.47	-1904.89	-3626.38	15026.48	-129.72	43.46	132.76
93	511	285	138	94	215	177	-13.76	7.02	-119.68	-1903.04	-3590.27	15017.36	-134.44	37.39	125.57
92	511	288	139	93	214	178	-13.66	7.05	-119.71	-1900.49	-3580.75	15016.49	-120.26	46.32	130.29
93	511	286	138	94	215	177	-13.57	7.10	-120.04	-1912.47	-3549.71	15027.26	-132.30	40.45	139.88
93	511	287	139	94	215	178	-13.67	7.04	-119.89	-1906.84	-3563.03	15020.10	-139.84	36.18	151.43
92	511	289	139	94	215	177	-13.58	7.09	-119.99	-1910.70	-3554.68	15012.10	-122.69	39.32	167.76
92	511	287	139	94	214	178	-13.66	7.07	-119.79	-1904.57	-3574.74	15014.49	-110.36	41.30	178.92
92	511	287	140	93	215	178	-13.50	7.06	-119.88	-1897.94	-3548.21	15018.97	-108.34	41.24	184.83
92	511	287	138	93	214	178	-13.69	7.00	-119.84	-1883.44	-3531.60	15017.82	-172.57	29.38	194.99
93	511	285	139	93	216	178	-13.94	7.09	-120.21	-1903.27	-3507.22	14986.53	-269.90	15.86	226.84
92	511	287	138	93	215	177	-14.80	7.11	-119.50	-1911.31	-3632.26	14958.00	-338.80	7.91	242.44
92	511	287	138	93	215	178	-14.94	7.22	-119.29	-1931.74	-3704.64	14938.70	-273.16	10.62	237.52
93	511	289	139	93	214	179	-14.95	7.26	-119.13	-1924.75	-3718.81	14906.96	-250.80	24.89	218.85
93	511	287	139	94	215	178	-14.79	7.24	-119.04	-1909.52	-3705.07	14911.42	-238.06	44.74	196.20
92	511	288	139	93	215	178	-14.34	7.25	-119.40	-1905.24	-3640.02	14909.64	-207.46	53.56	203.89
93	511	287	138	94	215	178	-14.20	7.31	-119.56	-1904.78	-3611.22	14909.76	-211.79	69.93	224.05
92	511	285	139	93	214	178	-14.32	7.44	-119.57	-1917.14	-3632.05	14917.47	-224.10	86.73	236.65
93	512	287	139	93	215	178	-14.39	7.48	-119.43	-1915.28	-3653.25	14929.40	-222.04	104.40	246.76
92	510	287	139	94	215	178	-14.24	7.53	-119.45	-1915.72	-3648.99	14952.73	-198.69	121.58	255.68
93	511	287	138	94	215	178	-14.26	7.52	-119.47	-1915.33	-3646.54	14963.49	-212.16	123.50	272.04
93	511	287	138	93	216	178	-14.44	7.48	-119.24	-1910.17	-3674.41	14964.12	-228.45	122.97	288.69
92	511	287	138	94	215	178	-14.40	7.54	-119.03	-1904.26	-3697.69	14960.31	-192.88	143.97	301.66
92	511	286	138	94	215	178	-14.17	7.70	-119.38	-1926.44	-3679.81	14984.70	-158.28	158.67	324.62
92	511	287	139	93	215	178	-14.40	7.70	-119.32	-1937.12	-3710.42	15007.06	-179.42	154.69	340.44
93	511	290	139	94	215	177	-14.70	7.68	-119.09	-1944.87	-3759.30	15009.91	-196.05	146.61	338.62
92	511	287	139	93	215	178	-14.74	7.68	-119.09	-1955.22	-3780.53	15022.61	-180.19	140.28	336.14
92	511	287	140	93	215	178	-14.75	7.64	-119.04	-1952.46	-3782.90	15018.48	-180.68	134.41	342.13
94	511	288	139	93	215	177	-14.97	7.61	-118.84	-1956.04	-3825.96	15019.56	-188.65	125.89	344.93
93	512	289	139	93	215	178	-14.99	7.54	-118.68	-1953.04	-3846.46	15013.58	-164.72	111.60	339.83
93	511	288	139	94	216	178	-14.78	7.57	-118.68	-1951.98	-3842.34	15010.10	-114.38	122.67	337.04
93	510	287	139	94	216	178	-14.66	7.62	-118.98	-1965.39	-3816.62	15009.80	-119.56	116.63	341.94
93	511	288	139	93	215	178	-14.92	7.57	-118.76	-1966.32	-3856.19	15003.91	-136.93	103.60	339.19
93	511	287	139	94	215	178	-14.75	7.56	-118.74	-1966.40	-3859.58	15003.51	-88.59	104.57	333.78
93	511	289	139	94	216	178	-14.72	7.57	-118.88	-1967.48	-3837.80	14991.54	-100.76	93.04	332.59
93	511	287	138	93	217	177	-14.85	7.58	-118.73	-1967.51	-3862.11	14955.16	-89.27	93.89	336.41
93	511	288	138	93	216	176	-14.75	7.64	-118.84	-1972.93	-3854.81	14952.80	-63.96	105.40	332.64
93	511	287	139	94	216	178	-14.66	7.64	-119.04	-1984.88	-3840.87	14966.76	-60.51	101.28	330.76
93	511	285	139	93	216	178	-14.66	7.61	-118.98	-1977.04	-3838.62	14953.02	-57.48	92.56	336.27
93	511	288	140	93	215	177	-14.67	7.68	-119.01	-1983.99	-3844.69	14952.57	-50.66	98.98	336.91
92	511	288	138	93	215	178	-14.65	7.71	-119.15	-1989.59	-3830.06	14946.54	-63.68	90.74	334.01
92	512	288	139	94	216	178	-14.68	7.68	-119.15	-1987.31	-3826.75	14929.61	-73.34	81.55	331.66
92	511	288	139	94	214	178	-14.68	7.78	-119.25	-1995.74	-3824.42	14909.93	-71.13	96.17	334.78
93	511	287	139	93	215	178	-14.64	7.81	-119.16	-1992.16	-3834.79	14912.04	-48.32	110.56	339.64
93	511	285	139	93	215	179	-14.45	7.86	-119.33	-2000.75	-3819.86	14935.43	-23.65	107.08	343.86
92	511	289	139	93	215	178	-14.48	7.82	-119.22	-1998.91	-3835.86	14930.86	-8.67	99.78	361.66
93	511	287	138	94	216	178	-14.64	7.89	-119.04	-2009.77	-3884.27	14925.72	14.81	111.44	361.18
92	511	287	139	94	215	178	-14.49	7.98	-119.23	-2021.88	-3874.26	14940.63	30.97	124.12	347.62
93	511	285	138	93	215	178	-14.47	7.95	-119.38	-2026.18	-3857.54	14966.60	4.57	116.46	333.49
93	511	287	139	93	216	178	-14.42	7.86	-119.29	-2013.87	-3849.47	14981.67	-0.46	111.24	326.92
93	511	288	139	94	215	178	-14.33	7.83	-119.30	-2009.38	-3841.19	14993.79	8.32	110.78	324.82
92	511	288	139	94	215	178	-14.27	7.80	-119.42	-2013.51	-3827.73	15011.70	6.20	100.49	312.73
93	511	287	139	93	215	178	-14.17	7.79	-119.73	-2029.44	-3804.15	15004.11	2.74	75.21	312.04
93	511	288	139	94	216	178	-14.15	7.79	-119.69	-2027.96	-3806.94	14989.71	19.05	76.75	316.84
93	511	288	139	93	215	178	-14.09	7.82	-119.80	-2038.77	-3807.19	15000.42	35.20	80.52	315.00
93	511	290	139	94	216	178	-14.14	7.78	-120.03	-2055.23	-3798.03	15014.60	8.24	58.59	312.30
93	511	286	139	93	216	179	-14.36	7.67	-119.80	-2049.27	-3827.53	15007.67	-14.77	41.81	300.43
92	511	288	139	94	215	178	-14.22	7.60	-119.79	-2046.80	-3823.75	15014.09	19.37	35.12	288.36
93	511	288	139	93	215	178	-14.01	7.59	-120.08	-2056.06	-3791.77	15016.38	33.90	16.46	282.04
93	511	289	139	93	215	179	-14.00	7.48	-120.11	-2054.06	-3783.18	15016.16	27.10	-12.36	267.59
92	511	289	139	92	215	178	-13.73	7.45	-120.36	-2056.76	-3745.62	15001.15	52.05	-34.49	272.46
93	511	287	139	93	216	178	-13.71	7.47	-120.30	-2054.52	-3751.14	14976.70	78.45	-29.97	294.19
93	511	288	138	94	215	178	-13.67	7.55	-120.47	-2066.79	-3744.98	14979.86	89.62	-26.82	294.33
93	511	287	139	94	216	178	-13.69	7.51	-120.61	-2068.25	-3725.33	14956.07	66.44	-45.33	291.36
92	511	287	139	94	216	178	-13.80	7.55	-120.57	-2064.24	-3725.87	14919.26	59.87	-37.91	297.40
92	511	286	139	94	216	178	-13.78	7.61	-120.55	-2055.83	-3714.57	14913.90	53.63	-15.32	293.68
93	511	285	138	94	216	178	-13.62	7.64	-120.77	-2057.84	-3681.64	14936.61	46.50	-5.35	296.19
94	511	287	139	94	216	178	-13.65	7.66	-120.86	-2059.54	-3670.36	14935.18	24.42	-6.53	310.58
93	511	288	139	93	216	178	-13.76	7.61	-120.72	-2046.17	-3670.24	14935.62	0.55	-7.46	314.80
93	511	290	139	93	215	178	-13.73	7.63	-120.76	-2048.66	-3667.33	14947.44	1.72	1.87	323.31
93	511	290	139	94	216	177	-13.73	7.63	-120.85	-2050.43	-3657.36	14939.26	-10.11	2.62	339.30
93	511	287	139	94	215	178	-13.98	7.64	-120.63	-2049.10	-3691.90	14925.70	-33.61	15.39	341.68
93	511	287	139	94	215	178	-13.96	7.64	-120.49	-2045.05	-3707.30	14932.82	-8.78	23.02	335.05
93	511	290	139	94	216	178	-13.82	7.62	-120.64	-2045.80	-3682.74	14948.98	-8.29	19.72	336.10
93	511	289	139	94	216	178	-13.96	7.62	-120.53	-2045.31	-3700.20	14941.93	-27.62	19.89	337.99
93	511	285	139	94	216	179	-14.06	7.68	-120.44	-2048.24	-3719.59	14948.23	-29.99	26.64	335.89
93	511	289	139	94	215	178	-14.11	7.65	-120.26	-2035.23	-3725.81	14942.62	-35.89	36.86	329.70
93	511	287	139	93	216	178	-14.06	7.62	-120.14	-2025.87	-3728.32	14947.29	-31.35	41.67	321.26
93	511	289	139	94	216	178	-13.89	7.62	-120.37	-2027.97	-3695.50	14955.72	-33.23	40.68	316.45
93	510	290	139	94	216	178	-14.01	7.56	-120.28	-2019.98	-3695.33	14952.74	-56.77	37.10	320.93
93	511	289	139	94	216	178	-14.11	7.58	-120.10	-2020.38	-3726.76	14960.90	-45.68	43.84	312.08
94	511	287	138	94	216	178	-13.89	7.60	-120.28	-2022.96	-3699.22	14972.05	-28.00	44.10	304.73
93	512	289	139	93	215	178	-13.93	7.56	-120.32	-2022.01	-3693.26	14985.85	-49.65	38.40	306.49
93	510	288	139	94	216	178	-14.00	7.58	-120.25	-2024.71	-3709.60	14984.16	-46.16	36.93	314.82
93	511	289	139	94	216	178	-14.18	7.67	-120.20	-2032.67	-3730.12	14977.35	-63.26	40.38	311.37
94	511	289	139	94	216	178	-14.26	7.65	-120.06	-2030.04	-3751.01	14977.48	-67.14	35.41	296.36
93	511	286	139	95	216	179	-14.15	7.63	-120.19	-2032.34	-3732.26	14990.81	-65.19	32.19	285.49
93	511	288	139	95	216	178	-14.23	7.62	-120.24	-2034.12	-3728.25	14987.07	-96.03	31.28	278.46
93	512	289	139	94	216	177	-14.38	7.61	-120.05	-2027.82	-3747.84	14962.31	-100.28	34.92	272.84
93	511	287	139	94	215	178	-14.24	7.69	-120.22	-2035.22	-3731.44	14955.60	-86.36	46.12	255.35
93	511	289	139	93	215	178	-13.98	7.72	-120.66	-2044.06	-3677.87	14958.82	-97.24	40.82	252.18
93	510	290	139	94	216	178	-14.09	7.71	-120.62	-2042.86	-3680.18	14938.68	-112.93	34.37	260.92
93	511	290	139	94	216	178	-13.96	7.73	-120.59	-2041.92	-3682.97	14936.34	-69.04	43.41	269.83
93	511	286	139	94	218	178	-13.84	7.78	-120.82	-2047.62	-3657.82	14936.33	-66.83	45.89	281.83
94	511	287	139	94	216	178	-14.03	7.75	-120.59	-2048.24	-3695.33	14947.11	-70.99	45.29	288.09
93	511	286	138	93	215	179	-13.89	7.73	-120.64	-2051.23	-3692.96	14948.35	-40.39	39.33	283.84
93	511	289	139	94	217	178	-13.78	7.70	-120.50	-2042.27	-3699.92	14962.13	3.78	43.06	286.95
93	511	288	139	94	216	178	-13.39	7.71	-120.29	-2039.95	-3728.52	14972.43	155.14	58.26	290.30
93	511	287	138	94	216	178	-12.89	7.77	-120.65	-2048.76	-3684.69	15016.21	226.88	70.89	277.48
93	511	288	139	94	216	179	-12.90	7.67	-120.92	-2040.92	-3629.66	15064.80	144.89	50.65	267.96
93	511	287	139	94	217	178	-13.11	7.54	-120.95	-2036.87	-3618.58	15055.36	78.29	18.32	279.26
93	511	288	139	94	216	178	-13.32	7.55	-120.84	-2036.83	-3635.25	15018.39	65.93	9.10	288.25
93	511	289	139	94	216	178	-13.17	7.61	-120.89	-2032.59	-3619.48	14993.47	97.13	26.80	295.69
93	512	289	140	94	216	177	-12.97	7.67	-121.16	-2045.16	-3601.91	15008.20	125.83	34.61	311.80
93	511	287	139	94	216	178	-13.02	7.67	-121.34	-2055.10	-3589.81	15019.79	96.23	25.68	319.66
93	511	288	139	94	217	178	-13.20	7.60	-121.23	-2051.74	-3598.92	15014.80	63.57	8.64	316.68
94	511	288	139	94	216	178	-13.12	7.63	-121.46	-2058.36	-3576.78	14997.46	63.09	3.41	324.59
94	512	287	139	94	216	178	-13.24	7.69	-121.44	-2059.24	-3580.54	14977.18	52.34	11.09	339.67
92	511	288	139	94	216	178	-13.51	7.73	-121.28	-2059.88	-3604.71	14946.32	24.82	18.24	342.68
93	511	286	139	94	216	178	-13.56	7.78	-121.12	-2057.48	-3626.68	14948.21	37.73	32.17	335.35
94	511	290	139	94	215	178	-13.46	7.81	-121.16	-2052.61	-3612.34	14964.40	43.34	45.61	336.43
93	511	290	139	94	217	178	-13.72	7.75	-120.96	-2048.38	-3635.13	14976.18	0.03	43.63	329.31
93	511	286	139	94	217	179	-13.75	7.72	-120.85	-2044.56	-3646.57	14982.37	7.48	45.05	317.84
94	511	288	139	94	217	178	-13.60	7.75	-120.99	-2046.73	-3628.44	14984.65	27.05	50.30	313.55
94	512	288	139	94	215	178	-13.62	7.79	-121.00	-2047.80	-3628.22	14981.22	10.05	64.68	316.92
94	511	288	139	94	216	178	-13.73	7.77	-120.97	-2045.61	-3630.01	14991.76	-19.55	61.05	309.38
94	511	290	139	94	216	178	-13.75	7.80	-121.05	-2051.13	-3627.91	14983.77	-29.88	59.90	304.56
93	511	288	139	94	217	178	-13.77	7.81	-121.03	-2047.37	-3623.71	14976.18	-29.63	65.70	300.53
93	511	290	139	94	216	178	-13.77	7.85	-121.16	-2058.20	-3622.33	14986.17	-37.10	73.77	290.55
94	511	286	139	95	217	178	-13.72	7.84	-121.26	-2064.09	-3617.61	14992.46	-34.14	74.13	292.63
93	511	287	139	94	217	178	-13.71	7.86	-121.22	-2063.49	-3620.13	14990.84	-28.54	79.52	291.00
93	511	289	139	94	217	178	-13.70	7.91	-121.27	-2060.51	-3608.92	14983.70	-31.66	91.15	282.70
93	511	288	139	95	217	178	-13.69	7.99	-121.25	-2059.89	-3609.68	14972.71	-25.03	114.54	284.61
94	511	288	139	94	216	178	-13.66	8.09	-121.34	-2074.69	-3621.39	14975.48	0.52	131.01	285.08
94	511	288	139	94	216	177	-13.73	8.16	-121.33	-2083.96	-3636.92	14950.50	9.35	136.21	271.03
93	511	288	139	94	216	178	-13.64	8.23	-121.18	-2070.16	-3637.88	14909.18	51.18	172.40	252.27
94	511	291	140	94	215	177	-13.31	8.33	-121.50	-2072.65	-3592.58	14901.12	84.32	198.98	244.01
94	511	291	140	94	216	178	-13.28	8.35	-121.58	-2071.22	-3578.55	14894.26	74.91	207.43	244.41
93	511	290	139	93	216	178	-13.32	8.42	-121.57	-2074.06	-3584.03	14897.15	66.76	224.16	239.54
94	511	289	140	94	216	177	-13.26	8.50	-121.68	-2081.15	-3578.82	14898.09	77.17	240.25	241.31
94	511	291	140	94	217	179	-13.23	8.57	-121.77	-2092.30	-3583.28	14920.59	88.96	255.44	237.05
94	511	289	139	94	216	178	-13.18	8.66	-122.07	-2114.88	-3572.72	14958.56	73.92	256.67	232.49
93	511	288	139	95	217	178	-13.24	8.64	-122.07	-2122.54	-3585.48	14970.23	75.67	248.03	228.52
93	511	290	139	94	217	178	-13.14	8.77	-122.32	-2146.41	-3586.21	14981.32	99.04	255.03	224.64
94	511	289	140	94	216	178	-13.17	8.80	-122.43	-2154.69	-3581.90	14997.25	82.53	257.73	215.06
93	511	289	140	94	216	178	-13.12	8.81	-122.47	-2162.16	-3588.80	15019.79	99.76	255.09	197.11
93	511	289	139	95	216	178	-12.70	8.83	-122.93	-2176.05	-3542.36	15040.60	147.77	248.39	181.35
93	511	288	139	94	216	178	-12.38	8.84	-123.55	-2196.85	-3481.64	15051.17	148.78	231.22	179.04
93	511	290	139	94	216	177	-12.29	8.81	-123.76	-2203.20	-3461.56	15040.01	159.44	209.61	189.53
93	511	290	139	94	216	177	-12.21	8.84	-123.64	-2203.04	-3478.88	14996.81	223.82	212.53	192.26
94	511	288	140	94	216	178	-11.83	8.96	-124.00	-2213.89	-3441.74	14979.57	288.43	228.05	184.94
94	512	288	139	95	216	177	-11.66	9.00	-124.59	-2228.20	-3380.45	14952.59	269.16	216.40	186.25
94	511	289	139	94	216	178	-11.81	9.02	-124.46	-2224.39	-3394.03	14937.76	262.10	218.48	195.18
93	511	288	139	95	216	177	-11.74	9.10	-124.58	-2232.37	-3387.73	14932.67	281.59	234.81	198.98
94	511	289	140	95	216	178	-11.65	9.19	-124.76	-2244.15	-3380.34	14934.04	304.81	250.37	196.53
94	511	288	139	94	217	178	-11.57	9.24	-125.05	-2244.54	-3340.52	14937.94	283.57	262.15	197.55
94	512	291	139	94	216	177	-11.65	9.29	-125.34	-2265.51	-3332.30	14968.04	246.55	253.04	197.67
94	511	289	139	94	216	178	-11.68	9.25	-125.55	-2273.64	-3313.28	14977.84	213.47	236.99	203.09
94	511	288	139	94	217	178	-11.82	9.25	-125.39	-2270.76	-3331.62	14982.54	195.44	246.39	206.78
94	511	289	140	94	216	178	-11.64	9.36	-125.79	-2293.22	-3309.04	15010.02	208.17	257.07	205.70
94	511	289	140	94	217	177	-11.70	9.38	-126.22	-2313.96	-3281.19	15026.72	150.31	240.87	205.11
94	511	290	139	94	217	178	-12.00	9.38	-126.14	-2320.86	-3300.33	15024.58	96.65	238.32	205.11
94	511	292	140	94	216	178	-11.97	9.45	-126.35	-2335.82	-3293.11	15025.75	92.77	238.06	199.45
94	511	290	139	94	216	177	-11.99	9.49	-126.57	-2347.03	-3279.46	15023.86	74.08	232.80	201.18
94	511	289	138	94	216	177	-12.22	9.47	-126.57	-2350.67	-3283.88	15012.07	19.32	223.46	196.87
93	511	290	139	95	216	176	-12.45	9.45	-126.38	-2349.94	-3308.09	15000.67	-16.19	215.79	191.58
94	512	292	139	94	217	178	-12.38	9.50	-126.35	-2356.24	-3321.48	14990.43	20.82	224.30	186.05
94	511	289	139	96	217	178	-12.15	9.56	-126.77	-2368.43	-3282.81	14998.51	31.98	222.49	178.29
94	511	288	139	94	216	178	-12.20	9.49	-126.90	-2373.01	-3270.07	15008.39	1.38	207.86	172.38
93	511	291	140	94	216	178	-12.22	9.48	-126.82	-2379.76	-3289.77	15040.97	14.11	212.22	173.06
94	512	292	139	94	216	178	-12.10	9.49	-127.04	-2390.17	-3275.28	15073.92	19.35	211.11	170.11
94	511	292	140	93	217	178	-12.12	9.45	-127.23	-2400.66	-3263.51	15107.42	-7.16	189.85	170.25
94	511	288	140	94	216	178	-12.21	9.41	-127.13	-2406.43	-3285.34	15126.45	-5.71	171.51	176.14
93	511	292	139	94	217	178	-12.17	9.44	-127.05	-2414.71	-3306.87	15127.13	36.68	173.38	176.58
93	511	291	140	95	218	177	-12.07	9.41	-127.24	-2427.57	-3297.53	15134.97	52.14	158.91	163.75
94	511	289	139	95	217	177	-11.98	9.36	-127.43	-2431.59	-3279.05	15126.42	55.99	138.62	164.37
94	511	290	140	94	217	177	-12.10	9.32	-127.31	-2432.61	-3295.10	15118.10	50.14	123.54	162.50
94	511	290	139	94	217	178	-12.18	9.28	-127.23	-2435.38	-3310.74	15122.80	47.98	110.81	147.62
94	511	288	140	94	217	178	-12.05	9.19	-127.39	-2435.01	-3289.01	15138.06	51.03	92.82	135.89
94	511	290	139	94	217	177	-12.02	9.10	-127.50	-2432.26	-3270.36	15143.15	39.38	70.83	129.40
94	511	291	139	94	217	177	-11.90	9.05	-127.64	-2433.65	-3253.84	15145.20	47.26	54.19	132.23
94	511	287	139	94	217	177	-11.87	8.97	-127.54	-2428.17	-3261.15	15174.74	58.90	47.23	132.82
94	511	289	140	94	216	178	-11.75	8.89	-127.60	-2432.36	-3257.49	15208.40	79.05	24.02	125.12
93	511	290	140	94	216	178	-11.66	8.76	-127.83	-2434.74	-3231.61	15239.18	67.00	-9.18	118.57
93	511	289	139	94	217	178	-11.69	8.61	-127.74	-2423.20	-3227.03	15244.22	47.55	-40.37	125.44
93	511	290	140	94	216	177	-11.71	8.52	-127.71	-2427.04	-3236.88	15257.21	56.27	-72.31	128.02
94	511	288	140	94	217	178	-11.69	8.35	-127.71	-2423.69	-3232.04	15267.15	48.06	-116.54	119.07
94	511	289	140	95	216	178	-11.66	8.13	-127.55	-2399.91	-3221.24	15261.59	45.16	-154.31	118.41
94	511	291	139	94	217	178	-11.68	7.99	-127.46	-2394.91	-3226.77	15259.31	40.25	-190.25	116.94
94	512	291	139	94	216	177	-11.64	7.81	-127.24	-2377.37	-3233.63	15251.55	55.19	-224.14	110.15
94	512	289	140	95	217	178	-11.46	7.64	-127.31	-2361.10	-3203.55	15245.77	75.43	-251.43	105.54
94	511	291	140	94	217	178	-11.41	7.45	-127.27	-2341.84	-3181.98	15239.28	63.96	-286.31	104.66
94	511	291	140	95	216	177	-11.51	7.26	-126.91	-2318.75	-3196.28	15224.72	58.26	-316.69	109.38
93	511	289	139	94	217	178	-11.49	7.18	-126.79	-2309.01	-3200.46	15195.68	75.50	-337.21	108.51
94	511	288	139	94	218	178	-11.63	7.13	-126.70	-2303.76	-3204.24	15155.50	59.27	-360.95	106.93
94	511	290	139	94	217	178	-11.84	6.97	-126.45	-2277.97	-3200.63	15121.52	19.71	-384.65	99.09
93	511	289	140	95	217	178	-11.95	6.76	-125.88	-2235.68	-3217.20	15089.24	17.42	-393.07	82.03
94	511	290	139	94	217	178	-11.68	6.68	-125.73	-2208.09	-3200.54	15084.98	62.40	-386.51	71.93
94	511	292	140	94	216	178	-11.68	6.54	-125.56	-2177.89	-3178.51	15072.93	39.68	-394.24	68.98
94	511	289	140	94	216	177	-11.72	6.43	-125.25	-2153.19	-3184.98	15070.09	41.50	-395.58	56.59
94	511	288	139	95	217	177	-11.51	6.33	-125.22	-2126.33	-3150.13	15063.98	53.77	-397.00	56.51
93	511	292	139	94	216	177	-11.51	6.20	-124.93	-2097.82	-3147.43	15054.38	59.28	-402.40	59.23
94	511	290	140	94	217	177	-11.53	6.17	-124.82	-2077.33	-3133.66	15052.06	36.27	-393.28	54.92
93	511	292	140	95	217	178	-11.62	6.03	-124.49	-2042.86	-3124.97	15038.66	6.01	-390.16	48.37
93	511	292	139	94	217	178	-11.52	5.90	-124.15	-2011.72	-3122.72	15029.93	34.46	-387.91	46.15
94	511	288	140	95	216	177	-11.15	5.87	-124.27	-1990.33	-3076.39	15042.43	72.18	-376.06	55.65
94	511	290	140	94	217	178	-11.20	5.78	-124.25	-1971.61	-3051.17	15050.71	29.32	-381.51	65.91
94	511	291	139	94	218	177	-11.39	5.69	-123.75	-1944.03	-3075.81	15037.17	17.81	-378.13	72.67
94	511	288	139	95	217	178	-11.38	5.73	-123.39	-1921.83	-3087.42	15039.71	46.47	-347.08	83.69
94	511	290	140	94	217	178	-11.36	5.77	-123.37	-1918.54	-3086.65	15079.33	42.39	-335.82	84.75
94	511	287	139	94	217	178	-11.55	5.66	-123.08	-1903.21	-3100.92	15091.36	17.47	-358.53	83.51
94	511	290	139	95	217	178	-11.69	5.51	-122.33	-1863.65	-3136.47	15079.79	28.70	-354.70	79.39
94	511	287	140	94	217	178	-11.65	5.50	-122.14	-1847.27	-3136.25	15096.60	32.77	-339.02	66.82
94	511	290	140	95	217	178	-11.66	5.38	-121.92	-1826.11	-3133.03	15126.57	11.63	-346.52	56.53
93	512	289	140	94	217	178	-11.72	5.26	-121.57	-1798.40	-3135.18	15130.64	-1.05	-353.29	50.50
94	511	292	140	95	216	178	-11.76	5.14	-121.14	-1764.48	-3137.42	15131.71	-6.20	-350.93	42.73
94	511	290	140	94	218	177	-11.67	5.11	-121.02	-1750.46	-3131.95	15147.12	7.41	-346.78	31.39
94	512	291	140	95	217	177	-11.54	5.01	-120.85	-1726.33	-3113.35	15170.57	18.44	-352.69	26.97
94	511	290	140	95	217	178	-11.49	4.95	-120.90	-1717.22	-3093.29	15176.04	4.72	-363.31	25.62
93	511	291	140	95	217	177	-11.59	4.88	-120.58	-1698.96	-3105.42	15193.64	-11.57	-364.24	19.49
93	511	290	139	94	218	178	-11.55	4.77	-120.31	-1678.81	-3107.15	15208.16	-4.39	-367.88	14.87
94	511	288	140	94	218	178	-11.33	4.70	-120.37	-1665.87	-3076.59	15220.95	11.53	-375.49	14.57
94	511	289	140	94	217	178	-11.34	4.52	-120.16	-1636.97	-3055.16	15208.10	-15.95	-390.91	26.74
94	511	290	140	94	218	177	-11.55	4.44	-119.62	-1607.13	-3079.41	15190.70	-26.60	-386.52	39.11
94	512	291	140	94	216	178	-11.53	4.40	-119.26	-1587.17	-3094.04	15180.96	3.53	-379.14	41.35
94	511	289	140	95	217	178	-11.59	4.35	-119.09	-1574.61	-3095.33	15164.11	-7.40	-387.13	37.68
93	510	289	139	94	217	178	-11.76	4.19	-118.34	-1531.88	-3123.97	15148.51	-11.53	-377.63	31.60
94	511	291	140	95	217	178	-11.61	4.16	-118.11	-1512.09	-3121.97	15160.68	19.70	-366.90	24.27
94	511	289	139	94	217	178	-11.62	4.02	-117.94	-1488.08	-3101.67	15172.85	-7.09	-376.30	19.11
93	511	291	140	94	218	178	-11.66	3.84	-117.23	-1450.08	-3133.19	15179.60	14.97	-372.74	9.00
93	510	290	140	95	218	178	-11.33	3.82	-117.28	-1428.37	-3083.73	15196.22	32.67	-365.10	3.80
94	511	292	140	95	217	178	-11.36	3.68	-117.17	-1411.96	-3065.94	15218.61	-1.91	-381.69	10.36
94	511	289	139	93	217	178	-11.40	3.57	-116.60	-1381.96	-3090.64	15226.48	21.03	-381.76	13.69
94	511	291	140	95	216	178	-11.14	3.54	-116.40	-1364.46	-3086.11	15253.96	71.43	-371.87	17.66
94	511	290	139	95	217	178	-11.03	3.41	-116.39	-1345.44	-3049.61	15278.06	47.91	-390.48	20.98
94	511	289	139	94	217	178	-11.26	3.15	-115.70	-1307.76	-3074.73	15266.16	25.01	-415.75	21.03
94	511	290	139	94	217	178	-11.10	3.06	-115.28	-1276.78	-3074.59	15249.45	70.46	-408.37	27.03
94	511	293	140	95	216	178	-11.06	2.98	-115.09	-1251.74	-3049.66	15243.37	61.44	-410.90	36.37
94	511	290	140	95	217	178	-11.11	2.87	-114.69	-1227.75	-3061.98	15215.21	70.92	-417.35	47.31
94	510	294	140	95	218	179	-11.24	2.81	-114.16	-1201.96	-3087.68	15196.85	76.02	-407.54	53.59
94	511	292	139	96	217	178	-11.39	2.73	-113.84	-1185.26	-3103.29	15186.60	55.92	-411.51	39.16
94	511	292	140	95	218	178	-11.46	2.62	-113.33	-1150.60	-3107.73	15153.47	55.32	-408.08	30.10
94	511	291	139	96	217	178	-11.37	2.55	-113.03	-1118.47	-3081.74	15129.60	51.61	-388.08	30.45
94	511	293	140	95	217	178	-11.41	2.54	-112.64	-1092.55	-3083.26	15107.72	50.68	-365.12	32.58
94	511	291	140	94	218	178	-11.37	2.52	-112.08	-1056.52	-3091.89	15108.33	69.29	-341.32	30.45
94	511	291	140	95	217	178	-11.28	2.51	-111.95	-1038.49	-3068.10	15113.12	58.48	-328.10	22.02
94	511	289	139	94	218	179	-11.27	2.46	-111.58	-1009.37	-3059.49	15106.06	50.56	-308.45	24.57
94	511	292	140	94	218	178	-11.28	2.50	-111.21	-986.70	-3066.52	15101.36	53.98	-283.83	29.24
94	511	293	140	95	218	178	-11.34	2.46	-110.63	-955.37	-3087.79	15111.29	65.43	-256.08	24.43
93	511	289	139	94	217	178	-11.25	2.50	-110.54	-942.20	-3069.60	15136.12	62.01	-231.68	17.41
94	511	290	139	94	218	178	-11.34	2.51	-110.33	-931.49	-3078.52	15146.92	41.26	-222.05	19.24
94	511	289	140	95	216	179	-11.43	2.51	-109.89	-908.31	-3097.40	15166.77	33.24	-199.19	10.73
94	511	290	140	95	217	178	-11.39	2.49	-109.69	-889.50	-3082.13	15206.03	11.98	-187.98	-4.26
94	511	289	140	95	216	178	-11.41	2.42	-109.64	-876.62	-3056.22	15231.13	-36.02	-192.63	-9.30
94	510	289	140	95	217	178	-11.49	2.35	-109.28	-858.99	-3072.21	15237.17	-35.17	-194.20	-8.93
94	510	287	140	95	216	179	-11.44	2.36	-109.15	-849.64	-3071.00	15247.71	-28.06	-185.84	-15.63
94	510	289	139	94	217	178	-11.43	2.31	-109.06	-841.36	-3066.05	15264.13	-34.31	-186.00	-30.65
94	510	289	140	95	217	178	-11.31	2.20	-108.91	-824.29	-3044.75	15257.72	-23.79	-193.30	-32.72
94	511	288	140	95	217	178	-11.34	2.15	-108.71	-806.68	-3031.31	15232.63	-44.15	-187.64	-30.13
94	511	292	139	94	217	178	-11.45	2.11	-108.23	-783.74	-3054.54	15211.40	-37.39	-172.35	-34.38
94	511	290	140	94	217	177	-11.29	2.13	-108.14	-771.76	-3037.22	15197.03	-21.12	-159.19	-38.31
94	511	291	140	95	218	178	-11.39	2.15	-107.93	-761.37	-3049.16	15200.98	-33.97	-144.33	-37.89
94	511	291	140	94	217	178	-11.39	2.14	-107.76	-752.30	-3055.90	15201.73	-20.47	-139.41	-42.05
94	511	291	140	95	217	178	-11.51	2.07	-107.29	-725.09	-3066.50	15180.25	-28.05	-130.09	-51.05
94	511	292	140	94	216	178	-11.33	2.15	-107.08	-711.23	-3065.18	15192.43	18.36	-91.39	-59.84
93	510	292	140	95	217	178	-11.08	2.18	-107.07	-703.27	-3039.32	15243.21	37.54	-76.92	-65.95
94	511	293	140	95	218	178	-11.02	2.15	-107.07	-701.91	-3035.55	15290.25	39.56	-86.17	-66.50
94	511	289	139	95	218	178	-11.11	2.09	-106.91	-692.21	-3040.57	15306.34	14.48	-95.56	-68.98
94	511	289	139	94	217	178	-11.17	2.06	-106.69	-683.40	-3055.35	15299.42	23.26	-94.63	-73.28
94	511	290	139	95	218	178	-11.04	2.03	-106.67	-675.03	-3034.58	15291.45	43.15	-92.10	-73.37
94	511	290	140	95	217	178	-11.00	2.02	-106.63	-670.08	-3026.65	15294.28	42.84	-92.40	-75.15
94	511	290	139	95	218	178	-10.94	1.97	-106.57	-663.77	-3015.92	15292.96	42.20	-100.33	-74.99
94	511	290	140	94	218	178	-10.95	1.93	-106.25	-645.99	-3023.72	15294.12	53.34	-92.31	-69.64
94	510	290	140	95	217	178	-10.93	1.88	-106.16	-639.29	-3022.54	15303.21	63.02	-95.45	-68.26
94	511	290	140	95	217	178	-10.85	1.75	-105.81	-617.32	-3020.21	15300.65	85.77	-103.82	-72.30
94	510	291	140	94	218	178	-10.65	1.74	-105.71	-602.46	-2992.60	15295.82	110.63	-99.48	-67.08
94	510	290	139	94	218	179	-10.64	1.75	-105.72	-600.73	-2983.17	15290.83	104.85	-100.36	-55.33
94	511	291	140	95	217	178	-10.78	1.70	-105.54	-592.90	-2993.81	15272.08	90.21	-108.44	-55.31
94	510	290	141	95	217	177	-10.78	1.64	-105.41	-584.85	-2995.32	15260.28	93.35	-112.02	-59.09
94	510	291	140	95	217	178	-10.71	1.59	-105.34	-574.21	-2974.95	15252.07	87.38	-116.97	-60.19
93	511	291	140	96	217	178	-10.71	1.56	-105.07	-557.90	-2973.21	15246.66	91.91	-110.72	-56.78
94	510	291	140	95	219	178	-10.67	1.54	-104.90	-545.60	-2967.35	15239.53	94.77	-97.83	-54.74
94	510	286	140	95	217	178	-10.60	1.53	-104.82	-537.32	-2955.38	15246.35	99.48	-94.49	-51.05
94	510	289	139	95	217	178	-10.63	1.48	-104.58	-520.86	-2948.01	15238.44	80.80	-95.27	-48.15
94	510	291	140	95	218	178	-10.58	1.44	-104.32	-502.81	-2938.81	15227.91	86.46	-88.55	-45.09